0	-0.000000000903523	-40	0.000000000278509	0.000000001	1000000000
-0.1	-0.000000000819516	-40	0.000000000222969	0.000000001	1000000000
-0.2	-0.000000000728285	-40	0.000000000178432	0.000000001	1000000000
-0.3	-0.000000000680637	-40	0.000000000239706	0.000000001	1000000000
-0.4	-0.000000000650144	-40	0.000000000126815	0.000000001	1000000000
-0.5	-0.000000000626802	-40	0.000000000212359	0.000000001	1000000000
-0.6	-0.000000000618303	-40	0.000000000205374	0.000000001	1000000000
-0.7	-0.000000000591946	-40	6.44565E-11	0.000000001	1000000000
-0.8	-0.000000000581276	-40	0.000000000165641	0.000000001	1000000000
-0.9	-0.000000000576329	-40	0.000000000113463	0.000000001	1000000000
-1	-0.000000000569296	-40	9.99212E-11	0.000000001	1000000000
-1.1	-0.00000000055846	-40	0.000000000159633	0.000000001	1000000000
-1.2	-0.000000000553191	-40	0.000000000167787	0.000000001	1000000000
-1.3	-0.000000000545073	-40	9.03726E-11	0.000000001	1000000000
-1.4	-0.000000000546622	-40	0.000000000117457	0.000000001	1000000000
-1.5	-0.000000000542545	-40	8.06332E-11	0.000000001	1000000000
-1.6	-0.000000000537765	-40	8.88467E-11	0.000000001	1000000000
-1.7	-0.000000000533795	-40	0.000000000099802	0.000000001	1000000000
-1.8	-0.000000000530267	-40	8.16464E-11	0.000000001	1000000000
-1.9	-0.000000000531864	-40	2.09451E-11	0.000000001	1000000000
-2	-0.000000000523174	-40	9.02653E-11	0.000000001	1000000000
-2.1	-0.000000000525081	-40	-1.61529E-11	0.000000001	1000000000
-2.2	-0.000000000526416	-40	-1.67489E-11	0.000000001	1000000000
-2.3	-0.000000000519872	-40	-1.03235E-11	0.000000001	1000000000
-2.4	-0.000000000522351	-40	-6.52075E-11	0.000000001	1000000000
-2.5	-0.000000000513411	-40	-0.000000000130963	0.000000001	1000000000
-2.6	-0.000000000528073	-40	-0.000000000162649	0.000000001	1000000000
-2.7	-0.000000000545835	-40	-0.000000000150502	0.000000001	1000000000
-2.8	-0.000000000596476	-40	-0.00000000012964	0.000000001	1000000000
-2.9	-0.000000000650322	-40	-0.000000000189948	0.000000001	1000000000
-3	-0.00000000068754	-40	-0.000000000318837	0.000000001	1000000000
-3.1	-0.000000000738108	-40	-0.000000000349617	0.000000001	1000000000
-3.2	-0.000000000837445	-40	-0.000000000253212	0.000000001	1000000000
-3.3	-0.000000000965715	-40	-0.000000000221527	0.000000001	1000000000
-3.4	-0.00000000108882	-40	-0.000000000205147	0.000000001	1000000000
-3.5	-0.00000000121944	-40	-0.000000000114346	0.000000001	1000000000
-3.6	-0.00000000135938	-40	-0.000000000175309	0.000000001	1000000000
-3.7	-0.00000000151373	-40	-0.000000000230181	0.000000001	1000000000
-3.8	-0.0000000016773	-40	-0.000000000154757	0.000000001	1000000000
-3.9	-0.00000000185263	-40	-0.000000000238645	0.000000001	1000000000
-4	-0.00000000204537	-40	-0.000000000163794	0.000000001	1000000000
-4.1	-0.00000000225055	-40	-0.00000000011698	0.000000001	1000000000
-4.2	-0.00000000247066	-40	-0.00000000023675	0.000000001	1000000000
-4.3	-0.00000000270727	-40	-0.000000000230551	0.000000001	1000000000
-4.4	-0.00000000295163	-40	-0.000000000150657	0.000000001	1000000000
-4.5	-0.00000000322679	-40	-0.000000000177372	0.000000001	1000000000
-4.6	-0.00000000352168	-40	-0.000000000190067	0.000000001	1000000000
-4.7	-0.00000000380462	-40	-0.00000000016489	0.000000001	1000000000
-4.8	-0.00000000412455	-40	-0.000000000121987	0.000000001	1000000000
-4.9	-0.00000000446002	-40	-8.39472E-11	0.000000001	1000000000
-5	-0.0000000047946	-40	-0.000000000147176	0.000000001	1000000000
-5.1	-0.00000000518364	-40	-0.000000000130475	0.000000001	1000000000
-5.2	-0.00000000555371	-40	-5.87583E-11	0.000000001	1000000000
-5.3	-0.00000000597215	-40	-0.000000000128388	0.000000001	1000000000
-5.4	-0.00000000638435	-40	-0.000000000242043	0.000000001	1000000000
-5.5	-0.00000000680357	-40	-6.26564E-11	0.000000001	1000000000
-5.6	-0.00000000725884	-40	-0.000000000224924	0.000000001	1000000000
-5.7	-0.00000000772507	-40	-0.000000000264645	0.000000001	1000000000
-5.8	-0.00000000820905	-40	-4.96626E-11	0.000000001	1000000000
-5.9	-0.00000000870804	-40	-4.99964E-11	0.000000001	1000000000
-6	-0.00000000921726	-40	-3.78847E-11	0.000000001	1000000000
-6.1	-0.00000000973427	-40	-0.000000000162327	0.000000001	1000000000
-6.2	-0.0000000102989	-40	-5.62787E-11	0.000000001	1000000000
-6.3	-0.0000000108712	-40	-0.000000000121462	0.000000001	1000000000
-6.4	-0.0000000114275	-40	-6.27756E-11	0.000000001	1000000000
-6.5	-0.0000000120031	-40	-9.94086E-11	0.000000001	1000000000
-6.6	-0.0000000125972	-40	-0.000000000136936	0.000000001	1000000000
-6.7	-0.0000000132303	-40	-6.92129E-11	0.000000001	1000000000
-6.8	-0.0000000138812	-40	-0.000000000149775	0.000000001	1000000000
-6.9	-0.0000000145283	-40	-0.00000000015074	0.000000001	1000000000
-7	-0.0000000151973	-40	-8.55207E-11	0.000000001	1000000000
-7.1	-0.0000000158802	-40	-0.000000000141585	0.000000001	1000000000
-7.2	-0.0000000165795	-40	-0.000000000121164	0.000000001	1000000000
-7.3	-0.0000000172915	-40	-0.000000000198901	0.000000001	1000000000
-7.4	-0.0000000180226	-40	-0.000000000141942	0.000000001	1000000000
-7.5	-0.0000000187618	-40	-0.000000000275624	0.000000001	1000000000
-7.6	-0.000000019534	-40	-8.96215E-11	0.000000001	1000000000
-7.7	-0.0000000203009	-40	-0.000000000133276	0.000000001	1000000000
-7.8	-0.0000000211005	-40	-0.000000000288856	0.000000001	1000000000
-7.9	-0.000000021907	-40	-0.000000000245678	0.000000001	1000000000
-8	-0.0000000227182	-40	-0.000000000084281	0.000000001	1000000000
-8.1	-0.0000000235759	-40	-0.000000000276482	0.000000001	1000000000
-8.2	-0.0000000244279	-40	-0.000000000316906	0.000000001	1000000000
-8.3	-0.0000000252984	-40	-0.000000000231838	0.000000001	1000000000
-8.4	-0.0000000261827	-40	-0.000000000100398	0.000000001	1000000000
-8.5	-0.0000000270962	-40	-0.000000000324225	0.000000001	1000000000
-8.6	-0.0000000280107	-40	-9.63449E-11	0.000000001	1000000000
-8.7	-0.0000000289457	-40	-0.000000000323749	0.000000001	1000000000
-8.8	-0.0000000298821	-40	-0.000000000349915	0.000000001	1000000000
-8.9	-0.0000000308324	-40	-0.000000000114381	0.000000001	1000000000
-9	-0.0000000318222	-40	-0.000000000148606	0.000000001	1000000000
-9.1	-0.0000000328266	-40	-0.000000000304604	0.000000001	1000000000
-9.2	-0.0000000338375	-40	-0.000000000126493	0.000000001	1000000000
-9.3	-0.0000000348051	-40	-0.000000000235677	0.000000001	1000000000
-9.4	-0.0000000358575	-40	-0.000000000350142	0.000000001	1000000000
-9.5	-0.0000000369208	-40	-0.000000000346351	0.000000001	1000000000
-9.6	-0.0000000379884	-40	-0.000000000328732	0.000000001	1000000000
-9.7	-0.000000039086	-40	-0.000000000333452	0.000000001	1000000000
-9.8	-0.0000000401648	-40	-0.000000000326538	0.00000000100412	995896904.75242
-9.9	-0.000000041234	-40	-0.000000000181746	0.00000000103085	970073240.52966
-10	-0.0000000423071	-40	-0.000000000249922	1.0576775E-09	945467782.003493
-10.1	-0.000000043383	-40	-0.000000000242114	0.000000001084575	922020146.140193
-10.2	-0.0000000445551	-40	-0.000000000361717	1.1138775E-09	897764790.113814
-10.3	-0.0000000457284	-40	-0.00000000027777	0.00000000114321	874729927.134997
-10.4	-0.0000000468356	-40	-0.000000000123107	0.00000000117089	854051191.828438
-10.5	-0.0000000480254	-40	-0.000000000368321	0.000000001200635	832892594.335498
-10.6	-0.0000000492329	-40	-0.000000000267839	1.2308225E-09	812464835.506338
-10.7	-0.0000000504063	-40	-0.000000000158465	1.2601575E-09	793551599.700831
-10.8	-0.0000000515984	-40	-0.000000000336981	0.00000000128996	775217836.211976
-10.9	-0.0000000528103	-40	-0.000000000306916	1.3202575E-09	757428001.73451
-11	-0.0000000540756	-40	-0.00000000025506	0.00000000135189	739705153.525805
-11.1	-0.0000000553813	-40	-0.000000000442183	1.3845325E-09	722265457.835045
-11.2	-0.0000000565809	-40	-0.0000000002895	1.4145225E-09	706952346.10973
-11.3	-0.000000057837	-40	-0.000000000289547	0.000000001445925	691598803.53407
-11.4	-0.0000000590911	-40	-0.000000000410795	1.4772775E-09	676920889.947894
-11.5	-0.000000060454	-40	-0.000000000193381	0.00000000151135	661660105.203957
-11.6	-0.0000000616711	-40	-0.000000000419271	1.5417775E-09	648602019.422387
-11.7	-0.0000000630203	-40	-0.000000000283813	1.5755075E-09	634716115.283488
-11.8	-0.000000064384	-40	-0.000000000285947	0.0000000016096	621272365.805169
-11.9	-0.0000000657359	-40	-0.000000000311029	1.6433975E-09	608495510.063755
-12	-0.0000000670656	-40	-0.000000000231016	0.00000000167664	596430957.1524
-12.1	-0.0000000684392	-40	-0.000000000438595	0.00000000171098	584460367.742463
-12.2	-0.0000000698457	-40	-0.000000000451469	1.7461425E-09	572690945.899318
-12.3	-0.0000000712465	-40	-0.000000000221825	1.7811625E-09	561431087.842912
-12.4	-0.0000000726449	-40	-0.000000000483692	1.8161225E-09	550623650.111708
-12.5	-0.0000000740788	-40	-0.000000000372171	0.00000000185197	539965550.197897
-12.6	-0.0000000755141	-40	-0.000000000365388	1.8878525E-09	529702399.949149
-12.7	-0.000000077056	-40	-0.000000000515211	0.0000000019264	519102990.033223
-12.8	-0.0000000785814	-40	-0.000000000250661	0.000000001964535	509026309.024782
-12.9	-0.0000000801069	-40	-0.000000000520468	2.0026725E-09	499332766.590643
-13	-0.0000000815733	-40	-0.000000000301576	2.0393325E-09	490356525.97112
-13.1	-0.0000000830624	-40	-0.000000000357246	0.00000000207656	481565666.294256
-13.2	-0.0000000846261	-40	-0.000000000259018	2.1156525E-09	472667415.844521
-13.3	-0.0000000860566	-40	-0.000000000480235	0.000000002151415	464810368.989711
-13.4	-0.000000087643	-40	-0.000000000367439	0.000000002191075	456396974.088062
-13.5	-0.0000000892624	-40	-0.000000000547457	0.00000000223156	448117012.314255
-13.6	-0.0000000908146	-40	-0.000000000297999	0.000000002270365	440457811.849637
-13.7	-0.0000000924804	-40	-0.000000000305045	0.00000000231201	432524080.778197
-13.8	-0.0000000941271	-40	-0.000000000455904	2.3531775E-09	424957318.349338
-13.9	-0.0000000957529	-40	-0.000000000243866	2.3938225E-09	417741916.954996
-14	-0.0000000974503	-40	-0.000000000282741	2.4362575E-09	410465642.486478
-14.1	-0.0000000990739	-40	-0.000000000493705	2.4768475E-09	403739027.130253
-14.2	-0.0000000994897	-40	-0.000000000502479	2.4872425E-09	402051669.670328
-14.3	-0.000000102255	-40	-0.000000000517905	0.000000002556375	391178915.456457
-14.4	-0.000000104001	-40	-0.000000000392735	0.000000002600025	384611686.426092
-14.5	-0.000000105916	-40	-0.000000000376916	0.0000000026479	377657766.531969
-14.6	-0.000000107618	-40	-0.000000000774419	0.00000000269045	371685034.102102
-14.7	-0.000000109315	-40	-0.000000000575399	0.000000002732875	365915016.237479
-14.8	-0.000000111152	-40	-0.000000000272548	0.0000000027788	359867568.734706
-14.9	-0.00000011303	-40	-0.000000000282061	0.00000000282575	353888348.226135
-15	-0.000000114625	-40	-0.000000000515234	0.000000002865625	348964013.086151
-15.1	-0.000000116489	-40	-0.000000000308752	0.000000002912225	343380061.636721
-15.2	-0.000000118331	-40	-0.000000000592256	0.000000002958275	338034834.489694
-15.3	-0.000000120206	-40	-0.000000000496519	0.00000000300515	332762091.742509
-15.4	-0.000000122044	-40	-0.000000000407135	0.0000000030511	327750647.307528
-15.5	-0.000000124034	-40	-0.00000000054369	0.00000000310085	322492219.875196
-15.6	-0.000000125893	-40	-0.000000000362432	0.000000003147325	317730135.909066
-15.7	-0.000000127908	-40	-0.000000000261819	0.0000000031977	312724770.929105
-15.8	-0.000000129839	-40	-0.000000000582576	0.000000003245975	308073845.300719
-15.9	-0.000000131795	-40	-0.000000000252819	0.000000003294875	303501650.290223
-16	-0.000000133653	-40	-0.000000000307584	0.000000003341325	299282470.27751
-16.1	-0.000000135591	-40	-0.000000000563467	0.000000003389775	295004830.704103
-16.2	-0.000000137746	-40	-0.000000000588155	0.00000000344365	290389557.591509
-16.3	-0.000000139548	-40	-0.000000000543165	0.0000000034887	286639722.532749
-16.4	-0.000000141608	-40	-0.000000000332797	0.0000000035402	282469916.953844
-16.5	-0.000000143677	-40	-0.000000000679982	0.000000003591925	278402249.490176
-16.6	-0.000000145957	-40	-0.000000000581431	0.000000003648925	274053317.072837
-16.7	-0.000000148134	-40	-0.000000000555587	0.00000000370335	270025787.462703
-16.8	-0.000000150108	-40	-0.000000000613797	0.0000000037527	266474804.807205
-16.9	-0.000000152056	-40	-0.000000000281906	0.0000000038014	263060977.534593
-17	-0.000000154215	-40	-0.0000000004336	0.000000003855375	259378140.907175
-17.1	-0.000000156443	-40	-0.000000000377977	0.000000003911075	255684178.90222
-17.2	-0.000000158483	-40	-0.000000000581968	0.000000003962075	252393001.142078
-17.3	-0.000000160656	-40	-0.000000000405014	0.0000000040164	248979185.340106
-17.4	-0.000000162738	-40	-0.000000000431132	0.00000000406845	245793852.695744
-17.5	-0.000000165001	-40	-0.000000000450516	0.000000004125025	242422773.195314
-17.6	-0.000000167354	-40	-0.000000000601995	0.00000000418385	239014305.006155
-17.7	-0.000000169711	-40	-0.000000000453424	0.000000004242775	235694798.805027
-17.8	-0.000000171874	-40	-0.000000000455952	0.00000000429685	232728626.784738
-17.9	-0.000000174131	-40	-0.000000000546169	0.000000004353275	229712113.294014
-18	-0.000000176092	-40	-0.000000000649655	0.0000000044023	227153987.688254
-18.1	-0.000000176013	-40	-0.000000000617468	0.000000004400325	227255941.322516
-18.2	-0.00000017833	-40	-0.000000000607276	0.00000000445825	224303258.004823
-18.3	-0.000000180418	-40	-0.000000000684667	0.00000000451045	221707368.44439
-18.4	-0.000000182333	-40	-0.000000000712013	0.000000004558325	219378828.846122
-18.5	-0.000000184719	-40	-0.000000000598383	0.000000004617975	216545130.712055
-18.6	-0.000000187281	-40	-0.000000000873327	0.000000004682025	213582798.041446
-18.7	-0.000000189247	-40	-0.000000000660205	0.000000004731175	211363984.633838
-18.8	-0.000000191553	-40	-0.000000000451434	0.000000004788825	208819491.21131
-18.9	-0.000000194177	-40	-0.000000000588286	0.000000004854425	205997620.727481
-19	-0.000000196559	-40	-0.000000000609469	0.000000004913975	203501238.813791
-19.1	-0.000000198756	-40	-0.000000000547469	0.0000000049689	201251786.109602
-19.2	-0.000000201146	-40	-0.000000000466645	0.00000000502865	198860529.167868
-19.3	-0.000000203782	-40	-0.000000000484395	0.00000000509455	196288190.321029
-19.4	-0.000000205952	-40	-0.000000000489545	0.0000000051488	194220012.430081
-19.5	-0.000000208651	-40	-0.000000000688899	0.000000005216275	191707684.123249
-19.6	-0.000000211127	-40	-0.000000000628841	0.000000005278175	189459424.895916
-19.7	-0.000000213693	-40	-0.000000000625169	0.000000005342325	187184418.768982
-19.8	-0.000000216454	-40	-0.000000000821471	0.00000000541135	184796769.752465
-19.9	-0.000000218329	-40	-0.000000000590575	0.000000005458225	183209743.094138
-20	-0.000000220848	-40	-0.00000000067724	0.0000000055212	181120046.366732
-20.1	-0.000000223143	-40	-0.000000000527501	0.000000005578575	179257247.594592
-20.2	-0.000000226083	-40	-0.000000000801241	0.000000005652075	176926173.131107
-20.3	-0.000000228676	-40	-0.000000000468802	0.0000000057169	174919974.111844
-20.4	-0.000000231034	-40	-0.000000000595236	0.00000000577585	173134690.132188
-20.5	-0.000000233687	-40	-0.0000000006423	0.000000005842175	171169127.936085
-20.6	-0.000000236584	-40	-0.000000000686705	0.0000000059146	169073141.040814
-20.7	-0.000000239082	-40	-0.00000000041126	0.00000000597705	167306614.467003
-20.8	-0.000000242069	-40	-0.000000000762248	0.000000006051725	165242141.703399
-20.9	-0.000000244061	-40	-0.000000000833559	0.000000006101525	163893452.866292
-21	-0.000000245703	-40	-0.00000000115252	0.000000006142575	162798175.032458
-21.1	-0.000000248076	-40	-0.000000000702953	0.0000000062019	161240910.043696
-21.2	-0.000000250678	-40	-0.000000000445116	0.00000000626695	159567253.608214
-21.3	-0.000000253565	-40	-0.000000000917876	0.000000006339125	157750478.181137
-21.4	-0.000000256272	-40	-0.000000000323522	0.0000000064068	156084160.579384
-21.5	-0.000000259118	-40	-0.000000000801313	0.00000000647795	154369823.786846
-21.6	-0.000000261845	-40	-0.000000000821948	0.000000006546125	152762130.267907
-21.7	-0.000000265066	-40	-0.00000000066222	0.00000000662665	150905812.137354
-21.8	-0.000000268065	-40	-0.00000000083735	0.000000006701625	149217540.521888
-21.9	-0.000000270697	-40	-0.000000000509298	0.000000006767425	147766691.17131
-22	-0.000000274073	-40	-0.000000000670779	0.000000006851825	145946517.898516
-22.1	-0.000000276717	-40	-0.00000000077399	0.000000006917925	144552015.235782
-22.2	-0.000000279696	-40	-0.000000000640821	0.0000000069924	143012413.47749
-22.3	-0.000000282602	-40	-0.000000000884426	0.00000000706505	141541814.990694
-22.4	-0.000000285922	-40	-0.000000000834918	0.00000000714805	139898293.940305
-22.5	-0.00000028949	-40	-0.000000000876093	0.00000000723725	138174030.191026
-22.6	-0.000000292564	-40	-0.000000000665522	0.0000000073141	136722221.462654
-22.7	-0.000000295793	-40	-0.000000000754583	0.000000007394825	135229704.556903
-22.8	-0.000000298773	-40	-0.000000000899494	0.000000007469325	133880906.239854
-22.9	-0.000000301784	-40	-0.000000000691533	0.0000000075446	132545131.617316
-23	-0.000000305079	-40	-0.000000000574625	0.000000007626975	131113580.416876
-23.1	-0.000000308408	-40	-0.000000000577366	0.0000000077102	129698321.703717
-23.2	-0.000000311353	-40	-0.000000000760448	0.000000007783825	128471541.947564
-23.3	-0.000000314907	-40	-0.000000000833404	0.000000007872675	127021628.607811
-23.4	-0.000000317931	-40	-0.000000000786459	0.000000007948275	125813462.669573
-23.5	-0.000000320666	-40	-0.00000000064255	0.00000000801665	124740384.075643
-23.6	-0.000000324285	-40	-0.000000000913894	0.000000008107125	123348289.313413
-23.7	-0.000000327389	-40	-0.000000000944734	0.000000008184725	122178814.804407
-23.8	-0.000000330881	-40	-0.000000000514948	0.000000008272025	120889383.192145
-23.9	-0.000000333893	-40	-0.000000000650263	0.000000008347325	119798857.717892
-24	-0.000000337456	-40	-0.000000000604153	0.0000000084364	118533971.836328
-24.1	-0.00000034111	-40	-0.000000000800371	0.00000000852775	117264225.61637
-24.2	-0.000000344453	-40	-0.000000000837147	0.000000008611325	116126147.834392
-24.3	-0.000000348183	-40	-0.000000000862241	0.000000008704575	114882116.588116
-24.4	-0.000000351491	-40	-0.000000000700474	0.000000008787275	113800922.356476
-24.5	-0.00000035514	-40	-0.000000000565708	0.0000000088785	112631638.227178
-24.6	-0.000000359405	-40	-0.000000000664961	0.000000008985125	111295057.108276
-24.7	-0.000000363431	-40	-0.000000000775731	0.000000009085775	110062157.603507
-24.8	-0.000000366839	-40	-0.00000000105019	0.000000009170975	109039660.450497
-24.9	-0.000000370686	-40	-0.00000000075084	0.00000000926715	107908040.767658
-25	-0.000000374048	-40	-0.000000000942612	0.0000000093512	106938146.975789
-25.1	-0.000000378498	-40	-0.000000000629461	0.00000000946245	105680875.460372
-25.2	-0.000000382747	-40	-0.00000000104702	0.000000009568675	104507677.395251
-25.3	-0.000000386257	-40	-0.000000000776684	0.000000009656425	103557993.770987
-25.4	-0.000000390482	-40	-0.000000000682104	0.00000000976205	102437500.320117
-25.5	-0.000000393482	-40	-0.000000000870705	0.00000000983705	101656492.546038
-25.6	-0.000000396845	-40	-0.000000000813282	0.000000009921125	100795020.725976
-25.7	-0.000000401023	-40	-0.00000000076946	0.000000010025575	99744902.4120811
-25.8	-0.000000405136	-40	-0.000000000606596	0.0000000101284	98732277.5561787
-25.9	-0.000000408774	-40	-0.000000000917053	0.00000001021935	97853581.6857237
-26	-0.000000412197	-40	-0.000000000738919	0.000000010304925	97040977.9789761
-26.1	-0.000000416236	-40	-0.000000000754774	0.0000000104059	96099328.2656954
-26.2	-0.000000419934	-40	-0.000000000895095	0.00000001049835	95253063.5766573
-26.3	-0.000000424787	-40	-0.00000000133189	0.000000010619675	94164840.2611191
-26.4	-0.000000428046	-40	-0.0000000010082	0.00000001070115	93447900.4592964
-26.5	-0.000000431676	-40	-0.000000000836658	0.0000000107919	92662089.1594622
-26.6	-0.000000435666	-40	-0.000000000746429	0.00000001089165	91813453.4253304
-26.7	-0.000000438873	-40	-0.000000000730062	0.000000010971825	91142540.0970212
-26.8	-0.000000442883	-40	-0.000000000638866	0.000000011072075	90317307.2798008
-26.9	-0.000000446758	-40	-0.00000000104223	0.00000001116895	89533931.1215468
-27	-0.000000451266	-40	-5.11408E-11	0.00000001128165	88639516.3827986
-27.1	-0.000000455647	-40	-0.00000000108958	0.000000011391175	87787256.3629301
-27.2	-0.000000460383	-40	-0.000000000851858	0.000000011509575	86884181.2143368
-27.3	-0.000000464538	-40	-0.00000000134465	0.00000001161345	86107056.9038486
-27.4	-0.000000468718	-40	-0.000000000439715	0.00000001171795	85339159.1532649
-27.5	-0.000000473155	-40	-0.0000000011849	0.000000011828875	84538893.1745411
-27.6	-0.000000477021	-40	-0.00000000130608	0.000000011925525	83853750.6734504
-27.7	-0.000000481667	-40	-0.00000000072546	0.000000012041675	83044925.2284254
-27.8	-0.00000048514	-40	-0.000000000555992	0.0000000121285	82450426.6809581
-27.9	-0.000000490248	-40	-0.000000000923383	0.0000000122562	81591357.8433772
-28	-0.000000494304	-40	-0.000000000879037	0.0000000123576	80921861.8501974
-28.1	-0.000000498729	-40	-0.00000000122526	0.000000012468225	80203878.2585332
-28.2	-0.000000502557	-40	-0.000000000810123	0.000000012563925	79592961.5944062
-28.3	-0.000000506464	-40	-0.000000000786197	0.0000000126616	78978960.0050547
-28.4	-0.000000511169	-40	-0.00000000116761	0.000000012779225	78252006.6748962
-28.5	-0.000000515168	-40	-0.00000000111209	0.0000000128792	77644574.1971551
-28.6	-0.000000521323	-40	-0.00000000104218	0.000000013033075	76727863.5318219
-28.7	-0.000000525576	-40	-0.000000000768352	0.0000000131394	76106975.965417
-28.8	-0.000000531446	-40	-0.000000000848103	0.00000001328615	75266348.7917869
-28.9	-0.000000535908	-40	-0.000000000944805	0.0000000133977	74639676.9594781
-29	-0.000000539685	-40	-0.000000000551295	0.000000013492125	74117309.1710905
-29.1	-0.000000544162	-40	-0.00000000118318	0.00000001360405	73507521.6571536
-29.2	-0.000000548343	-40	-0.000000000915647	0.000000013708575	72947042.2709873
-29.3	-0.000000552779	-40	-0.000000000714564	0.000000013819475	72361649.0496202
-29.4	-0.000000557709	-40	-0.000000000439	0.000000013942725	71721991.2176422
-29.5	-0.000000561142	-40	-0.000000000655854	0.00000001402855	71283204.6077463
-29.6	-0.000000567082	-40	-0.00000000117857	0.00000001417705	70536536.1623187
-29.7	-0.000000572189	-40	-0.000000000962818	0.000000014304725	69906971.2979453
-29.8	-0.000000576993	-40	-0.0000000010599	0.000000014424825	69324931.1516778
-29.9	-0.000000580966	-40	-0.000000000675941	0.00000001452415	68850844.9719949
-30	-0.00000058592	-40	-0.00000000150124	0.000000014648	68268705.6253413
-30.1	-0.000000589957	-40	-0.00000000065496	0.000000014748925	67801551.6385092
-30.2	-0.000000595303	-40	-0.000000000901699	0.000000014882575	67192673.3109022
-30.3	-0.000000600409	-40	-0.0000000014506	0.000000015010225	66621253.1790829
-30.4	-0.000000605668	-40	-0.000000000719213	0.0000000151417	66042782.5145129
-30.5	-0.000000610947	-40	-0.00000000116612	0.000000015273675	65472127.6968379
-30.6	-0.000000615543	-40	-0.000000000915504	0.000000015388575	64983274.929615
-30.7	-0.000000620733	-40	-0.0000000013248	0.000000015518325	64439944.388328
-30.8	-0.000000626296	-40	-0.00000000141294	0.0000000156574	63867564.2188358
-30.9	-0.000000629519	-40	-0.00000000121006	0.000000015737975	63540576.2177154
-31	-0.000000635765	-40	-0.00000000127445	0.000000015894125	62916329.1467759
-31.1	-0.000000640707	-40	-0.00000000133315	0.000000016017675	62431033.217992
-31.2	-0.000000646902	-40	-0.00000000145074	0.00000001617255	61833167.9296091
-31.3	-0.000000650701	-40	-0.000000000864291	0.000000016267525	61472166.1715596
-31.4	-0.000000657099	-40	-0.00000000135117	0.000000016427475	60873627.8703818
-31.5	-0.000000661868	-40	-0.0000000015116	0.0000000165467	60435011.2106946
-31.6	-0.000000667311	-40	-0.000000000995743	0.000000016682775	59942065.9932176
-31.7	-0.000000673667	-40	-0.000000000791419	0.000000016841675	59376516.8844548
-31.8	-0.000000678006	-40	-0.00000000122899	0.00000001695015	58996528.054324
-31.9	-0.000000683227	-40	-0.0000000013072	0.000000017080675	58545695.6472739
-32	-0.000000686703	-40	-0.00000000131867	0.000000017167575	58249345.0589265
-32.1	-0.000000693214	-40	-0.00000000129694	0.00000001733035	57702239.1353897
-32.2	-0.000000698552	-40	-0.00000000091126	0.0000000174638	57261306.2449181
-32.3	-0.000000703894	-40	-0.000000000544858	0.00000001759735	56826738.1168187
-32.4	-0.000000706863	-40	-0.000000000890279	0.000000017671575	56588051.7158205
-32.5	-0.000000713533	-40	-0.00000000153111	0.000000017838325	56059075.0532912
-32.6	-0.000000719216	-40	-0.000000000834847	0.0000000179804	55616115.3255767
-32.7	-0.000000725512	-40	-0.0000000010403	0.0000000181378	55133478.1506026
-32.8	-0.000000730274	-40	-0.00000000108678	0.00000001825685	54773961.5541564
-32.9	-0.000000736435	-40	-0.00000000152559	0.000000018410875	54315723.7230713
-33	-0.000000743738	-40	-0.00000000145822	0.00000001859345	53782380.3543721
-33.1	-0.000000748165	-40	-0.00000000103601	0.000000018704125	53464142.2680826
-33.2	-0.000000754432	-40	-0.000000000179291	0.0000000188608	53020020.3596878
-33.3	-0.000000759855	-40	-0.00000000185386	0.000000018996375	52641622.4148028
-33.4	-0.000000767328	-40	-0.00000000119606	0.0000000191832	52128946.1612244
-33.5	-0.00000077292	-40	-0.00000000169666	0.000000019323	51751798.3749935
-33.6	-0.000000776609	-40	-0.000000000683212	0.000000019415225	51505970.1857692
-33.7	-0.000000784995	-40	-0.00000000117706	0.000000019624875	50955738.5715833
-33.8	-0.000000790474	-40	-0.00000000142723	0.00000001976185	50602549.8624876
-33.9	-0.000000797614	-40	-0.00000000188395	0.00000001994035	50149571.0957932
-34	-0.000000803244	-40	-0.000000000423479	0.0000000200811	49798068.8308907
-34.1	-0.000000809172	-40	-0.00000000146351	0.0000000202293	49433247.8138146
-34.2	-0.000000816218	-40	-0.00000000117503	0.00000002040545	49006515.4162246
-34.3	-0.000000820503	-40	-0.00000000166835	0.000000020512575	48750583.4835461
-34.4	-0.000000826816	-40	-0.00000000105941	0.0000000206704	48378357.4580076
-34.5	-0.000000833651	-40	-0.000000000850713	0.000000020841275	47981709.3723872
-34.6	-0.000000842429	-40	-0.000000000900102	0.000000021060725	47481746.2361813
-34.7	-0.00000084885	-40	-0.00000000118968	0.00000002122125	47122577.604995
-34.8	-0.000000854246	-40	-0.00000000108939	0.00000002135615	46824919.2855454
-34.9	-0.000000861478	-40	-0.00000000176846	0.00000002153695	46431829.948066
-35	-0.000000866166	-40	-0.0000000021992	0.00000002165415	46180524.2874922
-35.1	-0.000000872366	-40	-0.00000000119916	0.00000002180915	45852314.2809325
-35.2	-0.000000879748	-40	-0.00000000108473	0.0000000219937	45467565.7119993
-35.3	-0.000000886562	-40	-0.00000000109707	0.00000002216405	45118107.927026
-35.4	-0.000000892933	-40	-0.00000000111122	0.000000022323325	44796194.115348
-35.5	-0.000000897573	-40	-0.000000000925183	0.000000022439325	44564620.3707108
-35.6	-0.00000090321	-40	-0.00000000114207	0.00000002258025	44286489.299277
-35.7	-0.000000911468	-40	-0.00000000128757	0.0000000227867	43885248.8513036
-35.8	-0.000000916157	-40	-0.00000000142505	0.000000022903925	43660638.9516207
-35.9	-0.000000924903	-40	-0.00000000197225	0.000000023122575	43247778.4156825
-36	-0.000000929553	-40	-0.00000000136857	0.000000023238825	43031435.5394475
-36.1	-0.00000093597	-40	-0.00000000163277	0.00000002339925	42736412.4918534
-36.2	-0.000000943434	-40	-0.0000000011395	0.00000002358585	42398302.371973
-36.3	-0.000000951591	-40	-0.00000000122881	0.000000023789775	42034865.8194539
-36.4	-0.000000954807	-40	-0.00000000115114	0.000000023870175	41893283.1451801
-36.5	-0.00000096282	-40	-0.00000000083015	0.0000000240705	41544629.3180449
-36.6	-0.000000970897	-40	-0.00000000155724	0.000000024272425	41199014.931553
-36.7	-0.000000976725	-40	-0.00000000134124	0.000000024418125	40953185.3899511
-36.8	-0.000000984593	-40	-0.00000000162121	0.000000024614825	40625923.604982
-36.9	-0.000000991096	-40	-0.00000000120884	0.0000000247774	40359359.7391171
-37	-0.000000999668	-40	-0.00000000119383	0.0000000249917	40013284.4104243
-37.1	-0.0000010036	-40	-0.000000000810981	0.00000002509	39856516.5404544
-37.2	-0.00000101018	-40	-0.00000000171686	0.0000000252545	39596903.5221446
-37.3	-0.00000101678	-40	-0.000000000345695	0.0000000254195	39339876.8661854
-37.4	-0.00000102359	-40	-0.00000000158921	0.00000002558975	39078146.5235104
-37.5	-0.00000103127	-40	-0.00000000206357	0.00000002578175	38787126.5526972
-37.6	-0.0000010394	-40	-0.00000000150647	0.000000025985	38483740.6195882
-37.7	-0.00000104773	-40	-0.00000000210148	0.00000002619325	38177774.8083953
-37.8	-0.00000105455	-40	-0.00000000124968	0.00000002636375	37930870.9876251
-37.9	-0.00000105967	-40	-0.00000000132322	0.00000002649175	37747600.6681325
-38	-0.00000106687	-40	-0.00000000114092	0.00000002667175	37492852.9249112
-38.1	-0.00000107414	-40	-0.000000000975645	0.0000000268535	37239093.6004618
-38.2	-0.00000107916	-40	-0.00000000121008	0.000000026979	37065866.0439601
-38.3	-0.00000108558	-40	-0.000000000888908	0.0000000271395	36846662.6135338
-38.4	-0.00000109324	-40	-0.0000000018369	0.000000027331	36588489.2612784
-38.5	-0.00000110063	-40	-0.00000000170372	0.00000002751575	36342821.8384016
-38.6	-0.00000110782	-40	-0.000000000695169	0.0000000276955	36106948.7822932
-38.7	-0.00000111524	-40	-0.0000000014887	0.000000027881	35866719.2711883
-38.8	-0.00000112334	-40	-0.000000000706029	0.0000000280835	35608097.2813218
-38.9	-0.00000113023	-40	-0.0000000012426	0.00000002825575	35391026.6052043
-39	-0.00000113774	-40	-0.00000000102115	0.0000000284435	35157417.3361225
-39.1	-0.00000114601	-40	-0.00000000120237	0.00000002865025	34903709.3917156
-39.2	-0.0000011539	-40	-0.00000000138353	0.0000000288475	34665048.9643817
-39.3	-0.0000011597	-40	-0.00000000139768	0.0000000289925	34491678.8824696
-39.4	-0.00000116792	-40	-0.00000000223084	0.000000029198	34248921.1589835
-39.5	-0.00000117509	-40	-0.00000000135368	0.00000002937725	34039945.8764861
-39.6	-0.00000118034	-40	-0.0000000012864	0.0000000295085	33888540.5899995
-39.7	-0.00000118709	-40	-0.00000000136788	0.00000002967725	33695844.459982
-39.8	-0.0000011931	-40	-0.00000000176674	0.0000000298275	33526108.4569609
-39.9	-0.00000119244	-40	-0.00000000173936	0.000000029811	33544664.7210761
-40	-0.00000120051	-40	-0.00000000198326	0.00000003001275	33319172.6849422
