0	-0.000000000152099	-6	0.000000000118053	0.000000001	1000000000
-0.1	-0.00000000012418	-6	0.000000000106478	0.000000001	1000000000
-0.2	-0.000000000107956	-6	8.35299E-11	0.000000001	1000000000
-0.3	-0.000000000101364	-6	7.14064E-11	0.000000001	1000000000
-0.4	-9.58204E-11	-6	6.38366E-11	0.000000001	1000000000
-0.5	-9.13978E-11	-6	5.10573E-11	0.000000001	1000000000
-0.6	-8.85487E-11	-6	4.55618E-11	0.000000001	1000000000
-0.7	-8.65579E-11	-6	4.32968E-11	0.000000001	1000000000
-0.8	-8.44479E-11	-6	3.43204E-11	0.000000001	1000000000
-0.9	-8.18968E-11	-6	0.000000000026083	0.000000001	1000000000
-1	-8.04544E-11	-6	2.37703E-11	0.000000001	1000000000
-1.1	-0.000000000079906	-6	1.38283E-11	0.000000001	1000000000
-1.2	-7.83682E-11	-6	1.50323E-11	0.000000001	1000000000
-1.3	-7.76768E-11	-6	5.73397E-12	0.000000001	1000000000
-1.4	-7.71165E-11	-6	-4.93288E-11	0.000000001	1000000000
-1.5	-7.62939E-11	-6	-5.46813E-11	0.000000001	1000000000
-1.6	-7.63774E-11	-6	-6.26802E-11	0.000000001	1000000000
-1.7	-7.61032E-11	-6	-6.95944E-11	0.000000001	1000000000
-1.8	-0.000000000077045	-6	-7.79271E-11	0.000000001	1000000000
-1.9	-7.78675E-11	-6	-9.24706E-11	0.000000001	1000000000
-2	-7.77721E-11	-6	-0.000000000109398	0.000000001	1000000000
-2.1	-7.92146E-11	-6	-0.000000000130248	0.000000001	1000000000
-2.2	-8.33154E-11	-6	-0.000000000158262	0.000000001	1000000000
-2.3	-9.40084E-11	-6	-0.000000000181472	0.000000001	1000000000
-2.4	-0.000000000120091	-6	-0.000000000204241	0.000000001	1000000000
-2.5	-0.000000000166166	-6	-0.000000000214195	0.000000001	1000000000
-2.6	-0.000000000223041	-6	-0.000000000220752	0.000000001	1000000000
-2.7	-0.00000000026722	-6	-0.000000000257981	0.000000001	1000000000
-2.8	-0.000000000308859	-6	-0.000000000289965	0.000000001	1000000000
-2.9	-0.000000000374091	-6	-0.000000000316632	0.000000001	1000000000
-3	-0.000000000456119	-6	-0.000000000307024	0.000000001	1000000000
-3.1	-0.000000000553143	-6	-0.000000000292802	0.000000001	1000000000
-3.2	-0.000000000657833	-6	-0.000000000288546	0.000000001	1000000000
-3.3	-0.000000000770879	-6	-0.000000000281703	0.000000001	1000000000
-3.4	-0.000000000892806	-6	-0.000000000259936	0.000000001	1000000000
-3.5	-0.00000000102589	-6	-0.000000000253046	0.000000001	1000000000
-3.6	-0.00000000117205	-6	-0.000000000251579	0.000000001	1000000000
-3.7	-0.0000000013278	-6	-0.000000000244236	0.000000001	1000000000
-3.8	-0.00000000149852	-6	-0.00000000023334	0.000000001	1000000000
-3.9	-0.00000000168366	-6	-0.000000000233746	0.000000001	1000000000
-4	-0.00000000188173	-6	-0.000000000227416	0.000000001	1000000000
-4.1	-0.00000000209388	-6	-0.00000000022831	0.000000001	1000000000
-4.2	-0.00000000232081	-6	-0.000000000222778	0.000000001	1000000000
-4.3	-0.00000000255995	-6	-0.000000000214887	0.000000001	1000000000
-4.4	-0.00000000281446	-6	-0.000000000211215	0.000000001	1000000000
-4.5	-0.00000000308251	-6	-0.00000000020082	0.000000001	1000000000
-4.6	-0.00000000336245	-6	-0.000000000188768	0.000000001	1000000000
-4.7	-0.00000000365642	-6	-0.000000000187588	0.000000001	1000000000
-4.8	-0.00000000396672	-6	-0.000000000186944	0.000000001	1000000000
-4.9	-0.00000000427952	-6	-0.00000000017724	0.000000001	1000000000
-5	-0.00000000460678	-6	-0.000000000174308	0.000000001	1000000000
-5.1	-0.00000000494992	-6	-0.000000000177431	0.000000001	1000000000
-5.2	-0.00000000529941	-6	-0.000000000176716	0.000000001	1000000000
-5.3	-0.00000000565482	-6	-0.000000000177228	0.000000001	1000000000
-5.4	-0.00000000602696	-6	-0.000000000177836	1.00449333333333E-09	995526766.396326
-5.5	-0.00000000639641	-6	-0.000000000168991	1.06606833333333E-09	938026174.05701
-5.6	-0.00000000678018	-6	-0.000000000172746	0.00000000113003	884932258.435617
-5.7	-0.00000000717443	-6	-0.000000000194478	1.19573833333333E-09	836303371.835811
-5.8	-0.00000000756584	-6	-0.000000000174081	1.26097333333333E-09	793038182.14501
-5.9	-0.00000000796784	-6	-0.000000000181079	1.32797333333333E-09	753027169.220266
-6	-0.00000000837469	-6	-0.000000000190794	1.39578166666667E-09	716444429.584856
-6.1	-0.00000000879648	-6	-0.000000000187564	0.00000000146608	682091018.225472
-6.2	-0.00000000921514	-6	-0.000000000197744	1.53585666666667E-09	651102424.922464
-6.3	-0.0000000096393	-6	-0.000000000207186	0.00000000160655	622451837.789051
-6.4	-0.0000000100675	-6	-0.000000000217724	1.67791666666667E-09	595977154.209089
-6.5	-0.0000000105059	-6	-0.000000000220239	1.75098333333333E-09	571107663.312996
-6.6	-0.00000001095	-6	-0.000000000231874	0.000000001825	547945205.479452
-6.7	-0.0000000114141	-6	-0.000000000244236	0.00000000190235	525665624.096512
-6.8	-0.0000000118673	-6	-0.0000000002581	1.97788333333333E-09	505590993.739098
-6.9	-0.0000000123339	-6	-0.000000000262213	0.00000000205565	486464135.431615
-7	-0.0000000127892	-6	-0.000000000265491	2.13153333333333E-09	469145841.804022
-7.1	-0.0000000132614	-6	-0.000000000270319	2.21023333333333E-09	452440918.756692
-7.2	-0.0000000137379	-6	-0.000000000276399	0.00000000228965	436747974.581268
-7.3	-0.0000000141917	-6	-0.000000000298524	2.36528333333333E-09	422782330.517133
-7.4	-0.0000000146416	-6	-0.00000000029186	2.44026666666667E-09	409791279.641569
-7.5	-0.0000000151188	-6	-0.000000000295067	0.0000000025198	396856893.404238
-7.6	-0.0000000156122	-6	-0.00000000034585	2.60203333333333E-09	384314830.709317
-7.7	-0.0000000160613	-6	-0.000000000332987	2.67688333333333E-09	373568764.670357
-7.8	-0.0000000165392	-6	-0.000000000328755	2.75653333333333E-09	362774499.371191
-7.9	-0.0000000170021	-6	-0.000000000366688	2.83368333333333E-09	352897583.239717
-8	-0.0000000174776	-6	-0.000000000348127	2.91293333333333E-09	343296562.457088
-8.1	-0.0000000179407	-6	-0.000000000359762	2.99011666666667E-09	334435111.227544
-8.2	-0.000000018424	-6	-0.000000000374997	3.07066666666667E-09	325662179.765523
-8.3	-0.0000000188516	-6	-0.000000000396097	3.14193333333333E-09	318275371.851726
-8.4	-0.000000019297	-6	-0.000000000401807	3.21616666666667E-09	310929159.973053
-8.5	-0.0000000197704	-6	-0.000000000420821	3.29506666666667E-09	303483996.277263
-8.6	-0.0000000201546	-6	-0.000000000428021	0.0000000033591	297698788.365931
-8.7	-0.0000000206117	-6	-0.000000000438654	3.43528333333333E-09	291096804.242251
-8.8	-0.0000000210315	-6	-0.000000000404561	0.00000000350525	285286356.180016
-8.9	-0.0000000214904	-6	-0.000000000405037	3.58173333333333E-09	279194431.00175
-9	-0.0000000219384	-6	-0.000000000446117	0.0000000036564	273493053.276447
-9.1	-0.000000022322	-6	-0.000000000387371	3.72033333333333E-09	268793118.896156
-9.2	-0.0000000227798	-6	-0.000000000468016	3.79663333333333E-09	263391250.14267
-9.3	-0.0000000232661	-6	-0.000000000439644	3.87768333333333E-09	257885937.050043
-9.4	-0.0000000237172	-6	-0.000000000435841	3.95286666666667E-09	252980958.966488
-9.5	-0.0000000241372	-6	-0.000000000420761	4.02286666666667E-09	248578956.962697
-9.6	-0.0000000245639	-6	-0.000000000502908	4.09398333333333E-09	244260886.91128
-9.7	-0.0000000251112	-6	-0.000000000434649	0.0000000041852	238937207.301921
-9.8	-0.0000000255962	-6	-0.000000000437593	4.26603333333333E-09	234409795.203976
-9.9	-0.0000000260777	-6	-0.000000000426495	4.34628333333333E-09	230081640.635486
-10	-0.0000000265627	-6	-0.000000000440347	4.42711666666667E-09	225880652.192736
-10.1	-0.0000000270672	-6	-0.000000000445378	0.0000000045112	221670508.955489
-10.2	-0.0000000275749	-6	-0.000000000504279	4.59581666666667E-09	217589184.366942
-10.3	-0.0000000281858	-6	-0.000000000501037	4.69763333333333E-09	212873148.890576
-10.4	-0.000000028757	-6	-0.000000000507796	4.79283333333333E-09	208644851.688285
-10.5	-0.0000000292891	-6	-0.000000000520325	4.88151666666667E-09	204854365.617243
-10.6	-0.0000000298446	-6	-0.000000000462258	0.0000000049741	201041394.423112
-10.7	-0.0000000305423	-6	-0.000000000463521	5.09038333333333E-09	196448859.450664
-10.8	-0.0000000311236	-6	-0.000000000520873	5.18726666666667E-09	192779755.55527
-10.9	-0.0000000317698	-6	-0.000000000464642	5.29496666666667E-09	188858601.565008
-11	-0.000000032409	-6	-0.000000000449753	0.0000000054015	185133759.140979
-11.1	-0.0000000331378	-6	-0.00000000050323	5.52296666666667E-09	181062110.33925
-11.2	-0.0000000339503	-6	-0.000000000506198	5.65838333333333E-09	176728924.339402
-11.3	-0.0000000347432	-6	-0.000000000506878	5.79053333333333E-09	172695664.187524
-11.4	-0.0000000353829	-6	-0.000000000508618	0.00000000589715	169573438.016669
-11.5	-0.0000000361497	-6	-0.000000000503099	0.00000000602495	165976481.132623
-11.6	-0.000000036963	-6	-0.000000000457871	0.0000000061605	162324486.648811
-11.7	-0.0000000375973	-6	-0.000000000543249	6.26621666666667E-09	159585927.712894
-11.8	-0.0000000383613	-6	-0.000000000510359	0.00000000639355	156407629.56417
-11.9	-0.0000000391094	-6	-0.000000000487876	6.51823333333333E-09	153415802.850466
-12	-0.0000000399542	-6	-0.000000000489414	6.65903333333333E-09	150171946.879177
-12.1	-0.0000000407246	-6	-0.000000000495386	6.78743333333333E-09	147331097.174681
-12.2	-0.0000000414999	-6	-0.000000000450063	0.00000000691665	144578661.635329
-12.3	-0.0000000421945	-6	-0.000000000441635	7.03241666666667E-09	142198627.783242
-12.4	-0.0000000429188	-6	-0.000000000453651	7.15313333333333E-09	139798876.017037
-12.5	-0.0000000436009	-6	-0.000000000376415	7.26681666666667E-09	137611838.287742
-12.6	-0.0000000443567	-6	-0.000000000600839	7.39278333333333E-09	135267050.975388
-12.7	-0.0000000449302	-6	-0.00000000058465	7.48836666666667E-09	133540469.439264
-12.8	-0.0000000456836	-6	-0.000000000528049	7.61393333333333E-09	131338160.740397
-12.9	-0.0000000463836	-6	-0.00000000053916	0.0000000077306	129356065.505912
-13	-0.0000000470657	-6	-0.000000000479996	7.84428333333333E-09	127481371.784548
-13.1	-0.0000000476912	-6	-0.000000000545859	7.94853333333333E-09	125809373.637065
-13.2	-0.0000000485252	-6	-0.000000000409353	8.08753333333333E-09	123647094.705431
-13.3	-0.0000000491158	-6	-0.000000000355458	8.18596666666667E-09	122160282.434573
-13.4	-0.0000000498829	-6	-0.000000000389636	8.31381666666667E-09	120281699.740793
-13.5	-0.0000000506283	-6	-0.000000000333071	0.00000000843805	118510793.370506
-13.6	-0.0000000513224	-6	-0.000000000421619	8.55373333333333E-09	116908016.772403
-13.7	-0.0000000520142	-6	-0.000000000404465	8.66903333333333E-09	115353115.110874
-13.8	-0.0000000527628	-6	-0.000000000517619	0.0000000087938	113716482.066911
-13.9	-0.0000000533685	-6	-0.000000000635707	0.00000000889475	112425869.192501
-14	-0.0000000540566	-6	-0.000000000537872	9.00943333333333E-09	110994772.146232
-14.1	-0.0000000546589	-6	-0.000000000457823	9.10981666666667E-09	109771693.173481
-14.2	-0.0000000554406	-6	-0.000000000455785	0.0000000092401	108223936.970379
-14.3	-0.0000000560907	-6	-0.000000000433445	0.00000000934845	106969604.586857
-14.4	-0.0000000568808	-6	-0.000000000424004	9.48013333333333E-09	105483748.470486
-14.5	-0.0000000575538	-6	-0.000000000430298	0.0000000095923	104250284.082024
-14.6	-0.0000000581396	-6	-0.000000000341558	9.68993333333333E-09	103199884.416129
-14.7	-0.0000000590183	-6	-0.000000000451064	9.83638333333333E-09	101663382.374619
-14.8	-0.0000000597852	-6	-0.000000000436735	0.0000000099642	100359286.244756
-14.9	-0.000000060381	-6	-0.000000000414789	0.0000000100635	99369006.806777
-15	-0.0000000609499	-6	-0.000000000511479	1.01583166666667E-08	98441506.8769596
-15.1	-0.0000000615962	-6	-0.000000000403345	1.02660333333333E-08	97408606.3750686
-15.2	-0.0000000622028	-6	-0.000000000455856	1.03671333333333E-08	96458680.3166417
-15.3	-0.0000000628073	-6	-0.00000000049423	1.04678833333333E-08	95530296.6374928
-15.4	-0.0000000635131	-6	-0.000000000554419	1.05855166666667E-08	94468700.1579202
-15.5	-0.0000000641561	-6	-0.00000000055927	1.06926833333333E-08	93521894.2547942
-15.6	-0.0000000649508	-6	-0.000000000432456	1.08251333333333E-08	92377615.0563196
-15.7	-0.0000000656412	-6	-0.000000000392091	0.0000000109402	91406007.2027934
-15.8	-0.0000000664219	-6	-0.00000000046339	1.10703166666667E-08	90331652.6627513
-15.9	-0.0000000670655	-6	-0.00000000040791	1.11775833333333E-08	89464776.9717664
-16	-0.0000000677725	-6	-0.000000000459814	1.12954166666667E-08	88531484.0090007
-16.1	-0.0000000685029	-6	-0.000000000439763	0.00000001141715	87587532.7905826
-16.2	-0.0000000690815	-6	-0.000000000491846	1.15135833333333E-08	86853933.3975087
-16.3	-0.000000069831	-6	-0.000000000471473	0.0000000116385	85921725.3082442
-16.4	-0.0000000706264	-6	-0.000000000535572	1.17710666666667E-08	84954068.1671443
-16.5	-0.0000000711672	-6	-0.000000000386393	0.0000000118612	84308501.6693083
-16.6	-0.0000000718543	-6	-0.000000000492859	1.19757166666667E-08	83502309.5347112
-16.7	-0.0000000725916	-6	-0.000000000520599	0.0000000120986	82654191.3940456
-16.8	-0.0000000731526	-6	-0.00000000061512	0.0000000121921	82020324.6364449
-16.9	-0.0000000738896	-6	-0.000000000477648	1.23149333333333E-08	81202226.0236894
-17	-0.000000074459	-6	-0.000000000485528	1.24098333333333E-08	80581259.4850857
-17.1	-0.0000000753182	-6	-0.000000000418973	1.25530333333333E-08	79662020.6005985
-17.2	-0.0000000759099	-6	-0.00000000048399	0.00000001265165	79041073.6939451
-17.3	-0.0000000765384	-6	-0.000000000485754	0.0000000127564	78392022.827757
-17.4	-0.000000077315	-6	-0.000000000281084	1.28858333333333E-08	77604604.5398694
-17.5	-0.0000000778908	-6	-0.000000000463855	0.0000000129818	77030920.2113729
-17.6	-0.0000000787239	-6	-0.000000000497544	0.00000001312065	76215736.2630662
-17.7	-0.0000000792511	-6	-0.000000000478566	1.32085166666667E-08	75708728.3331083
-17.8	-0.0000000800887	-6	-0.000000000477183	1.33481166666667E-08	74916935.8473792
-17.9	-0.0000000807225	-6	-0.00000000047729	0.00000001345375	74328718.7587104
-18	-0.0000000813199	-6	-0.000000000496614	1.35533166666667E-08	73782678.0406764
-18.1	-0.0000000820734	-6	-0.000000000572968	0.0000000136789	73105293.5543063
-18.2	-0.0000000825252	-6	-0.000000000490367	0.0000000137542	72705064.6348025
-18.3	-0.0000000832199	-6	-0.00000000042311	1.38699833333333E-08	72098139.9881519
-18.4	-0.0000000840704	-6	-0.000000000568354	1.40117333333333E-08	71368757.6126675
-18.5	-0.0000000847471	-6	-0.000000000534475	1.41245166666667E-08	70798882.7936295
-18.6	-0.0000000855635	-6	-0.000000000418699	1.42605833333333E-08	70123358.675136
-18.7	-0.0000000863399	-6	-0.000000000607955	1.43899833333333E-08	69492783.7535137
-18.8	-0.0000000870074	-6	-0.000000000403297	1.45012333333333E-08	68959651.7077858
-18.9	-0.0000000878667	-6	-0.000000000577974	0.00000001464445	68285254.8234997
-19	-0.0000000886203	-6	-0.000000000640643	0.00000001477005	67704577.845031
-19.1	-0.0000000895159	-6	-0.00000000067991	1.49193166666667E-08	67027198.5200395
-19.2	-0.0000000903129	-6	-0.000000000592923	0.00000001505215	66435691.9111223
-19.3	-0.0000000912679	-6	-0.000000000593877	1.52113166666667E-08	65740528.7072454
-19.4	-0.0000000920532	-6	-0.000000000546694	0.0000000153422	65179700.4340968
-19.5	-0.0000000924599	-6	-0.000000000536633	1.54099833333333E-08	64892996.8559343
-19.6	-0.0000000931464	-6	-0.000000000734317	0.0000000155244	64414727.7833604
-19.7	-0.0000000940191	-6	-0.000000000590825	0.00000001566985	63816820.1992999
-19.8	-0.0000000947641	-6	-0.000000000529611	1.57940166666667E-08	63315116.1674094
-19.9	-0.0000000955631	-6	-0.000000000517786	1.59271833333333E-08	62785740.5211844
-20	-0.0000000966797	-6	-0.000000000673533	1.61132833333333E-08	62060598.0366095
-20.1	-0.0000000974855	-6	-0.000000000378215	1.62475833333333E-08	61547614.7734791
-20.2	-0.0000000982021	-6	-0.000000000666237	1.63670166666667E-08	61098489.7471643
-20.3	-0.0000000990829	-6	-0.00000000047406	1.65138166666667E-08	60555353.1436807
-20.4	-0.0000000992378	-6	-0.00000000069623	1.65396333333333E-08	60460832.4650486
-20.5	-0.000000100863	-6	-0.000000000535369	0.0000000168105	59486630.3798221
-20.6	-0.000000101597	-6	-0.000000000431204	1.69328333333333E-08	59056861.915214
-20.7	-0.00000010248	-6	-0.000000000777662	0.00000001708	58548009.3676815
-20.8	-0.000000103281	-6	-0.000000000554407	0.0000000172135	58093937.8975804
-20.9	-0.000000104048	-6	-0.000000000618696	1.73413333333333E-08	57665692.757189
-21	-0.000000104557	-6	-0.000000000565815	1.74261666666667E-08	57384967.0514648
-21.1	-0.000000105202	-6	-0.000000000644934	1.75336666666667E-08	57033136.2521625
-21.2	-0.000000105821	-6	-0.000000000434899	1.76368333333333E-08	56699520.8890485
-21.3	-0.000000106492	-6	-0.000000000796521	1.77486666666667E-08	56342260.4514893
-21.4	-0.000000107277	-6	-0.00000000079025	0.0000000178795	55929975.6704606
-21.5	-0.000000107956	-6	-0.000000000746655	1.79926666666667E-08	55578198.5253251
-21.6	-0.000000108847	-6	-0.000000000660479	1.81411666666667E-08	55123246.3917242
-21.7	-0.000000109603	-6	-0.000000000734055	1.82671666666667E-08	54743027.1069223
-21.8	-0.000000110154	-6	-0.000000000880444	0.000000018359	54469197.6687183
-21.9	-0.000000110899	-6	-0.000000000819755	1.84831666666667E-08	54103283.1675669
-22	-0.00000011167	-6	-0.000000000863087	1.86116666666667E-08	53729739.4107639
-22.1	-0.000000112543	-6	-0.000000000845492	1.87571666666667E-08	53312955.9368419
-22.2	-0.000000113391	-6	-0.000000000775218	0.0000000188985	52914252.4538985
-22.3	-0.00000011374	-6	-0.00000000085882	1.89566666666667E-08	52751890.2760682
-22.4	-0.000000114417	-6	-0.000000000838351	0.0000000190695	52439759.8259
-22.5	-0.000000115128	-6	-0.000000000963044	0.000000019188	52115905.7744424
-22.6	-0.000000115781	-6	-0.000000000928783	1.92968333333333E-08	51821974.2444788
-22.7	-0.000000116324	-6	-0.000000000897682	1.93873333333333E-08	51580069.4611602
-22.8	-0.00000011721	-6	-0.000000000858855	0.000000019535	51190171.4870745
-22.9	-0.000000117954	-6	-0.00000000100303	0.000000019659	50867287.2475711
-23	-0.000000118656	-6	-0.00000000091362	0.000000019776	50566343.0420712
-23.1	-0.000000119718	-6	-0.000000000918341	0.000000019953	50117776.7754222
-23.2	-0.000000120509	-6	-0.000000000894964	2.00848333333333E-08	49788812.4538416
-23.3	-0.000000121072	-6	-0.000000000609982	2.01786666666667E-08	49557288.2251883
-23.4	-0.000000121991	-6	-0.000000000552166	2.03318333333333E-08	49183956.1934897
-23.5	-0.00000012262	-6	-0.000000000643682	2.04366666666667E-08	48931658.7832328
-23.6	-0.00000012291	-6	-0.000000000702536	0.000000020485	48816206.9807176
-23.7	-0.000000123963	-6	-0.000000000739634	0.0000000206605	48401539.1689456
-23.8	-0.000000124789	-6	-0.000000000711942	2.07981666666667E-08	48081160.9997676
-23.9	-0.000000125851	-6	-0.000000000796032	2.09751666666667E-08	47675425.701822
-24	-0.0000001265	-6	-0.000000000764108	2.10833333333333E-08	47430830.0395257
-24.1	-0.000000127507	-6	-0.000000000671792	2.12511666666667E-08	47056240.0495659
-24.2	-0.000000127865	-6	-0.000000000917125	2.13108333333333E-08	46924490.6737575
-24.3	-0.000000128259	-6	-0.000000000857604	0.0000000213765	46780342.8999135
-24.4	-0.0000001288	-6	-0.000000000721216	2.14666666666667E-08	46583850.931677
-24.5	-0.000000129437	-6	-0.000000000621617	2.15728333333333E-08	46354597.217179
-24.6	-0.000000130074	-6	-0.00000000071559	0.000000021679	46127588.9109276
-24.7	-0.000000130911	-6	-0.000000000702333	0.0000000218185	45832664.940303
-24.8	-0.00000013177	-6	-0.000000000799251	2.19616666666667E-08	45533884.7992715
-24.9	-0.000000132681	-6	-0.000000000876307	0.0000000221135	45221244.9408732
-25	-0.000000133478	-6	-0.00000000101247	2.22463333333333E-08	44951227.9177093
-25.1	-0.000000134208	-6	-0.000000000941551	0.000000022368	44706723.8912732
-25.2	-0.000000134906	-6	-0.000000000797403	2.24843333333333E-08	44475412.509451
-25.3	-0.000000135347	-6	-0.000000000937212	2.25578333333333E-08	44330498.6442256
-25.4	-0.000000136561	-6	-0.000000000783861	2.27601666666667E-08	43936409.3701716
-25.5	-0.000000137258	-6	-0.000000000809276	2.28763333333333E-08	43713299.0426788
-25.6	-0.000000137867	-6	-0.000000000772214	2.29778333333333E-08	43520204.2548253
-25.7	-0.000000138042	-6	-0.000000000801587	0.000000023007	43465032.3814491
-25.8	-0.000000138878	-6	-0.000000000905335	2.31463333333333E-08	43203387.1455522
-25.9	-0.00000013982	-6	-0.000000000904429	2.33033333333333E-08	42912315.8346445
-26	-0.000000140625	-6	-0.00000000102012	0.0000000234375	42666666.6666667
-26.1	-0.000000141238	-6	-0.000000000844395	2.35396666666667E-08	42481485.1527209
-26.2	-0.000000141772	-6	-0.000000000850272	2.36286666666667E-08	42321473.9158649
-26.3	-0.000000142496	-6	-0.00000000093205	2.37493333333333E-08	42106445.0931956
-26.4	-0.000000142989	-6	-0.000000000752568	0.0000000238315	41961269.7480226
-26.5	-0.000000143973	-6	-0.000000000749075	0.0000000239955	41674480.6317851
-26.6	-0.000000144534	-6	-0.000000000890529	0.000000024089	41512723.6497987
-26.7	-0.000000145392	-6	-0.000000000821602	0.000000024232	41267745.1304061
-26.8	-0.00000014587	-6	-0.000000000815833	2.43116666666667E-08	41132515.2533077
-26.9	-0.000000146766	-6	-0.000000000748575	0.000000024461	40881403.0497527
-27	-0.000000147293	-6	-0.000000000854707	2.45488333333333E-08	40735133.3736159
-27.1	-0.000000148026	-6	-0.000000000893676	0.000000024671	40533419.8046289
-27.2	-0.000000148354	-6	-0.000000000861156	2.47256666666667E-08	40443803.3352656
-27.3	-0.000000149356	-6	-0.000000000938416	2.48926666666667E-08	40172473.8209379
-27.4	-0.000000149978	-6	-0.0000000010126	2.49963333333333E-08	40005867.5272373
-27.5	-0.000000150539	-6	-0.00000000077312	2.50898333333333E-08	39856781.2991982
-27.6	-0.000000151688	-6	-0.000000000830042	2.52813333333333E-08	39554875.79769
-27.7	-0.00000015229	-6	-0.000000000909281	2.53816666666667E-08	39398515.9892311
-27.8	-0.000000153212	-6	-0.00000000082581	2.55353333333333E-08	39161423.387202
-27.9	-0.000000154017	-6	-0.000000000729263	0.0000000256695	38956738.5418493
-28	-0.000000154475	-6	-0.000000000896311	2.57458333333333E-08	38841236.4460269
-28.1	-0.00000015535	-6	-0.00000000109347	2.58916666666667E-08	38622465.4007081
-28.2	-0.000000155839	-6	-0.000000000773346	2.59731666666667E-08	38501273.7504732
-28.3	-0.000000156925	-6	-0.000000000858283	2.61541666666667E-08	38234825.5536084
-28.4	-0.000000157858	-6	-0.00000000105222	2.63096666666667E-08	38008843.3908956
-28.5	-0.000000158213	-6	-0.000000000815451	2.63688333333333E-08	37923558.7467528
-28.6	-0.000000159256	-6	-0.00000000106528	2.65426666666667E-08	37675189.6317878
-28.7	-0.000000159748	-6	-0.00000000105797	2.66246666666667E-08	37559155.6701805
-28.8	-0.000000160657	-6	-0.00000000121722	2.67761666666667E-08	37346645.3375826
-28.9	-0.000000161174	-6	-0.000000000876606	2.68623333333333E-08	37226848.0027796
-29	-0.000000162215	-6	-0.00000000083518	2.70358333333333E-08	36987948.0935795
-29.1	-0.000000162291	-6	-0.0000000010993	0.0000000270485	36970626.836978
-29.2	-0.000000163262	-6	-0.00000000123514	2.72103333333333E-08	36750744.2025701
-29.3	-0.000000164086	-6	-0.00000000111427	2.73476666666667E-08	36566190.899894
-29.4	-0.000000164966	-6	-0.00000000111438	2.74943333333333E-08	36371131.0209377
-29.5	-0.000000165532	-6	-0.00000000120794	2.75886666666667E-08	36246767.9965203
-29.6	-0.000000166233	-6	-0.00000000103924	0.0000000277055	36093916.3703958
-29.7	-0.000000166554	-6	-0.00000000117971	0.000000027759	36024352.4622645
-29.8	-0.000000167632	-6	-0.0000000010321	2.79386666666667E-08	35792688.7467787
-29.9	-0.000000167962	-6	-0.00000000104887	2.79936666666667E-08	35722365.7732106
-30	-0.000000168661	-6	-0.0000000011271	2.81101666666667E-08	35574317.7142315
-30.1	-0.00000016917	-6	-0.00000000092535	0.000000028195	35467281.4328782
-30.2	-0.000000170054	-6	-0.000000000902212	2.83423333333333E-08	35282910.1344279
-30.3	-0.000000170485	-6	-0.000000000906825	2.84141666666667E-08	35193712.0567792
-30.4	-0.00000017089	-6	-0.00000000098567	2.84816666666667E-08	35110304.8744807
-30.5	-0.000000171929	-6	-0.00000000111291	2.86548333333333E-08	34898126.5522396
-30.6	-0.000000173258	-6	-0.000000000954056	2.88763333333333E-08	34630435.5354443
-30.7	-0.000000173652	-6	-0.00000000108224	0.000000028942	34551862.3453804
-30.8	-0.000000174737	-6	-0.000000000965345	2.91228333333333E-08	34337318.369893
-30.9	-0.000000175323	-6	-0.000000000980484	0.0000000292205	34222549.2376927
-31	-0.000000175826	-6	-0.000000000736856	2.93043333333333E-08	34124645.9567982
-31.1	-0.00000017671	-6	-0.00000000091114	2.94516666666667E-08	33953935.8270613
-31.2	-0.000000176987	-6	-0.00000000092355	2.94978333333333E-08	33900794.9736421
-31.3	-0.000000178033	-6	-0.00000000113871	2.96721666666667E-08	33701617.115928
-31.4	-0.000000178569	-6	-0.0000000010715	0.0000000297615	33600456.9662147
-31.5	-0.0000001795	-6	-0.0000000013917	2.99166666666667E-08	33426183.8440111
-31.6	-0.000000180737	-6	-0.000000000962377	3.01228333333333E-08	33197408.3889851
-31.7	-0.000000181473	-6	-0.000000000928986	0.0000000302455	33062769.6682151
-31.8	-0.000000181972	-6	-0.00000000100688	3.03286666666667E-08	32972105.5986635
-31.9	-0.000000182944	-6	-0.00000000106602	3.04906666666667E-08	32796921.4623054
-32	-0.000000183588	-6	-0.000000000906301	0.000000030598	32681874.6323289
-32.1	-0.000000184051	-6	-0.00000000115423	3.06751666666667E-08	32599659.876882
-32.2	-0.000000185806	-6	-0.00000000130038	3.09676666666667E-08	32291745.1535473
-32.3	-0.000000186304	-6	-0.0000000012089	3.10506666666667E-08	32205427.6880797
-32.4	-0.000000186764	-6	-0.00000000128167	3.11273333333333E-08	32126105.6734703
-32.5	-0.000000187693	-6	-0.00000000129462	3.12821666666667E-08	31967095.2033374
-32.6	-0.000000188761	-6	-0.00000000128621	3.14601666666667E-08	31786227.0278288
-32.7	-0.000000189469	-6	-0.00000000132865	3.15781666666667E-08	31667449.5563918
-32.8	-0.000000190344	-6	-0.00000000125556	0.000000031724	31521876.1820704
-32.9	-0.000000190365	-6	-0.00000000120251	0.0000000317275	31518398.8653376
-33	-0.000000191241	-6	-0.00000000129328	0.0000000318735	31374025.4443346
-33.1	-0.000000191994	-6	-0.00000000127515	0.000000031999	31250976.5930185
-33.2	-0.000000192214	-6	-0.00000000132856	3.20356666666667E-08	31215208.0493617
-33.3	-0.000000193219	-6	-0.00000000129093	3.22031666666667E-08	31052846.7697276
-33.4	-0.000000194008	-6	-0.0000000011366	3.23346666666667E-08	30926559.7294957
-33.5	-0.000000195045	-6	-0.00000000122491	0.0000000325075	30762131.8157348
-33.6	-0.000000195807	-6	-0.00000000112954	0.0000000326345	30642418.2996522
-33.7	-0.000000196338	-6	-0.000000000811064	0.000000032723	30559545.2739663
-33.8	-0.000000197426	-6	-0.00000000118974	3.29043333333333E-08	30391133.8932056
-33.9	-0.000000197903	-6	-0.0000000011014	3.29838333333333E-08	30317883.0032895
-34	-0.000000198721	-6	-0.00000000117986	3.31201666666667E-08	30193084.7771499
-34.1	-0.000000199068	-6	-0.000000000900674	0.000000033178	30140454.5180541
-34.2	-0.000000199566	-6	-0.00000000116934	0.000000033261	30065241.574216
-34.3	-0.000000200244	-6	-0.00000000117425	0.000000033374	29963444.5975909
-34.4	-0.000000201019	-6	-0.00000000108614	3.35031666666667E-08	29847924.8230267
-34.5	-0.000000202293	-6	-0.00000000112665	0.0000000337155	29659948.6882888
-34.6	-0.000000202846	-6	-0.00000000112857	3.38076666666667E-08	29579089.5556235
-34.7	-0.000000204152	-6	-0.00000000120367	3.40253333333333E-08	29389866.3740742
-34.8	-0.000000205426	-6	-0.00000000113529	3.42376666666667E-08	29207597.8697925
-34.9	-0.00000020623	-6	-0.00000000106716	3.43716666666667E-08	29093730.3011201
-35	-0.00000020703	-6	-0.000000000925219	0.000000034505	28981307.0569483
-35.1	-0.000000207801	-6	-0.00000000114257	0.0000000346335	28873778.2782566
-35.2	-0.000000208202	-6	-0.00000000123277	3.47003333333333E-08	28818166.9724594
-35.3	-0.00000020928	-6	-0.00000000110704	0.00000003488	28669724.7706422
-35.4	-0.000000210213	-6	-0.0000000012018	0.0000000350355	28542478.3433946
-35.5	-0.000000211177	-6	-0.00000000113317	3.51961666666667E-08	28412185.0390904
-35.6	-0.000000211962	-6	-0.00000000110439	0.000000035327	28306960.6816316
-35.7	-0.000000212372	-6	-0.00000000108901	3.53953333333333E-08	28252311.9808638
-35.8	-0.000000213353	-6	-0.00000000120825	3.55588333333333E-08	28122407.4655618
-35.9	-0.00000021362	-6	-0.00000000102224	3.56033333333333E-08	28087257.7474019
-36	-0.000000214566	-6	-0.00000000135697	0.000000035761	27963423.8416152
-36.1	-0.000000215223	-6	-0.0000000012334	0.0000000358705	27878061.3596131
-36.2	-0.000000216474	-6	-0.00000000125209	0.000000036079	27716954.4610438
-36.3	-0.000000216907	-6	-0.00000000144515	3.61511666666667E-08	27661624.5672108
-36.4	-0.000000217517	-6	-0.00000000124532	3.62528333333333E-08	27584050.9017686
-36.5	-0.000000218264	-6	-0.00000000125297	3.63773333333333E-08	27489645.5668365
-36.6	-0.000000218825	-6	-0.00000000130717	3.64708333333333E-08	27419170.5700903
-36.7	-0.000000219655	-6	-0.00000000138502	3.66091666666667E-08	27315563.0420432
-36.8	-0.000000220525	-6	-0.00000000117004	3.67541666666667E-08	27207799.5692098
-36.9	-0.000000222018	-6	-0.00000000135144	0.000000037003	27024835.8241224
-37	-0.00000022271	-6	-0.00000000140351	3.71183333333333E-08	26940864.8017601
-37.1	-0.000000223906	-6	-0.00000000133231	3.73176666666667E-08	26796959.4383357
-37.2	-0.000000224725	-6	-0.00000000158619	3.74541666666667E-08	26699299.1433975
-37.3	-0.000000226473	-6	-0.00000000151124	0.0000000377455	26493224.3578705
-37.4	-0.000000227285	-6	-0.00000000141426	3.78808333333333E-08	26398574.4769782
-37.5	-0.000000228241	-6	-0.00000000150862	3.80401666666667E-08	26288002.5937496
-37.6	-0.00000022946	-6	-0.00000000142448	3.82433333333333E-08	26148348.2959993
-37.7	-0.000000230378	-6	-0.00000000137058	3.83963333333333E-08	26044153.5216036
-37.8	-0.000000231271	-6	-0.00000000130137	3.85451666666667E-08	25943589.9875038
-37.9	-0.000000232112	-6	-0.00000000148689	3.86853333333333E-08	25849589.8531743
-38	-0.000000232067	-6	-0.00000000127666	3.86778333333333E-08	25854602.3346706
-38.1	-0.000000233125	-6	-0.00000000130923	3.88541666666667E-08	25737265.4155496
-38.2	-0.000000233289	-6	-0.00000000125359	0.0000000388815	25719172.3570336
-38.3	-0.000000234827	-6	-0.00000000124763	3.91378333333333E-08	25550724.5759644
-38.4	-0.000000235168	-6	-0.00000000140605	3.91946666666667E-08	25513675.3299769
-38.5	-0.000000235542	-6	-0.00000000149693	0.000000039257	25473164.0217031
-38.6	-0.000000236178	-6	-0.00000000137843	0.000000039363	25404567.7412799
-38.7	-0.000000237043	-6	-0.00000000142447	3.95071666666667E-08	25311863.2484402
-38.8	-0.000000237554	-6	-0.00000000142421	3.95923333333333E-08	25257415.1561329
-38.9	-0.000000238493	-6	-0.00000000138171	3.97488333333333E-08	25157971.0934912
-39	-0.000000239094	-6	-0.00000000144243	0.000000039849	25094732.615624
-39.1	-0.000000240518	-6	-0.000000001524	4.00863333333333E-08	24946157.8759178
-39.2	-0.000000241167	-6	-0.0000000013657	0.0000000401945	24879025.7373521
-39.3	-0.00000024142	-6	-0.00000000164058	4.02366666666667E-08	24852953.3592909
-39.4	-0.000000241704	-6	-0.00000000162942	0.000000040284	24823751.3653063
-39.5	-0.000000242944	-6	-0.00000000152105	4.04906666666667E-08	24697049.5258166
-39.6	-0.000000243926	-6	-0.00000000146439	4.06543333333333E-08	24597623.8695342
-39.7	-0.000000244947	-6	-0.00000000162941	0.0000000408245	24495094.8572548
-39.8	-0.000000245989	-6	-0.00000000151502	4.09981666666667E-08	24391334.5718711
-39.9	-0.000000246986	-6	-0.00000000143976	4.11643333333333E-08	24292874.8997919
-40	-0.00000024791	-6	-0.00000000161965	4.13183333333333E-08	24202331.491267
