-15	-0.000000000150108	-10	-0.000000000896895	0.000000001	1000000000
-15.1	-0.000000000137663	-10	-0.000000000686443	0.000000001	1000000000
-15.2	-0.000000000124586	-10	-0.000000000634921	0.000000001	1000000000
-15.3	-0.00000000011766	-10	-0.000000000604141	0.000000001	1000000000
-15.4	-0.000000000112665	-10	-0.000000000599349	0.000000001	1000000000
-15.5	-0.000000000108874	-10	-0.000000000591183	0.000000001	1000000000
-15.6	-0.00000000010612	-10	-0.000000000586748	0.000000001	1000000000
-15.7	-0.000000000103605	-10	-0.000000000583017	0.000000001	1000000000
-15.8	-0.000000000101972	-10	-0.000000000583982	0.000000001	1000000000
-15.9	-0.000000000100422	-10	-0.000000000584424	0.000000001	1000000000
-16	-9.91821E-11	-10	-0.000000000586951	0.000000001	1000000000
-16.1	-9.79781E-11	-10	-0.000000000585306	0.000000001	1000000000
-16.2	-9.67383E-11	-10	-0.000000000589705	0.000000001	1000000000
-16.3	-9.52721E-11	-10	-0.000000000593746	0.000000001	1000000000
-16.4	-0.000000000094676	-10	-0.000000000593007	0.000000001	1000000000
-16.5	-9.39846E-11	-10	-0.000000000597191	0.000000001	1000000000
-16.6	-9.33528E-11	-10	-0.00000000060159	0.000000001	1000000000
-16.7	-0.00000000009197	-10	-0.000000000604486	0.000000001	1000000000
-16.8	-9.20057E-11	-10	-0.000000000606143	0.000000001	1000000000
-16.9	-9.11832E-11	-10	-0.000000000606561	0.000000001	1000000000
-17	-9.02653E-11	-10	-0.000000000611579	0.000000001	1000000000
-17.1	-8.97288E-11	-10	-0.000000000613284	0.000000001	1000000000
-17.2	-8.88944E-11	-10	-0.000000000615537	0.000000001	1000000000
-17.3	-8.84056E-11	-10	-0.000000000619996	0.000000001	1000000000
-17.4	-8.78572E-11	-10	-0.000000000621879	0.000000001	1000000000
-17.5	-8.75831E-11	-10	-0.000000000625765	0.000000001	1000000000
-17.6	-8.68797E-11	-10	-0.000000000628841	0.000000001	1000000000
-17.7	-8.67009E-11	-10	-0.000000000635612	0.000000001	1000000000
-17.8	-8.64267E-11	-10	-0.000000000637174	0.000000001	1000000000
-17.9	-0.000000000085628	-10	-0.000000000643969	0.000000001	1000000000
-18	-8.51035E-11	-10	-0.000000000636923	0.000000001	1000000000
-18.1	-8.47816E-11	-10	-0.000000000639904	0.000000001	1000000000
-18.2	-8.40426E-11	-10	-0.000000000641751	0.000000001	1000000000
-18.3	-8.34823E-11	-10	-0.000000000644195	0.000000001	1000000000
-18.4	-8.40426E-11	-10	-0.000000000648534	0.000000001	1000000000
-18.5	-8.30889E-11	-10	-0.000000000649631	0.000000001	1000000000
-18.6	-8.31366E-11	-10	-0.000000000652337	0.000000001	1000000000
-18.7	-8.25048E-11	-10	-0.00000000065918	0.000000001	1000000000
-18.8	-8.18968E-11	-10	-0.000000000664759	0.000000001	1000000000
-18.9	-8.16703E-11	-10	-0.000000000663936	0.000000001	1000000000
-19	-8.13007E-11	-10	-0.000000000669134	0.000000001	1000000000
-19.1	-8.12888E-11	-10	-0.000000000676978	0.000000001	1000000000
-19.2	-0.000000000080955	-10	-0.000000000679517	0.000000001	1000000000
-19.3	-8.06689E-11	-10	-0.000000000678825	0.000000001	1000000000
-19.4	-0.000000000080204	-10	-0.000000000685418	0.000000001	1000000000
-19.5	-8.04067E-11	-10	-0.000000000688159	0.000000001	1000000000
-19.6	-7.97868E-11	-10	-0.000000000694132	0.000000001	1000000000
-19.7	-0.000000000079751	-10	-0.000000000701034	0.000000001	1000000000
-19.8	-7.97272E-11	-10	-0.000000000706267	0.000000001	1000000000
-19.9	-7.94768E-11	-10	-0.000000000710249	0.000000001	1000000000
-20	-7.87616E-11	-10	-0.000000000712788	0.000000001	1000000000
-20.1	-7.87497E-11	-10	-0.000000000714219	0.000000001	1000000000
-20.2	-7.80106E-11	-10	-0.000000000722528	0.000000001	1000000000
-20.3	-0.000000000077939	-10	-0.000000000725758	0.000000001	1000000000
-20.4	-7.76529E-11	-10	-0.000000000731969	0.000000001	1000000000
-20.5	-7.76649E-11	-10	-0.000000000733864	0.000000001	1000000000
-20.6	-7.76529E-11	-10	-0.000000000738525	0.000000001	1000000000
-20.7	-7.70211E-11	-10	-0.000000000739813	0.000000001	1000000000
-20.8	-7.68185E-11	-10	-0.000000000744188	0.000000001	1000000000
-20.9	-7.63893E-11	-10	-0.0000000007478	0.000000001	1000000000
-21	-7.61271E-11	-10	-0.000000000750828	0.000000001	1000000000
-21.1	-7.60436E-11	-10	-0.000000000752223	0.000000001	1000000000
-21.2	-7.58052E-11	-10	-0.000000000752497	0.000000001	1000000000
-21.3	-7.51972E-11	-10	-0.000000000756657	0.000000001	1000000000
-21.4	-7.51972E-11	-10	-0.000000000762069	0.000000001	1000000000
-21.5	-7.50184E-11	-10	-0.000000000763786	0.000000001	1000000000
-21.6	-7.47919E-11	-10	-0.000000000766408	0.000000001	1000000000
-21.7	-7.46369E-11	-10	-0.000000000774074	0.000000001	1000000000
-21.8	-7.43151E-11	-10	-0.000000000781202	0.000000001	1000000000
-21.9	-7.40528E-11	-10	-0.000000000784814	0.000000001	1000000000
-22	-7.45058E-11	-10	-0.000000000787723	0.000000001	1000000000
-22.1	-7.39932E-11	-10	-0.000000000787747	0.000000001	1000000000
-22.2	-7.37548E-11	-10	-0.000000000795352	0.000000001	1000000000
-22.3	-7.36475E-11	-10	-0.000000000796223	0.000000001	1000000000
-22.4	-7.33733E-11	-10	-0.000000000801551	0.000000001	1000000000
-22.5	-7.32064E-11	-10	-0.000000000806808	0.000000001	1000000000
-22.6	-7.24196E-11	-10	-0.000000000809979	0.000000001	1000000000
-22.7	-7.29918E-11	-10	-0.000000000808835	0.000000001	1000000000
-22.8	-0.000000000072372	-10	-0.000000000815845	0.000000001	1000000000
-22.9	-7.23004E-11	-10	-0.000000000818706	0.000000001	1000000000
-23	-7.21097E-11	-10	-0.000000000820637	0.000000001	1000000000
-23.1	-7.13825E-11	-10	-0.000000000823116	0.000000001	1000000000
-23.2	-7.14421E-11	-10	-0.000000000829864	0.000000001	1000000000
-23.3	-7.14183E-11	-10	-0.000000000829041	0.000000001	1000000000
-23.4	-7.09295E-11	-10	-0.000000000837159	0.000000001	1000000000
-23.5	-7.10368E-11	-10	-0.00000000084095	0.000000001	1000000000
-23.6	-7.02739E-11	-10	-0.000000000840199	0.000000001	1000000000
-23.7	-7.02858E-11	-10	-0.000000000847137	0.000000001	1000000000
-23.8	-6.99639E-11	-10	-0.000000000849998	0.000000001	1000000000
-23.9	-6.94394E-11	-10	-0.000000000850308	0.000000001	1000000000
-24	-6.96301E-11	-10	-0.000000000860286	0.000000001	1000000000
-24.1	-6.93917E-11	-10	-0.000000000856388	0.000000001	1000000000
-24.2	-6.86884E-11	-10	-0.000000000862622	0.000000001	1000000000
-24.3	-6.87003E-11	-10	-0.000000000865328	0.000000001	1000000000
-24.4	-0.00000000006845	-10	-0.000000000868022	0.000000001	1000000000
-24.5	-6.84023E-11	-10	-0.000000000870276	0.000000001	1000000000
-24.6	-6.78301E-11	-10	-0.00000000087502	0.000000001	1000000000
-24.7	-6.78539E-11	-10	-0.000000000876892	0.000000001	1000000000
-24.8	-6.75321E-11	-10	-0.000000000878632	0.000000001	1000000000
-24.9	-6.70552E-11	-10	-0.000000000879145	0.000000001	1000000000
-25	-0.000000000066638	-10	-0.000000000882113	0.000000001	1000000000
-25.1	-6.65903E-11	-10	-0.000000000883412	0.000000001	1000000000
-25.2	-6.61373E-11	-10	-0.00000000088793	0.000000001	1000000000
-25.3	-0.000000000066483	-10	-0.00000000088923	0.000000001	1000000000
-25.4	-0.00000000006603	-10	-0.000000000894034	0.000000001	1000000000
-25.5	-6.60539E-11	-10	-0.000000000897694	0.000000001	1000000000
-25.6	-6.58512E-11	-10	-0.000000000910032	0.000000001	1000000000
-25.7	-6.51836E-11	-10	-0.000000000913167	0.000000001	1000000000
-25.8	-6.58751E-11	-10	-0.000000000923038	0.000000001	1000000000
-25.9	-6.58631E-11	-10	-0.000000000928128	0.000000001	1000000000
-26	-6.61492E-11	-10	-0.000000000935411	0.000000001	1000000000
-26.1	-6.55651E-11	-10	-0.000000000934744	0.000000001	1000000000
-26.2	-6.50406E-11	-10	-0.000000000939429	0.000000001	1000000000
-26.3	-6.50525E-11	-10	-0.000000000935912	0.000000001	1000000000
-26.4	-6.46472E-11	-10	-0.000000000935924	0.000000001	1000000000
-26.5	-6.46234E-11	-10	-0.000000000936961	0.000000001	1000000000
-26.6	-6.41584E-11	-10	-0.00000000094043	0.000000001	1000000000
-26.7	-6.36339E-11	-10	-0.00000000094763	0.000000001	1000000000
-26.8	-6.36816E-11	-10	-0.000000000946808	0.000000001	1000000000
-26.9	-6.36339E-11	-10	-0.000000000950468	0.000000001	1000000000
-27	-6.28948E-11	-10	-0.000000000954282	0.000000001	1000000000
-27.1	-6.24418E-11	-10	-0.000000000957799	0.000000001	1000000000
-27.2	-6.24657E-11	-10	-0.000000000961375	0.000000001	1000000000
-27.3	-6.22153E-11	-10	-0.000000000968587	0.000000001	1000000000
-27.4	-6.19411E-11	-10	-0.000000000973368	0.000000001	1000000000
-27.5	-6.20365E-11	-10	-0.000000000982583	0.000000001	1000000000
-27.6	-6.16193E-11	-10	-0.000000000990379	0.000000001	1000000000
-27.7	-6.15478E-11	-10	-0.000000000991154	0.000000001	1000000000
-27.8	-6.19292E-11	-10	-0.000000000999463	0.000000001	1000000000
-27.9	-6.17146E-11	-10	-0.0000000010106	0.000000001	1000000000
-28	-6.16193E-11	-10	-0.00000000101418	0.000000001	1000000000
-28.1	-6.18458E-11	-10	-0.00000000102448	0.000000001	1000000000
-28.2	-6.20365E-11	-10	-0.00000000103542	0.000000001	1000000000
-28.3	-6.17027E-11	-10	-0.00000000104033	0.000000001	1000000000
-28.4	-6.18219E-11	-10	-0.00000000104589	0.000000001	1000000000
-28.5	-0.000000000062108	-10	-0.00000000105221	0.000000001	1000000000
-28.6	-6.17504E-11	-10	-0.00000000105476	0.000000001	1000000000
-28.7	-0.000000000061512	-10	-0.0000000010573	0.000000001	1000000000
-28.8	-6.13332E-11	-10	-0.00000000105697	0.000000001	1000000000
-28.9	-6.12855E-11	-10	-0.00000000105714	0.000000001	1000000000
-29	-6.04033E-11	-10	-0.00000000104982	0.000000001	1000000000
-29.1	-6.04033E-11	-10	-0.00000000105653	0.000000001	1000000000
-29.2	-5.98669E-11	-10	-0.00000000105374	0.000000001	1000000000
-29.3	-5.94258E-11	-10	-0.00000000105762	0.000000001	1000000000
-29.4	-5.86629E-11	-10	-0.00000000106077	0.000000001	1000000000
-29.5	-5.91278E-11	-10	-0.00000000105605	0.000000001	1000000000
-29.6	-5.83053E-11	-10	-0.0000000010603	0.000000001	1000000000
-29.7	-0.000000000058043	-10	-0.00000000105908	0.000000001	1000000000
-29.8	-5.77688E-11	-10	-0.00000000106086	0.000000001	1000000000
-29.9	-0.000000000057888	-10	-0.00000000106324	0.000000001	1000000000
-30	-5.75304E-11	-10	-0.00000000106621	0.000000001	1000000000
-30.1	-5.82457E-11	-10	-0.00000000107449	0.000000001	1000000000
-30.2	-5.87106E-11	-10	-0.00000000108244	0.000000001	1000000000
-30.3	-6.05106E-11	-10	-0.0000000010908	0.000000001	1000000000
-30.4	-6.17623E-11	-10	-0.00000000110326	0.000000001	1000000000
-30.5	-6.35624E-11	-10	-0.00000000111759	0.000000001	1000000000
-30.6	-6.55532E-11	-10	-0.00000000112927	0.000000001	1000000000
-30.7	-0.000000000067842	-10	-0.00000000113657	0.000000001	1000000000
-30.8	-6.96301E-11	-10	-0.00000000114856	0.000000001	1000000000
-30.9	-7.14421E-11	-10	-0.00000000115948	0.000000001	1000000000
-31	-7.27773E-11	-10	-0.0000000011721	0.000000001	1000000000
-31.1	-7.42078E-11	-10	-0.00000000118181	0.000000001	1000000000
-31.2	-7.54952E-11	-10	-0.00000000120095	0.000000001	1000000000
-31.3	-7.68781E-11	-10	-0.00000000121279	0.000000001	1000000000
-31.4	-0.000000000078547	-10	-0.00000000123053	0.000000001	1000000000
-31.5	-7.93457E-11	-10	-0.00000000125306	0.000000001	1000000000
-31.6	-8.09073E-11	-10	-0.00000000127368	0.000000001	1000000000
-31.7	-8.16941E-11	-10	-0.00000000128579	0.000000001	1000000000
-31.8	-8.37922E-11	-10	-0.00000000129608	0.000000001	1000000000
-31.9	-8.49009E-11	-10	-0.00000000131673	0.000000001	1000000000
-32	-8.65817E-11	-10	-0.00000000133597	0.000000001	1000000000
-32.1	-8.80837E-11	-10	-0.00000000134345	0.000000001	1000000000
-32.2	-9.05037E-11	-10	-0.00000000134437	0.000000001	1000000000
-32.3	-0.000000000093627	-10	-0.00000000135293	0.000000001	1000000000
-32.4	-9.63449E-11	-10	-0.00000000137308	0.000000001	1000000000
-32.5	-9.97305E-11	-10	-0.0000000014048	0.000000001	1000000000
-32.6	-0.000000000104189	-10	-0.00000000142357	0.000000001	1000000000
-32.7	-0.000000000110126	-10	-0.0000000014383	0.000000001	1000000000
-32.8	-0.000000000119781	-10	-0.00000000147597	0.000000001	1000000000
-32.9	-0.000000000135839	-10	-0.00000000152218	0.000000001	1000000000
-33	-0.000000000156057	-10	-0.00000000156083	0.000000001	1000000000
-33.1	-0.000000000184572	-10	-0.00000000159315	0.000000001	1000000000
-33.2	-0.000000000214803	-10	-0.00000000164135	0.000000001	1000000000
-33.3	-0.000000000249183	-10	-0.00000000168902	0.000000001	1000000000
-33.4	-0.000000000288534	-10	-0.0000000017813	0.000000001	1000000000
-33.5	-0.000000000359726	-10	-0.00000000184524	0.000000001	1000000000
-33.6	-0.000000000542128	-10	-0.00000000183151	0.000000001	1000000000
-33.7	-0.000000000769162	-10	-0.00000000170736	0.000000001	1000000000
-33.8	-0.000000000988245	-10	-0.00000000161492	0.000000001	1000000000
-33.9	-0.00000000118662	-10	-0.00000000151429	0.000000001	1000000000
-34	-0.00000000135784	-10	-0.00000000143981	0.000000001	1000000000
-34.1	-0.00000000152482	-10	-0.00000000142859	0.000000001	1000000000
-34.2	-0.0000000016799	-10	-0.00000000141207	0.000000001	1000000000
-34.3	-0.00000000183852	-10	-0.00000000140219	0.000000001	1000000000
-34.4	-0.00000000199655	-10	-0.00000000140207	0.000000001	1000000000
-34.5	-0.00000000215327	-10	-0.00000000138576	0.000000001	1000000000
-34.6	-0.0000000023239	-10	-0.00000000139402	0.000000001	1000000000
-34.7	-0.00000000252506	-10	-0.000000001404	0.000000001	1000000000
-34.8	-0.00000000273185	-10	-0.00000000140576	0.000000001	1000000000
-34.9	-0.00000000295838	-10	-0.00000000142282	0.000000001	1000000000
-35	-0.00000000318152	-10	-0.00000000140374	0.000000001	1000000000
-35.1	-0.00000000344279	-10	-0.00000000140679	0.000000001	1000000000
-35.2	-0.00000000371507	-10	-0.00000000140131	0.000000001	1000000000
-35.3	-0.00000000397514	-10	-0.00000000141798	0.000000001	1000000000
-35.4	-0.00000000425844	-10	-0.00000000139748	0.000000001	1000000000
-35.5	-0.00000000455339	-10	-0.00000000140513	0.000000001	1000000000
-35.6	-0.00000000491848	-10	-0.00000000142512	0.000000001	1000000000
-35.7	-0.00000000525095	-10	-0.00000000140715	0.000000001	1000000000
-35.8	-0.00000000558801	-10	-0.00000000139041	0.000000001	1000000000
-35.9	-0.00000000593345	-10	-0.00000000145615	0.000000001	1000000000
-36	-0.00000000633609	-10	-0.00000000142101	0.000000001	1000000000
-36.1	-0.00000000674227	-10	-0.00000000139802	0.000000001	1000000000
-36.2	-0.00000000713629	-10	-0.0000000013206	0.000000001	1000000000
-36.3	-0.00000000754485	-10	-0.00000000132457	0.000000001	1000000000
-36.4	-0.0000000080865	-10	-0.00000000140536	0.000000001	1000000000
-36.5	-0.00000000856261	-10	-0.00000000140423	0.000000001	1000000000
-36.6	-0.00000000903986	-10	-0.00000000138364	0.000000001	1000000000
-36.7	-0.00000000953807	-10	-0.0000000013594	0.000000001	1000000000
-36.8	-0.000000010078	-10	-0.00000000138106	0.0000000010078	992260369.120857
-36.9	-0.0000000107363	-10	-0.00000000142983	0.00000000107363	931419576.57666
-37	-0.0000000114173	-10	-0.00000000154831	0.00000000114173	875863820.693159
-37.1	-0.0000000119676	-10	-0.00000000139611	0.00000000119676	835589424.78024
-37.2	-0.0000000126164	-10	-0.00000000148	0.00000000126164	792619130.655337
-37.3	-0.0000000132968	-10	-0.0000000014621	0.00000000132968	752060646.170507
-37.4	-0.0000000140234	-10	-0.00000000140178	0.00000000140234	713093828.886005
-37.5	-0.0000000146195	-10	-0.00000000138907	0.00000000146195	684017921.269537
-37.6	-0.0000000154956	-10	-0.00000000147679	0.00000000154956	645344484.886032
-37.7	-0.0000000161987	-10	-0.0000000012042	0.00000000161987	617333489.724484
-37.8	-0.0000000171547	-10	-0.00000000149544	0.00000000171547	582930625.426268
-37.9	-0.0000000180602	-10	-0.00000000139439	0.00000000180602	553703724.211249
-38	-0.0000000187957	-10	-0.00000000143621	0.00000000187957	532036582.835436
-38.1	-0.0000000195871	-10	-0.00000000147619	0.00000000195871	510540100.372184
-38.2	-0.0000000204303	-10	-0.00000000140374	0.00000000204303	489469072.896629
-38.3	-0.0000000214266	-10	-0.0000000014567	0.00000000214266	466709603.95023
-38.4	-0.0000000225248	-10	-0.00000000147436	0.00000000225248	443955107.259554
-38.5	-0.0000000235406	-10	-0.00000000166001	0.00000000235406	424798008.546936
-38.6	-0.0000000244995	-10	-0.00000000175066	0.00000000244995	408171595.33868
-38.7	-0.0000000255142	-10	-0.00000000150729	0.00000000255142	391938606.736641
-38.8	-0.0000000269152	-10	-0.00000000167124	0.00000000269152	371537272.619189
-38.9	-0.000000028074	-10	-0.00000000152121	0.0000000028074	356201467.550046
-39	-0.0000000290975	-10	-0.00000000146216	0.00000000290975	343672136.78151
-39.1	-0.000000030167	-10	-0.00000000140282	0.0000000030167	331488049.855803
-39.2	-0.000000031632	-10	-0.00000000126419	0.0000000031632	316135558.927668
-39.3	-0.0000000326616	-10	-0.00000000139064	0.00000000326616	306169936.561589
-39.4	-0.0000000338546	-10	-0.00000000141881	0.00000000338546	295380834.509934
-39.5	-0.000000035103	-10	-0.00000000137271	0.0000000035103	284875936.529641
-39.6	-0.0000000363951	-10	-0.00000000147655	0.00000000363951	274762261.952845
-39.7	-0.0000000378533	-10	-0.00000000135306	0.00000000378533	264177759.931102
-39.8	-0.000000039285	-10	-0.00000000150343	0.0000000039285	254550082.728777
-39.9	-0.0000000408676	-10	-0.00000000153526	0.00000000408676	244692617.134356
-40	-0.0000000422912	-10	-0.0000000014999	0.00000000422912	236455811.138015
-40.1	-0.0000000440778	-10	-0.000000001443	0.00000000440778	226871577.075081
-40.2	-0.0000000455241	-10	-0.00000000150775	0.00000000455241	219663870.345597
-40.3	-0.0000000470692	-10	-0.00000000145713	0.00000000470692	212453154.079525
-40.4	-0.0000000485389	-10	-0.00000000172485	0.00000000485389	206020325.96536
-40.5	-0.0000000505254	-10	-0.00000000161006	0.00000000505254	197920253.97127
-40.6	-0.0000000521322	-10	-0.00000000137806	0.00000000521322	191820026.778076
-40.7	-0.0000000536717	-10	-0.00000000140212	0.00000000536717	186317929.188008
-40.8	-0.0000000552423	-10	-0.00000000174716	0.00000000552423	181020703.337841
-40.9	-0.0000000570348	-10	-0.00000000136951	0.00000000570348	175331551.964765
-41	-0.0000000590086	-10	-0.00000000180118	0.00000000590086	169466823.479967
-41.1	-0.0000000612295	-10	-0.0000000016624	0.00000000612295	163319968.315926
-41.2	-0.000000063101	-10	-0.00000000141504	0.0000000063101	158476093.881238
-41.3	-0.0000000647783	-10	-0.00000000168452	0.00000000647783	154372683.444919
-41.4	-0.0000000658284	-10	-0.00000000153797	0.00000000658284	151910117.821487
-41.5	-0.0000000677028	-10	-0.00000000136296	0.00000000677028	147704378.548598
-41.6	-0.0000000695929	-10	-0.00000000176609	0.00000000695929	143692819.238744
-41.7	-0.0000000715857	-10	-0.00000000138559	0.00000000715857	139692703.989763
-41.8	-0.0000000736629	-10	-0.00000000142556	0.00000000736629	135753547.579582
-41.9	-0.0000000754922	-10	-0.00000000155021	0.00000000754922	132464016.150013
-42	-0.0000000778052	-10	-0.00000000187376	0.00000000778052	128526113.935829
-42.1	-0.0000000798782	-10	-0.00000000125542	0.00000000798782	125190602.692599
-42.2	-0.0000000812885	-10	-0.0000000013891	0.00000000812885	123018631.171691
-42.3	-0.0000000838019	-10	-0.00000000149373	0.00000000838019	119329036.692485
-42.4	-0.0000000856317	-10	-0.00000000123496	0.00000000856317	116779183.409882
-42.5	-0.0000000872103	-10	-0.00000000175675	0.00000000872103	114665354.895007
-42.6	-0.000000089885	-10	-0.00000000179293	0.0000000089885	111253268.064749
-42.7	-0.0000000922854	-10	-0.00000000144589	0.00000000922854	108359502.153103
-42.8	-0.0000000944359	-10	-0.00000000165951	0.00000000944359	105891933.046649
-42.9	-0.0000000963958	-10	-0.00000000166566	0.00000000963958	103738959.581227
-43	-0.0000000988547	-10	-0.00000000186069	0.00000000988547	101158569.091808
-43.1	-0.000000100564	-10	-0.00000000163797	0.0000000100564	99439163.1200032
-43.2	-0.00000010332	-10	-0.00000000170447	0.000000010332	96786682.1525358
-43.3	-0.000000105054	-10	-0.00000000180935	0.0000000105054	95189140.8228149
-43.4	-0.000000107763	-10	-0.00000000155951	0.0000000107763	92796228.7612631
-43.5	-0.000000110693	-10	-0.00000000146904	0.0000000110693	90339949.2289485
-43.6	-0.000000112833	-10	-0.00000000156481	0.0000000112833	88626554.2881958
-43.7	-0.000000114822	-10	-0.00000000134577	0.0000000114822	87091323.9623069
-43.8	-0.000000117554	-10	-0.00000000177027	0.0000000117554	85067288.224986
-43.9	-0.000000119675	-10	-0.00000000172068	0.0000000119675	83559640.693545
-44	-0.000000122658	-10	-0.00000000210674	0.0000000122658	81527499.2254888
-44.1	-0.000000124757	-10	-0.00000000151114	0.0000000124757	80155822.919756
-44.2	-0.000000127117	-10	-0.0000000014295	0.0000000127117	78667684.1020477
-44.3	-0.000000128877	-10	-0.00000000151871	0.0000000128877	77593364.2154923
-44.4	-0.000000130851	-10	-0.00000000168327	0.0000000130851	76422801.5070576
-44.5	-0.000000133937	-10	-0.00000000180736	0.0000000133937	74661967.940151
-44.6	-0.000000137198	-10	-0.00000000196184	0.0000000137198	72887359.8740506
-44.7	-0.000000139495	-10	-0.00000000154629	0.0000000139495	71687157.2457794
-44.8	-0.000000142846	-10	-0.00000000195272	0.0000000142846	70005460.4259132
-44.9	-0.000000144673	-10	-0.00000000148628	0.0000000144673	69121397.9111514
-45	-0.000000146495	-10	-0.00000000200633	0.0000000146495	68261715.4169084
