6.766764161830633656e+22
6.766764161830633656e+22
6.766764161830633656e+22
6.766764161830633656e+22
6.766764161830633656e+22
6.766764161830633656e+22
6.766764161830633656e+22
6.766764161830633656e+22
6.766764161830633656e+22
6.766764161830633656e+22
6.766764161830633656e+22
6.766764161830633656e+22
6.766764161830633656e+22
6.766764161830633656e+22
6.766764161830633656e+22
6.766764161830633656e+22
6.766764161830633656e+22
6.766764161830633656e+22
6.766764161830633656e+22
6.766764161830633656e+22
6.766764161830633656e+22
6.766764161830633656e+22
6.766764161830633656e+22
6.766764161830633656e+22
6.766764161830633656e+22
6.766764161830633656e+22
6.766764161830633656e+22
6.766764161830633656e+22
6.766764161830633656e+22
6.766764161830633656e+22
6.766764161830633656e+22
6.766764161830633656e+22
6.766764161830633656e+22
6.766764161830633656e+22
6.766764161830633656e+22
6.766764161830633656e+22
6.766764161830633656e+22
6.766764161830633656e+22
6.766764161830633656e+22
6.766764161830633656e+22
6.766764161830633656e+22
6.766764161830633656e+22
6.766764161830633656e+22
6.766764161830633656e+22
6.766764161830633656e+22
6.766764161830633656e+22
6.766764161830633656e+22
6.766764161830633656e+22
6.766764161830633656e+22
6.766764161830633656e+22
6.766764161830633656e+22
6.766764161830633656e+22
6.766764161830633656e+22
6.766764161830633656e+22
6.766764161830633656e+22
6.766764161830633656e+22
6.766764161830633656e+22
6.766764161830633656e+22
6.766764161830633656e+22
6.766764161830633656e+22
6.766764161830633656e+22
6.766764161830633656e+22
6.766764161830633656e+22
6.766764161830633656e+22
6.766764161830633656e+22
6.766764161830633656e+22
6.766764161830633656e+22
6.766764161830633656e+22
6.766764161830633656e+22
6.766764161830633656e+22
6.766764161830633656e+22
6.766764161830633656e+22
6.766764161830633656e+22
6.766764161830633656e+22
6.766764161830633656e+22
6.766764161830633656e+22
6.766764161830633656e+22
6.766764161830633656e+22
6.766764161830633656e+22
6.766764161830633656e+22
6.766764161830633656e+22
6.766764161830633656e+22
6.766764161830633656e+22
6.766764161830633656e+22
6.766764161830633656e+22
6.766764161830633656e+22
6.766764161830633656e+22
6.766764161830633656e+22
6.766764161830633656e+22
6.766764161830633656e+22
6.766764161830633656e+22
6.766764161830633656e+22
6.766764161830633656e+22
6.766764161830633656e+22
6.766764161830633656e+22
6.766764161830633656e+22
6.766764161830633656e+22
6.766764161830633656e+22
6.766764161830633656e+22
6.766764161830633656e+22
6.766764161830633656e+22
3.080141350414250158e+23
3.126972017852588344e+23
3.173127712886401259e+23
3.218592503341675646e+23
3.263352079193724431e+23
3.307393714813779952e+23
3.350706227581252964e+23
3.393279933301734538e+23
3.435106598857510958e+23
3.476179392502101149e+23
3.516492832193048331e+23
3.556042732338405096e+23
3.594826149312480842e+23
3.632841326075542262e+23
3.670087636210686099e+23
3.706565527669327224e+23
3.742276466494727352e+23
3.777222880771179335e+23
3.811408105024728062e+23
3.844836325280191904e+23
3.877512524958509270e+23
3.909442431778482721e+23
3.940632465807728160e+23
3.971089688789293738e+23
4.000821754852880910e+23
4.029836862703119515e+23
4.058143709361815043e+23
4.085751445526450474e+23
4.112669632593862370e+23
4.138908201385298483e+23
4.164477412597689808e+23
4.189387818995258166e+23
4.213650229346159590e+23
4.237275674099928300e+23
4.260275372793914783e+23
4.282660703169723498e+23
4.304443171974633363e+23
4.325634387417472518e+23
4.346246033243725973e+23
4.366289844390635546e+23
4.385777584179616237e+23
4.404721023000418777e+23
4.423131918439185667e+23
4.441021996800721405e+23
4.458402935973942584e+23
4.475286349588360268e+23
4.491683772408965188e+23
4.507606646916588996e+23
4.523066311020744393e+23
4.538073986852328068e+23
4.552640770583969053e+23
4.566777623226649328e+23
4.580495362351959659e+23
4.593804654690546892e+23
4.606716009558350422e+23
4.619239773063610032e+23
4.631386123048923829e+23
4.643165064724085232e+23
4.654586426946984891e+23
4.665659859111323705e+23
4.676394828601471575e+23
4.686800618776443979e+23
4.696886327446472376e+23
4.706660865807288600e+23
4.716132957798835914e+23
4.725311139856576309e+23
4.734203761025279622e+23
4.742818983406479941e+23
4.751164782912434298e+23
4.759248950300752772e+23
4.767079092465307956e+23
4.774662633960395369e+23
4.782006818736392152e+23
4.789118712066465973e+23
4.796005202645106117e+23
4.802673004840376819e+23
4.809128661082972692e+23
4.815378544376244590e+23
4.821428860912294387e+23
4.827285652780356521e+23
4.832954800754551884e+23
4.838442027148953906e+23
4.843752898728901267e+23
4.848892829668085565e+23
4.853867084541936156e+23
4.858680781348340446e+23
4.863338894547598254e+23
4.867846258114016208e+23
4.872207568592266204e+23
4.876427388152096332e+23
4.880510147635660508e+23
4.884460149592104800e+23
4.888281571294606126e+23
4.891978467735497899e+23
4.895554774595517819e+23
4.899014311183590852e+23
4.902360783343973134e+23
4.905597786327925496e+23
4.908728807627302025e+23
4.911757229767871305e+23
4.914686333060386579e+23
4.917519298307719074e+23
4.920259209466555264e+23
4.922909056262411198e+23
4.925471736756928397e+23
4.927950059866584273e+23
4.930346747832158745e+23
4.932664438638381902e+23
4.934905688383442639e+23
4.937072973598073018e+23
4.939168693514112420e+23
4.941195172282540050e+23
4.943154661141058368e+23
4.945049340531458273e+23
4.946881322166988864e+23
4.948652651050118981e+23
4.950365307441103923e+23
4.952021208777833820e+23
4.953622211547509241e+23
4.955170113110741321e+23
4.956666653478666287e+23
4.958113517043826001e+23
4.959512334265418504e+23
4.960864683309739299e+23
4.962172091646517350e+23
4.963436037601948410e+23
4.964657951869225623e+23
4.965839218977353918e+23
4.966981178719109193e+23
4.968085127538951628e+23
4.969152319881716548e+23
4.970183969502955265e+23
4.971181250741770104e+23
4.972145299756945590e+23
4.973077215727255573e+23
4.973978062016785165e+23
4.974848867306074129e+23
4.975690626689936696e+23
4.976504302742743642e+23
4.977290826552013551e+23
4.978051098721105813e+23
4.978785990341787113e+23
4.979496343937481410e+23
4.980182974377932882e+23
4.980846669766085134e+23
4.981488192297904122e+23
4.982108279095856820e+23
4.982707643016793901e+23
4.983286973434918915e+23
4.983846937000554665e+23
4.984388178375374495e+23
4.984911320944762212e+23
4.985416967507942195e+23
4.985905700946538031e+23
4.986378084872166341e+23
4.986834664253659713e+23
4.987275966024546874e+23
4.987702499671328319e+23
4.988114757803142661e+23
4.988513216703359877e+23
4.988898336863661840e+23
4.989270563501071820e+23
4.989630327058542321e+23
4.989978043689504562e+23
4.990314115726916494e+23
4.990638932137262312e+23
4.990952868959982641e+23
4.991256289732746092e+23
4.991549545903035305e+23
4.991832977226426650e+23
4.992106912152040726e+23
4.992371668195473023e+23
4.992627552299682586e+23
4.992874861184142646e+23
4.993113881682672018e+23
4.993344891070276740e+23
4.993568157379340869e+23
4.993783939705526802e+23
4.993992488503689798e+23
4.994194045874141575e+23
4.994388845839528063e+23
4.994577114612686379e+23
4.994759070855699135e+23
4.994934925930482966e+23
4.995104884141143464e+23
4.995269142968376377e+23
4.995427893296154636e+23
4.995581319630995839e+23
4.995729600313987328e+23
4.995872907725832632e+23
4.996011408485170241e+23
4.996145263640298924e+23
4.996274628854647179e+23
4.996399654586063950e+23
4.996520486260219209e+23
4.996637264438259352e+23
4.996750124978924757e+23
4.996859199195299992e+23
4.996964614006383879e+23
4.997066492083637133e+23
4.997164951992659241e+23
4.997260108330210668e+23
4.997352071856628716e+23
4.997440949623913510e+23
4.997526845099523724e+23
4.997609858286075972e+23
4.997690085837062642e+23
4.997767621168733775e+23
4.997842554568248373e+23
4.997914973298237385e+23
4.997984961697895164e+23
4.998052601280688627e+23
4.998117970828831102e+23
4.998181146484602055e+23
4.998242201838634842e+23
4.998301208015251670e+23
4.998358233754960522e+23
4.998413345494205318e+23
4.998466607442458564e+23
4.998518081656732328e+23
4.998567828113616913e+23
4.998615904778906312e+23
4.998662367674911750e+23
4.998707270945512316e+23
4.998750666919053424e+23
4.998792606169121937e+23
4.998833137573318099e+23
4.998872308370043054e+23
4.998910164213403295e+23
4.998946749226263574e+23
4.998982106051549615e+23
4.999016275901809353e+23
4.999049298607145442e+23
4.999081212661525067e+23
4.999112055267554304e+23
4.999141862379737842e+23
4.999170668746299880e+23
4.999198507949623261e+23
4.999225412445308170e+23
4.999251413599932949e+23
4.999276541727566694e+23
4.999300826125031598e+23
4.999324295106009026e+23
4.999346976034001372e+23
4.999368895354157767e+23
4.999390078624089799e+23
4.999410550543608122e+23
4.999430334983479943e+23
4.999449455013223507e+23
4.999467932927981833e+23
4.999485790274468352e+23
4.999503047876077022e+23
4.999519725857109306e+23
4.999535843666238112e+23
4.999551420099156362e+23
4.999566473320456499e+23
4.999581020884797290e+23
4.999595079757357939e+23
4.999608666333594266e+23
4.999621796458354662e+23
4.999634485444324297e+23
4.999646748089872716e+23
4.999658598696306858e+23
4.999670051084523452e+23
4.999681118611109776e+23
4.999691814183929685e+23
4.999702150277136541e+23
4.999712138945743888e+23
4.999721791839646505e+23
4.999731120217215992e+23
4.999740134958411159e+23
4.999748846577468310e+23
4.999757265235151296e+23
4.999765400750600927e+23
4.999773262612769653e+23
4.999780859991495195e+23
4.999788201748184946e+23
4.999795296446142690e+23
4.999802152360557748e+23
4.999808777488145842e+23
4.999815179556481254e+23
4.999821366032990082e+23
4.999827344133677080e+23
4.999833120831523657e+23
4.999838702864622147e+23
4.999844096744032913e+23
4.999849308761374358e+23
4.999854344996161281e+23
4.999859211322896941e+23
4.999863913417910780e+23
4.999868456765990120e+23
4.999872846666767584e+23
4.999877088240903169e+23
4.999881186436056256e+23
4.999885146032665033e+23
4.999888971649497065e+23
4.999892667749060282e+23
4.999896238642787810e+23
4.999899688496080534e+23
4.999903021333159063e+23
4.999906241041754646e+23
4.999909351377637674e+23
4.999912355969019350e+23
4.999915258320758076e+23
4.999918061818459130e+23
4.999920769732424698e+23
4.999923385221459613e+23
4.999925911336569725e+23
4.999928351024501899e+23
4.999930707131190718e+23
4.999932982405087090e+23
4.999935179500342561e+23
4.999937300979921820e+23
4.999939349318582340e+23
4.999941326905771462e+23
4.999943236048401350e+23
4.999945078973545421e+23
4.999946857831039490e+23
4.999948574695978214e+23
4.999950231571150479e+23
4.999951830389361360e+23
4.999953373015697051e+23
4.999954861249696503e+23
4.999956296827443882e+23
4.999957681423605993e+23
4.999959016653374410e+23
4.999960304074362643e+23
4.999961545188400630e+23
4.999962741443313124e+23
4.999963894234589356e+23
4.999965004907021840e+23
4.999966074756262621e+23
4.999967105030352693e+23
4.999968096931161477e+23
4.999969051615796113e+23
4.999969970197949674e+23
4.999970853749198380e+23
4.999971703300257208e+23
4.999972519842179124e+23
4.999973304327509356e+23
4.999974057671396719e+23
4.999974780752657960e+23
4.999975474414819287e+23
4.999976139467074012e+23
4.999976776685254292e+23
4.999977386812710920e+23
4.999977970561199165e+23
4.999978528611697500e+23
4.999979061615209554e+23
4.999979570193519755e+23
4.999980054939918779e+23
4.999980516419892087e+23
4.999980955171793026e+23
4.999981371707450836e+23
4.999981766512784693e+23
4.999982140048362061e+23
4.999982492749937571e+23
4.999982825028964393e+23
4.999983137273066679e+23
4.999983429846501949e+23
4.999983703090575148e+23
4.999983957324048682e+23
4.999984192843497425e+23
4.999984409923677816e+23
4.999984608817829181e+23
4.999984789757971021e+23
4.999984952955190913e+23
4.999985098599863283e+23
4.999985226861899049e+23
4.999985337890922792e+23
4.999985431816455292e+23
4.999985508748072573e+23
4.999985568775519318e+23
4.999985611968823626e+23
4.999985638378371505e+23
4.999985648034972634e+23
4.999985640949893248e+23
4.999985617114868220e+23
4.999985576502096361e+23
4.999985519064197471e+23
4.999985444734166704e+23
4.999985353425290684e+23
4.999985245031056236e+23
4.999985119425009455e+23
4.999984976460626191e+23
4.999984815971125481e+23
4.999984637769290372e+23
4.999984441647226998e+23
4.999984227376156545e+23
4.999983994706110573e+23
4.999983743365666612e+23
4.999983473061616639e+23
4.999983183478636906e+23
4.999982874278903404e+23
4.999982545101716728e+23
4.999982195563070562e+23
4.999981825255204066e+23
4.999981433746127418e+23
4.999981020579119162e+23
4.999980585272192700e+23
4.999980127317532575e+23
4.999979646180907266e+23
4.999979141301037024e+23
4.999978612088948958e+23
4.999978057927277087e+23
4.999977478169567093e+23
4.999976872139485107e+23
4.999976239130066089e+23
4.999975578402863563e+23
4.999974889187091289e+23
4.999974170678748166e+23
4.999973422039641799e+23
4.999972642396442261e+23
4.999971830839655331e+23
4.999970986422542711e+23
4.999970108160048953e+23
4.999969195027632426e+23
4.999968245960068091e+23
4.999967259850223439e+23
4.999966235547740469e+23
4.999965171857719684e+23
4.999964067539312821e+23
4.999962921304274638e+23
4.999961731815463704e+23
4.999960497685279434e+23
4.999959217474049461e+23
4.999957889688355943e+23
4.999956512779267243e+23
4.999955085140560215e+23
4.999953605106831762e+23
4.999952070951564088e+23
4.999950480885098008e+23
4.999948833052563310e+23
4.999947125531698392e+23
4.999945356330616876e+23
4.999943523385492353e+23
4.999941624558132396e+23
4.999939657633494194e+23
4.999937620317100856e+23
4.999935510232369138e+23
4.999933324917830467e+23
4.999931061824269415e+23
4.999928718311730646e+23
4.999926291646468147e+23
4.999923778997734741e+23
4.999921177434489723e+23
4.999918483921974969e+23
4.999915695318185007e+23
4.999912808370195493e+23
4.999909819710360823e+23
4.999906725852413092e+23
4.999903523187369800e+23
4.999900207979322094e+23
4.999896776361114977e+23
4.999893224329797320e+23
4.999889547741969881e+23
4.999885742308962861e+23
4.999881803591812131e+23
4.999877726996094538e+23
4.999873507766575301e+23
4.999869140981658776e+23
4.999864621547641928e+23
4.999859944192789289e+23
4.999855103461168335e+23
4.999850093706292935e+23
4.999844909084564133e+23
4.999839543548406252e+23
4.999833990839268110e+23
4.999828244480283996e+23
4.999822297768751436e+23
4.999816143768293548e+23
4.999809775300787191e+23
4.999803184937992475e+23
4.999796364992874241e+23
4.999789307510671886e+23
4.999782004259602773e+23
4.999774446721259620e+23
4.999766626080703224e+23
4.999758533216169970e+23
4.999750158688441787e+23
4.999741492729843653e+23
4.999732525232855219e+23
4.999723245738337229e+23
4.999713643423329786e+23
4.999703707088442601e+23
4.999693425144807010e+23
4.999682785600552871e+23
4.999671776046849920e+23
4.999660383643443795e+23
4.999648595103676671e+23
4.999636396679028057e+23
4.999623774143066386e+23
4.999610712774900638e+23
4.999597197342001815e+23
4.999583212082472105e+23
4.999568740686670479e+23
4.999553766278221550e+23
4.999538271394338586e+23
4.999522237965496903e+23
4.999505647294375107e+23
4.999488480034080277e+23
4.999470716165606101e+23
4.999452334974529322e+23
4.999433315026874705e+23
4.999413634144151882e+23
4.999393269377543271e+23
4.999372196981160521e+23
4.999350392384414454e+23
4.999327830163397825e+23
4.999304484011286295e+23
4.999280326707723360e+23
4.999255330087127524e+23
4.999229465005904919e+23
4.999202701308543894e+23
4.999175007792514392e+23
4.999146352171948641e+23
4.999116701040095076e+23
4.999086019830437485e+23
4.999054272776480689e+23
4.999021422870162508e+23
4.998987431818783967e+23
4.998952260000497994e+23
4.998915866418223755e+23
4.998878208651980565e+23
4.998839242809566906e+23
4.998798923475540236e+23
4.998757203658435870e+23
4.998714034736132983e+23
4.998669366399391226e+23
4.998623146593358635e+23
4.998575321457130042e+23
4.998525835261167377e+23
4.998474630342589955e+23
4.998421647038207209e+23
4.998366823615265023e+23
4.998310096199773470e+23
4.998251398702379030e+23
4.998190662741688687e+23
4.998127817564917722e+23
4.998062789965826983e+23
4.997995504199836883e+23
4.997925881896184578e+23
4.997853841967091454e+23
4.997779300513777828e+23
4.997702170729249054e+23
4.997622362797736240e+23
4.997539783790683551e+23
4.997454337559139147e+23
4.997365924622464524e+23
4.997274442053220670e+23
4.997179783358070632e+23
4.997081838354638779e+23
4.996980493044090531e+23
4.996875629479378194e+23
4.996767125628952930e+23
4.996654855235807279e+23
4.996538687671679813e+23
4.996418487786280982e+23
4.996294115751340162e+23
4.996165426899322929e+23
4.996032271556645392e+23
4.995894494871161468e+23
4.995751936633790204e+23
4.995604431094021431e+23
4.995451806769147407e+23
4.995293886246986250e+23
4.995130485981874340e+23
4.994961416083733102e+23
4.994786480099921567e+23
4.994605474789729795e+23
4.994418189891142681e+23
4.994224407879748011e+23
4.994023903719417635e+23
4.993816444604585272e+23
4.993601789693750495e+23
4.993379689834012287e+23
4.993149887276258343e+23
4.992912115380764530e+23
4.992666098312838738e+23
4.992411550728248078e+23
4.992148177448015369e+23
4.991875673122316474e+23
4.991593721883085892e+23
4.991301996984951458e+23
4.991000160434186072e+23
4.990687862605200679e+23
4.990364741844265085e+23
4.990030424059993559e+23
4.989684522300200630e+23
4.989326636314680130e+23
4.988956352103472609e+23
4.988573241450151375e+23
4.988176861439698319e+23
4.987766753960401798e+23
4.987342445189396053e+23
4.986903445061222762e+23
4.986449246718969113e+23
4.985979325947420711e+23
4.985493140587658871e+23
4.984990129932608398e+23
4.984469714102836569e+23
4.983931293402163084e+23
4.983374247652351510e+23
4.982797935506333945e+23
4.982201693739309219e+23
4.981584836517069041e+23
4.980946654640894430e+23
4.980286414768341946e+23
4.979603358609238561e+23
4.978896702096178518e+23
4.978165634528801435e+23
4.977409317691118804e+23
4.976626884941161452e+23
4.975817440272170153e+23
4.974980057344591203e+23
4.974113778488056878e+23
4.973217613672606555e+23
4.972290539448308272e+23
4.971331497852502949e+23
4.970339395283823687e+23
4.969313101342190862e+23
4.968251447633932095e+23
4.967153226541197615e+23
4.966017189954827468e+23
4.964842047969841769e+23
4.963626467542676223e+23
4.962369071109349541e+23
4.961068435163731292e+23
4.959723088795041110e+23
4.958331512183775308e+23
4.956892135055278400e+23
4.955403335090091149e+23
4.953863436290343651e+23
4.952270707301429753e+23
4.950623359688201795e+23
4.948919546164985064e+23
4.947157358778748240e+23
4.945334827044767479e+23
4.943449916034233171e+23
4.941500524413182636e+23
4.939484482432333964e+23
4.937399549867360623e+23
4.935243413909232387e+23
4.933013687004355468e+23
4.930707904644300470e+23
4.928323523105014153e+23
4.925857917135480097e+23
4.923308377595941686e+23
4.920672109045955848e+23
4.917946227282521830e+23
4.915127756828926563e+23
4.912213628374853553e+23
4.909200676168623026e+23
4.906085635362584045e+23
4.902865139312905473e+23
4.899535716835128120e+23
4.896093789417225553e+23
4.892535668392043919e+23
4.888857552071336709e+23
4.885055522843905669e+23
4.881125544240602017e+23
4.877063457969407839e+23
4.872864980924035666e+23
4.868525702169969390e+23
4.864041079912283127e+23
4.859406438449939648e+23
4.854616965121837105e+23
4.849667707250317030e+23
4.844553569088389492e+23
4.839269308777533947e+23
4.833809535323491963e+23
4.828168705598133759e+23
4.822341121376175050e+23
4.816320926416202514e+23
4.810102103596239306e+23
4.803678472114892712e+23
4.797043684769982338e+23
4.790191225327359927e+23
4.783114405993666723e+23
4.775806365007686947e+23
4.768260064366003571e+23
4.760468287699689962e+23
4.752423638319995751e+23
4.744118537452031459e+23
4.735545222676731532e+23
4.726695746602649130e+23
4.717561975790399002e+23
4.708135589953927119e+23
4.698408081464231230e+23
4.688370755182494000e+23
4.678014728651131207e+23
4.667330932672761388e+23
4.656310112308572329e+23
4.644942828329203296e+23
4.633219459152753732e+23
4.621130203306208883e+23
4.608665082448014979e+23
4.595813944991363304e+23
4.582566470368996759e+23
4.568912173982191284e+23
4.554840412877900009e+23
4.540340392199510924e+23
4.525401172458125184e+23
4.510011677672473079e+23
4.494160704426842354e+23
4.477836931897384753e+23
4.461028932898179336e+23
4.443725185999043811e+23
4.425914088767767634e+23
4.407583972189632557e+23
4.388723116317217831e+23
4.369319767203212134e+23
4.349362155168441576e+23
4.328838514456307780e+23
4.307737104323634151e+23
4.286046231616038067e+23
4.263754274873796544e+23
4.240849710011340942e+23
4.217321137610190362e+23
4.193157311861265227e+23
4.168347171187769223e+23
4.142879870574656362e+23
4.116744815624581609e+23
4.089931698353323345e+23
4.062430534730155735e+23
4.034231703959857183e+23
4.005325989493776654e+23
3.975704621746818730e+23
3.945359322485962823e+23
3.914282350843397396e+23
3.882466550894118159e+23
3.849905400723385331e+23
3.816593062894036907e+23
3.782524436207323935e+23
3.747695208633541203e+23
3.712101911270557693e+23
3.675741973169138534e+23
3.638613776844169213e+23
3.600716714270263513e+23
3.562051243139122185e+23
3.522618943134371477e+23
3.482422571957869347e+23
3.441466120819364237e+23
3.399754869079661431e+23
3.357295437715800672e+23
3.314095841255940298e+23
3.270165537811379593e+23
3.225515476814347863e+23
3.180158144052609543e+23
3.134107603576244603e+23
3.087379536038512904e+23
3.039991273021533470e+23
2.991961826889547215e+23
2.943311915707482358e+23
2.894063982761488847e+23
2.844242210220743789e+23
2.793872526487116600e+23
2.742982606791092690e+23
2.691601866609275385e+23
2.639761447501005817e+23
2.587494194989357523e+23
2.534834628145201461e+23
2.481818900572309291e+23
2.428484752536589094e+23
2.374871454033507506e+23
2.321019738644432709e+23
2.266971728094844672e+23
2.212770847494693695e+23
2.158461731313420295e+23
2.104090120218544492e+23
2.049702748986880022e+23
1.995347225780398714e+23
1.941071903163982723e+23
1.886925741328584566e+23
1.832958164069848376e+23
1.779218908157903582e+23
1.725757866817628993e+23
1.672624928119137019e+23
1.619869809154190339e+23
1.567541886944678615e+23
1.515690027092784961e+23
1.464362411238104110e+23
1.413606364433350824e+23
1.363468183586747586e+23
1.313992968144456683e+23
1.265224454200013672e+23
1.217204853218850667e+23
1.169974696554229714e+23
1.123572686906057053e+23
1.078035557835927768e+23
1.033397942400598409e+23
9.896922519021778947e+22
9.469485656772754119e+22
9.051945327599006463e+22
8.644552861550407949e+22
8.247533703527176287e+22
7.861086825972403641e+22
7.485384283048563337e+22
7.120570908965431830e+22
6.766764161830633656e+22
6.766764161830633656e+22
6.766764161830633656e+22
6.766764161830633656e+22
6.766764161830633656e+22
6.766764161830633656e+22
6.766764161830633656e+22
6.766764161830633656e+22
6.766764161830633656e+22
6.766764161830633656e+22
6.766764161830633656e+22
6.766764161830633656e+22
6.766764161830633656e+22
6.766764161830633656e+22
6.766764161830633656e+22
6.766764161830633656e+22
6.766764161830633656e+22
6.766764161830633656e+22
6.766764161830633656e+22
6.766764161830633656e+22
6.766764161830633656e+22
6.766764161830633656e+22
6.766764161830633656e+22
6.766764161830633656e+22
6.766764161830633656e+22
6.766764161830633656e+22
6.766764161830633656e+22
6.766764161830633656e+22
6.766764161830633656e+22
6.766764161830633656e+22
6.766764161830633656e+22
6.766764161830633656e+22
6.766764161830633656e+22
6.766764161830633656e+22
6.766764161830633656e+22
6.766764161830633656e+22
6.766764161830633656e+22
6.766764161830633656e+22
6.766764161830633656e+22
6.766764161830633656e+22
6.766764161830633656e+22
6.766764161830633656e+22
6.766764161830633656e+22
6.766764161830633656e+22
6.766764161830633656e+22
6.766764161830633656e+22
6.766764161830633656e+22
6.766764161830633656e+22
6.766764161830633656e+22
6.766764161830633656e+22
6.766764161830633656e+22
6.766764161830633656e+22
6.766764161830633656e+22
6.766764161830633656e+22
6.766764161830633656e+22
6.766764161830633656e+22
6.766764161830633656e+22
6.766764161830633656e+22
6.766764161830633656e+22
6.766764161830633656e+22
6.766764161830633656e+22
6.766764161830633656e+22
6.766764161830633656e+22
6.766764161830633656e+22
6.766764161830633656e+22
6.766764161830633656e+22
6.766764161830633656e+22
6.766764161830633656e+22
6.766764161830633656e+22
6.766764161830633656e+22
6.766764161830633656e+22
6.766764161830633656e+22
6.766764161830633656e+22
6.766764161830633656e+22
6.766764161830633656e+22
6.766764161830633656e+22
6.766764161830633656e+22
6.766764161830633656e+22
6.766764161830633656e+22
6.766764161830633656e+22
6.766764161830633656e+22
6.766764161830633656e+22
6.766764161830633656e+22
6.766764161830633656e+22
6.766764161830633656e+22
6.766764161830633656e+22
6.766764161830633656e+22
6.766764161830633656e+22
6.766764161830633656e+22
6.766764161830633656e+22
6.766764161830633656e+22
6.766764161830633656e+22
6.766764161830633656e+22
6.766764161830633656e+22
6.766764161830633656e+22
6.766764161830633656e+22
6.766764161830633656e+22
6.766764161830633656e+22
6.766764161830633656e+22
6.766764161830633656e+22
6.766764161830633656e+22
