0.000000000000000000e+00
0.000000000000000000e+00
0.000000000000000000e+00
0.000000000000000000e+00
0.000000000000000000e+00
0.000000000000000000e+00
0.000000000000000000e+00
0.000000000000000000e+00
0.000000000000000000e+00
0.000000000000000000e+00
0.000000000000000000e+00
0.000000000000000000e+00
0.000000000000000000e+00
0.000000000000000000e+00
0.000000000000000000e+00
0.000000000000000000e+00
0.000000000000000000e+00
0.000000000000000000e+00
0.000000000000000000e+00
0.000000000000000000e+00
0.000000000000000000e+00
0.000000000000000000e+00
0.000000000000000000e+00
0.000000000000000000e+00
0.000000000000000000e+00
0.000000000000000000e+00
0.000000000000000000e+00
0.000000000000000000e+00
0.000000000000000000e+00
0.000000000000000000e+00
0.000000000000000000e+00
0.000000000000000000e+00
0.000000000000000000e+00
0.000000000000000000e+00
0.000000000000000000e+00
0.000000000000000000e+00
0.000000000000000000e+00
0.000000000000000000e+00
0.000000000000000000e+00
0.000000000000000000e+00
0.000000000000000000e+00
0.000000000000000000e+00
0.000000000000000000e+00
0.000000000000000000e+00
0.000000000000000000e+00
0.000000000000000000e+00
0.000000000000000000e+00
0.000000000000000000e+00
0.000000000000000000e+00
0.000000000000000000e+00
0.000000000000000000e+00
0.000000000000000000e+00
0.000000000000000000e+00
0.000000000000000000e+00
0.000000000000000000e+00
0.000000000000000000e+00
0.000000000000000000e+00
0.000000000000000000e+00
0.000000000000000000e+00
0.000000000000000000e+00
0.000000000000000000e+00
0.000000000000000000e+00
0.000000000000000000e+00
0.000000000000000000e+00
0.000000000000000000e+00
0.000000000000000000e+00
0.000000000000000000e+00
0.000000000000000000e+00
0.000000000000000000e+00
0.000000000000000000e+00
0.000000000000000000e+00
0.000000000000000000e+00
0.000000000000000000e+00
0.000000000000000000e+00
0.000000000000000000e+00
0.000000000000000000e+00
0.000000000000000000e+00
0.000000000000000000e+00
0.000000000000000000e+00
0.000000000000000000e+00
0.000000000000000000e+00
0.000000000000000000e+00
0.000000000000000000e+00
0.000000000000000000e+00
0.000000000000000000e+00
0.000000000000000000e+00
0.000000000000000000e+00
0.000000000000000000e+00
0.000000000000000000e+00
0.000000000000000000e+00
0.000000000000000000e+00
0.000000000000000000e+00
0.000000000000000000e+00
0.000000000000000000e+00
0.000000000000000000e+00
0.000000000000000000e+00
0.000000000000000000e+00
0.000000000000000000e+00
0.000000000000000000e+00
0.000000000000000000e+00
0.000000000000000000e+00
-4.016774241004732421e-04
-7.917748187560728944e-04
-1.170574652943382702e-03
-1.538355324401594493e-03
-1.895391063534267000e-03
-2.241951847095414920e-03
-2.578303321432212115e-03
-2.904706735034675007e-03
-3.221418880123418788e-03
-3.528692042989881993e-03
-3.826773962789215867e-03
-4.115907798474201067e-03
-4.396332103548969937e-03
-4.668280808313912678e-03
-4.931983209267725571e-03
-5.187663965329042740e-03
-5.435543100538352095e-03
-5.675836012900743917e-03
-5.908753489031404009e-03
-6.134501724268501613e-03
-6.353282347922104348e-03
-6.565292453332685109e-03
-6.770724632419075975e-03
-6.969767014402449695e-03
-7.162603308400702570e-03
-7.349412849595942689e-03
-7.530370648686693542e-03
-7.705647444345781021e-03
-7.875409758414711123e-03
-8.039819953575210246e-03
-8.199036293249112317e-03
-8.353213003487800284e-03
-8.502500336623503019e-03
-8.647044636464595868e-03
-8.786988404828086768e-03
-8.922470369212592844e-03
-9.053625551425581452e-03
-9.180585336988717968e-03
-9.303477545155215342e-03
-9.422426499382767148e-03
-9.537553098115287425e-03
-9.648974885735985690e-03
-9.756806123562689406e-03
-9.861157860766290445e-03
-9.962138005100481392e-03
-1.005985139333932278e-02
-1.015439986132727485e-02
-1.024588231355357155e-02
-1.033439479216992710e-02
-1.042003054537752986e-02
-1.050288009511563675e-02
-1.058303130399049913e-02
-1.066056944138898260e-02
-1.073557724872701950e-02
-1.080813500378820062e-02
-1.087832058411295974e-02
-1.094620952940325576e-02
-1.101187510291238084e-02
-1.107538835179347481e-02
-1.113681816638433311e-02
-1.119623133840974907e-02
-1.125369261808603291e-02
-1.130926477011551592e-02
-1.136300862856192036e-02
-1.141498315060008630e-02
-1.146524546913625653e-02
-1.151385094429733559e-02
-1.156085321378999380e-02
-1.160630424213197724e-02
-1.165025436876055906e-02
-1.169275235502411324e-02
-1.173384543006468321e-02
-1.177357933560074614e-02
-1.181199836962059865e-02
-1.184914542899805252e-02
-1.188506205104302230e-02
-1.191978845400063977e-02
-1.195336357651331262e-02
-1.198582511606081057e-02
-1.201720956639422064e-02
-1.204755225398007439e-02
-1.207688737347146352e-02
-1.210524802222338013e-02
-1.213266623386982830e-02
-1.215917301098053821e-02
-1.218479835681536907e-02
-1.220957130619456342e-02
-1.223351995550327719e-02
-1.225667149184868007e-02
-1.227905222138815124e-02
-1.230068759684697921e-02
-1.232160224424390729e-02
-1.234181998884284308e-02
-1.236136388034896928e-02
-1.238025621736728830e-02
-1.239851857114150462e-02
-1.241617180859092527e-02
-1.243323611466313344e-02
-1.244973101401949944e-02
-1.246567539207062147e-02
-1.248108751537873456e-02
-1.249598505144370805e-02
-1.251038508788863621e-02
-1.252430415106140470e-02
-1.253775822406783674e-02
-1.255076276425194995e-02
-1.256333272013853905e-02
-1.257548254785293557e-02
-1.258722622703255072e-02
-1.259857727624454082e-02
-1.260954876792350250e-02
-1.262015334284295742e-02
-1.263040322413393202e-02
-1.264031023086379865e-02
-1.264988579118804350e-02
-1.265914095508752397e-02
-1.266808640670331193e-02
-1.267673247628106625e-02
-1.268508915173643947e-02
-1.269316608985289821e-02
-1.270097262712284979e-02
-1.270851779024289793e-02
-1.271581030627360817e-02
-1.272285861247399001e-02
-1.272967086582047803e-02
-1.273625495222022695e-02
-1.274261849542794763e-02
-1.274876886567541910e-02
-1.275471318802256365e-02
-1.276045835043869252e-02
-1.276601101162229066e-02
-1.277137760856744686e-02
-1.277656436388488990e-02
-1.278157729288524266e-02
-1.278642221043202638e-02
-1.279110473757155524e-02
-1.279563030794686820e-02
-1.280000417400245158e-02
-1.280423141298628678e-02
-1.280831693275586922e-02
-1.281226547739426624e-02
-1.281608163264227017e-02
-1.281976983115259115e-02
-1.282333435757169668e-02
-1.282677935345487991e-02
-1.283010882201985475e-02
-1.283332663274412005e-02
-1.283643652581105757e-02
-1.283944211640966615e-02
-1.284234689889269046e-02
-1.284515425079763538e-02
-1.284786743673520075e-02
-1.285048961214936038e-02
-1.285302382695324014e-02
-1.285547302904493233e-02
-1.285784006770700379e-02
-1.286012769689362165e-02
-1.286233857840882525e-02
-1.286447528497964253e-02
-1.286654030322732616e-02
-1.286853603654018394e-02
-1.287046480785111226e-02
-1.287232886232303301e-02
-1.287413036994518832e-02
-1.287587142804326110e-02
-1.287755406370612657e-02
-1.287918023613199639e-02
-1.288075183889655917e-02
-1.288227070214575595e-02
-1.288373859471559843e-02
-1.288515722618147064e-02
-1.288652824883925081e-02
-1.288785325962046695e-02
-1.288913380194369081e-02
-1.289037136750424695e-02
-1.289156739800434437e-02
-1.289272328682547659e-02
-1.289384038064516486e-02
-1.289491998099968721e-02
-1.289596334579481453e-02
-1.289697169076603478e-02
-1.289794619089013571e-02
-1.289888798174964463e-02
-1.289979816085175951e-02
-1.290067778890323369e-02
-1.290152789104264536e-02
-1.290234945803146044e-02
-1.290314344740556979e-02
-1.290391078458804491e-02
-1.290465236396488163e-02
-1.290536904992474129e-02
-1.290606167786395066e-02
-1.290673105515791064e-02
-1.290737796210001190e-02
-1.290800315280915198e-02
-1.290860735610688953e-02
-1.290919127636527483e-02
-1.290975559432630017e-02
-1.291030096789395204e-02
-1.291082803289974983e-02
-1.291133740384265913e-02
-1.291182967460425580e-02
-1.291230541913991441e-02
-1.291276519214692130e-02
-1.291320952971014395e-02
-1.291363894992614454e-02
-1.291405395350635373e-02
-1.291445502436005394e-02
-1.291484263015783666e-02
-1.291521722287620501e-02
-1.291557923932391133e-02
-1.291592910165064757e-02
-1.291626721783873007e-02
-1.291659398217828887e-02
-1.291690977572653061e-02
-1.291721496675160910e-02
-1.291750991116166238e-02
-1.291779495291938383e-02
-1.291807042444277631e-02
-1.291833664699243607e-02
-1.291859393104588007e-02
-1.291884257665929306e-02
-1.291908287381715592e-02
-1.291931510277016283e-02
-1.291953953436180032e-02
-1.291975643034398713e-02
-1.291996604368208894e-02
-1.292016861884977275e-02
-1.292036439211392308e-02
-1.292055359180999466e-02
-1.292073643860815538e-02
-1.292091314577050072e-02
-1.292108391939964657e-02
-1.292124895867896583e-02
-1.292140845610477429e-02
-1.292156259771072048e-02
-1.292171156328464354e-02
-1.292185552657818676e-02
-1.292199465550934734e-02
-1.292212911235823478e-02
-1.292225905395625631e-02
-1.292238463186898972e-02
-1.292250599257287018e-02
-1.292262327762598757e-02
-1.292273662383310560e-02
-1.292284616340520775e-02
-1.292295202411362920e-02
-1.292305432943904875e-02
-1.292315319871546048e-02
-1.292324874726933845e-02
-1.292334108655410554e-02
-1.292343032428008853e-02
-1.292351656454013287e-02
-1.292359990793097435e-02
-1.292368045167058624e-02
-1.292375828971149485e-02
-1.292383351285035856e-02
-1.292390620883386229e-02
-1.292397646246103149e-02
-1.292404435568216339e-02
-1.292410996769435480e-02
-1.292417337503389170e-02
-1.292423465166549733e-02
-1.292429386906859649e-02
-1.292435109632066731e-02
-1.292440640017783297e-02
-1.292445984515267453e-02
-1.292451149358951959e-02
-1.292456140573712033e-02
-1.292460963981892884e-02
-1.292465625210101679e-02
-1.292470129695769479e-02
-1.292474482693491827e-02
-1.292478689281158916e-02
-1.292482754365878450e-02
-1.292486682689698158e-02
-1.292490478835135910e-02
-1.292494147230527357e-02
-1.292497692155188116e-02
-1.292501117744407867e-02
-1.292504427994271149e-02
-1.292507626766319952e-02
-1.292510717792058617e-02
-1.292513704677303657e-02
-1.292516590906392197e-02
-1.292519379846244695e-02
-1.292522074750293050e-02
-1.292524678762274788e-02
-1.292527194919903220e-02
-1.292529626158404193e-02
-1.292531975313945640e-02
-1.292534245126943787e-02
-1.292536438245258691e-02
-1.292538557227285688e-02
-1.292540604544937730e-02
-1.292542582586529362e-02
-1.292544493659561478e-02
-1.292546339993414298e-02
-1.292548123741948073e-02
-1.292549846986014613e-02
-1.292551511735885034e-02
-1.292553119933594410e-02
-1.292554673455207671e-02
-1.292556174113006912e-02
-1.292557623657607062e-02
-1.292559023779997485e-02
-1.292560376113513314e-02
-1.292561682235742263e-02
-1.292562943670363430e-02
-1.292564161888926436e-02
-1.292565338312567577e-02
-1.292566474313665975e-02
-1.292567571217446108e-02
-1.292568630303523453e-02
-1.292569652807395650e-02
-1.292570639921887705e-02
-1.292571592798538380e-02
-1.292572512548947720e-02
-1.292573400246070821e-02
-1.292574256925471850e-02
-1.292575083586529686e-02
-1.292575881193605211e-02
-1.292576650677166802e-02
-1.292577392934874010e-02
-1.292578108832625854e-02
-1.292578799205570950e-02
-1.292579464859082428e-02
-1.292580106569694853e-02
-1.292580725086012704e-02
-1.292581321129582239e-02
-1.292581895395734232e-02
-1.292582448554394428e-02
-1.292582981250865216e-02
-1.292583494106577975e-02
-1.292583987719819402e-02
-1.292584462666427833e-02
-1.292584919500465272e-02
-1.292585358754864966e-02
-1.292585780942051912e-02
-1.292586186554540995e-02
-1.292586576065511000e-02
-1.292586949929357132e-02
-1.292587308582221310e-02
-1.292587652442500970e-02
-1.292587981911336691e-02
-1.292588297373080397e-02
-1.292588599195742920e-02
-1.292588887731425419e-02
-1.292589163316728261e-02
-1.292589426273143237e-02
-1.292589676907431040e-02
-1.292589915511976190e-02
-1.292590142365130507e-02
-1.292590357731536639e-02
-1.292590561862437364e-02
-1.292590754995967713e-02
-1.292590937357434265e-02
-1.292591109159576222e-02
-1.292591270602815555e-02
-1.292591421875488415e-02
-1.292591563154067355e-02
-1.292591694603365503e-02
-1.292591816376728771e-02
-1.292591928616216961e-02
-1.292592031452766133e-02
-1.292592125006344038e-02
-1.292592209386088375e-02
-1.292592284690435162e-02
-1.292592351007233742e-02
-1.292592408413848273e-02
-1.292592456977248103e-02
-1.292592496754086870e-02
-1.292592527790767387e-02
-1.292592550123496803e-02
-1.292592563778328409e-02
-1.292592568771192170e-02
-1.292592565107912941e-02
-1.292592552784216711e-02
-1.292592531785728520e-02
-1.292592502087951123e-02
-1.292592463656240184e-02
-1.292592416445761949e-02
-1.292592360401442070e-02
-1.292592295457900033e-02
-1.292592221539375086e-02
-1.292592138559634299e-02
-1.292592046421875071e-02
-1.292591945018612201e-02
-1.292591834231550905e-02
-1.292591713931449948e-02
-1.292591583977968292e-02
-1.292591444219505850e-02
-1.292591294493022555e-02
-1.292591134623851702e-02
-1.292590964425492477e-02
-1.292590783699395021e-02
-1.292590592234727984e-02
-1.292590389808132706e-02
-1.292590176183462496e-02
-1.292589951111506805e-02
-1.292589714329701704e-02
-1.292589465561822144e-02
-1.292589204517660337e-02
-1.292588930892688177e-02
-1.292588644367699546e-02
-1.292588344608441853e-02
-1.292588031265220865e-02
-1.292587703972498947e-02
-1.292587362348462075e-02
-1.292587005994578174e-02
-1.292586634495133599e-02
-1.292586247416745680e-02
-1.292585844307855662e-02
-1.292585424698206552e-02
-1.292584988098290609e-02
-1.292584533998779144e-02
-1.292584061869932709e-02
-1.292583571160973131e-02
-1.292583061299455369e-02
-1.292582531690581425e-02
-1.292581981716525545e-02
-1.292581410735700424e-02
-1.292580818082013881e-02
-1.292580203064091701e-02
-1.292579564964463183e-02
-1.292578903038740616e-02
-1.292578216514739774e-02
-1.292577504591576991e-02
-1.292576766438739526e-02
-1.292576001195121053e-02
-1.292575207968005117e-02
-1.292574385832034704e-02
-1.292573533828129777e-02
-1.292572650962363172e-02
-1.292571736204808919e-02
-1.292570788488338340e-02
-1.292569806707371920e-02
-1.292568789716592136e-02
-1.292567736329605990e-02
-1.292566645317562435e-02
-1.292565515407723131e-02
-1.292564345281969722e-02
-1.292563133575265998e-02
-1.292561878874076350e-02
-1.292560579714708939e-02
-1.292559234581603517e-02
-1.292557841905574503e-02
-1.292556400061974087e-02
-1.292554907368799119e-02
-1.292553362084722379e-02
-1.292551762407075089e-02
-1.292550106469732805e-02
-1.292548392340935742e-02
-1.292546618021050281e-02
-1.292544781440225360e-02
-1.292542880455976873e-02
-1.292540912850696777e-02
-1.292538876329057951e-02
-1.292536768515339246e-02
-1.292534586950656872e-02
-1.292532329090095161e-02
-1.292529992299736724e-02
-1.292527573853591988e-02
-1.292525070930412856e-02
-1.292522480610410612e-02
-1.292519799871852393e-02
-1.292517025587518881e-02
-1.292514154521078734e-02
-1.292511183323297869e-02
-1.292508108528141880e-02
-1.292504926548723732e-02
-1.292501633673131048e-02
-1.292498226060091043e-02
-1.292494699734484526e-02
-1.292491050582722859e-02
-1.292487274347938614e-02
-1.292483366625019753e-02
-1.292479322855480742e-02
-1.292475138322137472e-02
-1.292470808143611830e-02
-1.292466327268629658e-02
-1.292461690470138314e-02
-1.292456892339204078e-02
-1.292451927278705920e-02
-1.292446789496806345e-02
-1.292441473000197245e-02
-1.292435971587109315e-02
-1.292430278840078946e-02
-1.292424388118463760e-02
-1.292418292550697248e-02
-1.292411985026274690e-02
-1.292405458187461352e-02
-1.292398704420710288e-02
-1.292391715847784200e-02
-1.292384484316567300e-02
-1.292377001391556771e-02
-1.292369258344029138e-02
-1.292361246141854325e-02
-1.292352955438971079e-02
-1.292344376564479903e-02
-1.292335499511371513e-02
-1.292326313924852497e-02
-1.292316809090274590e-02
-1.292306973920638244e-02
-1.292296796943663041e-02
-1.292286266288412977e-02
-1.292275369671453539e-02
-1.292264094382527748e-02
-1.292252427269736242e-02
-1.292240354724203885e-02
-1.292227862664209817e-02
-1.292214936518771770e-02
-1.292201561210654277e-02
-1.292187721138792801e-02
-1.292173400160102556e-02
-1.292158581570660228e-02
-1.292143248086229101e-02
-1.292127381822107471e-02
-1.292110964272282295e-02
-1.292093976287853399e-02
-1.292076398054712097e-02
-1.292058209070444733e-02
-1.292039388120432529e-02
-1.292019913253125360e-02
-1.291999761754452497e-02
-1.291978910121351076e-02
-1.291957334034370825e-02
-1.291935008329330760e-02
-1.291911906967991783e-02
-1.291888003007712546e-02
-1.291863268570049052e-02
-1.291837674808269006e-02
-1.291811191873738079e-02
-1.291783788881137839e-02
-1.291755433872478903e-02
-1.291726093779866497e-02
-1.291695734386972584e-02
-1.291664320289173315e-02
-1.291631814852302849e-02
-1.291598180169976212e-02
-1.291563377019436763e-02
-1.291527364815866358e-02
-1.291490101565114651e-02
-1.291451543814790652e-02
-1.291411646603656677e-02
-1.291370363409268668e-02
-1.291327646093802517e-02
-1.291283444848000811e-02
-1.291237708133180333e-02
-1.291190382621228323e-02
-1.291141413132517422e-02
-1.291090742571674756e-02
-1.291038311861121037e-02
-1.290984059872310637e-02
-1.290927923354589189e-02
-1.290869836861587884e-02
-1.290809732675068759e-02
-1.290747540726133909e-02
-1.290683188513707010e-02
-1.290616601020190719e-02
-1.290547700624210085e-02
-1.290476407010332331e-02
-1.290402637075665354e-02
-1.290326304833224261e-02
-1.290247321311954742e-02
-1.290165594453300014e-02
-1.290081029004191450e-02
-1.289993526406338353e-02
-1.289902984681691803e-02
-1.289809298313950893e-02
-1.289712358125973818e-02
-1.289612051152952930e-02
-1.289508260511210841e-02
-1.289400865262466112e-02
-1.289289740273410513e-02
-1.289174756070441200e-02
-1.289055778689377103e-02
-1.288932669519994578e-02
-1.288805285145196849e-02
-1.288673477174638940e-02
-1.288537092072615867e-02
-1.288395970980019990e-02
-1.288249949530162648e-02
-1.288098857658249823e-02
-1.287942519404302461e-02
-1.287780752709285353e-02
-1.287613369204224784e-02
-1.287440173992068435e-02
-1.287260965422045746e-02
-1.287075534856268154e-02
-1.286883666428311271e-02
-1.286685136793499877e-02
-1.286479714870622515e-02
-1.286267161574776961e-02
-1.286047229541050982e-02
-1.285819662838725598e-02
-1.285584196675682717e-02
-1.285340557092682148e-02
-1.285088460647170611e-02
-1.284827614086272649e-02
-1.284557714008579057e-02
-1.284278446514386732e-02
-1.283989486843974820e-02
-1.283690499003536933e-02
-1.283381135378335904e-02
-1.283061036332665793e-02
-1.282729829796178979e-02
-1.282387130836114102e-02
-1.282032541214968638e-02
-1.281665648933119281e-02
-1.281286027755894341e-02
-1.280893236724583995e-02
-1.280486819650852003e-02
-1.280066304594003335e-02
-1.279631203320537487e-02
-1.279181010745410012e-02
-1.278715204354389894e-02
-1.278233243606905628e-02
-1.277734569318727219e-02
-1.277218603023836524e-02
-1.276684746314797787e-02
-1.276132380160930821e-02
-1.275560864203572828e-02
-1.274969536027677208e-02
-1.274357710408990582e-02
-1.273724678536019769e-02
-1.273069707205978611e-02
-1.272392037993880926e-02
-1.271690886393924032e-02
-1.270965440932276050e-02
-1.270214862250367178e-02
-1.269438282157744728e-02
-1.268634802653536946e-02
-1.267803494915539786e-02
-1.266943398255915287e-02
-1.266053519042458289e-02
-1.265132829584367062e-02
-1.264180266981423072e-02
-1.263194731935449698e-02
-1.262175087522905345e-02
-1.261120157927415539e-02
-1.260028727131048097e-02
-1.258899537563070922e-02
-1.257731288704935085e-02
-1.256522635650170715e-02
-1.255272187617868102e-02
-1.253978506418377582e-02
-1.252640104869831572e-02
-1.251255445164074775e-02
-1.249822937180529274e-02
-1.248340936746532293e-02
-1.246807743842622690e-02
-1.245221600751206074e-02
-1.243580690147069734e-02
-1.241883133128126454e-02
-1.240126987184750514e-02
-1.238310244106060644e-02
-1.236430827821465191e-02
-1.234486592175765632e-02
-1.232475318636089973e-02
-1.230394713928899784e-02
-1.228242407605312746e-02
-1.226015949532939867e-02
-1.223712807312440920e-02
-1.221330363616976444e-02
-1.218865913452729655e-02
-1.216316661338660149e-02
-1.213679718403643318e-02
-1.210952099399163762e-02
-1.208130719625705868e-02
-1.205212391771016966e-02
-1.202193822658417094e-02
-1.199071609903345874e-02
-1.195842238476358191e-02
-1.192502077170807390e-02
-1.189047374973495330e-02
-1.185474257336591522e-02
-1.181778722349183415e-02
-1.177956636806876643e-02
-1.174003732177908953e-02
-1.169915600464339379e-02
-1.165687689956924206e-02
-1.161315300882415601e-02
-1.156793580942094835e-02
-1.152117520740474077e-02
-1.147281949103230725e-02
-1.142281528283573162e-02
-1.137110749056384831e-02
-1.131763925699670256e-02
-1.126235190863000835e-02
-1.120518490322858912e-02
-1.114607577624998277e-02
-1.108496008614167326e-02
-1.102177135851798925e-02
-1.095644102922542669e-02
-1.088889838630804560e-02
-1.081907051088783385e-02
-1.074688221697830091e-02
-1.067225599025297018e-02
-1.059511192579476631e-02
-1.051536766485597005e-02
-1.043293833066299275e-02
-1.034773646330494623e-02
-1.025967195374984965e-02
-1.016865197703749508e-02
-1.007458092470372123e-02
-9.977360336496481075e-03
-9.876888831450379366e-03
-9.773062038392761955e-03
-9.665772525961209907e-03
-9.554909732219434709e-03
-9.440359893965962618e-03
-9.322005975837734798e-03
-9.199727599318838905e-03
-9.073400971772860660e-03
-8.942898815626154629e-03
-8.808090297838119809e-03
-8.668840959803945229e-03
-8.525012647844661812e-03
-8.376463444449169099e-03
-8.223047600442786459e-03
-8.064615468267019582e-03
-7.901013436565613654e-03
-7.732083866282186448e-03
-7.557665028485508960e-03
-7.377591044148686626e-03
-7.191691826119378690e-03
-6.999793023528145391e-03
-6.801715968892986519e-03
-6.597277628187379200e-03
-6.386290554149621351e-03
-6.168562843120373694e-03
-5.943898095704370187e-03
-5.712095381560683589e-03
-5.472949208633781648e-03
-5.226249497144615924e-03
-4.971781558667220761e-03
-4.709326080621480635e-03
-4.438659116516937772e-03
-4.159552082285363807e-03
-3.871771759041410868e-03
-3.575080302610812288e-03
-3.269235260164041462e-03
-2.953989594290122936e-03
-2.629091714840206193e-03
-2.294285518863371613e-03
-1.949310438947938432e-03
-1.593901500270040452e-03
-1.227789386637423213e-03
-8.507005158000840919e-04
-4.623571242805355071e-04
-6.247736195494925360e-05
3.492246034077771703e-04
7.730384714689647607e-04
1.209257684354806805e-03
1.658179291284988610e-03
2.120103802712869183e-03
2.595335033932901457e-03
3.084179938151676396e-03
3.586948429062322957e-03
4.103953193007670204e-03
4.635509490865599366e-03
5.181934949840036504e-03
5.743549345392926636e-03
6.320674373605889365e-03
6.913633414315084602e-03
7.522751285418019344e-03
8.148353988807567616e-03
8.790768448444338107e-03
9.450322241134510512e-03
1.012734332063539890e-02
1.082215973576492081e-02
1.153509934324295494e-02
1.226648951604271572e-02
1.301665684807714989e-02
1.378592685608889118e-02
1.457462367965263808e-02
1.538306978023359743e-02
1.621158564027719295e-02
1.706048946333001137e-02
1.793009687621199832e-02
1.882072063427329273e-02
1.973267033077659438e-02
2.066625211144619556e-02
2.162176839521843391e-02
2.259951760221512451e-02
2.359979388993993163e-02
2.462288689867118269e-02
2.566908150698851698e-02
2.673865759832942668e-02
2.783188983942312331e-02
2.894904747139395371e-02
3.009039411426589136e-02
3.125618758553269649e-02
3.244667973338696831e-02
3.366211628512515153e-02
3.490273671116585208e-02
3.616877410503527984e-02
3.746045507958924159e-02
3.877799967965329941e-02
3.877799967965329941e-02
3.877799967965329941e-02
3.877799967965329941e-02
3.877799967965329941e-02
3.877799967965329941e-02
3.877799967965329941e-02
3.877799967965329941e-02
3.877799967965329941e-02
3.877799967965329941e-02
3.877799967965329941e-02
3.877799967965329941e-02
3.877799967965329941e-02
3.877799967965329941e-02
3.877799967965329941e-02
3.877799967965329941e-02
3.877799967965329941e-02
3.877799967965329941e-02
3.877799967965329941e-02
3.877799967965329941e-02
3.877799967965329941e-02
3.877799967965329941e-02
3.877799967965329941e-02
3.877799967965329941e-02
3.877799967965329941e-02
3.877799967965329941e-02
3.877799967965329941e-02
3.877799967965329941e-02
3.877799967965329941e-02
3.877799967965329941e-02
3.877799967965329941e-02
3.877799967965329941e-02
3.877799967965329941e-02
3.877799967965329941e-02
3.877799967965329941e-02
3.877799967965329941e-02
3.877799967965329941e-02
3.877799967965329941e-02
3.877799967965329941e-02
3.877799967965329941e-02
3.877799967965329941e-02
3.877799967965329941e-02
3.877799967965329941e-02
3.877799967965329941e-02
3.877799967965329941e-02
3.877799967965329941e-02
3.877799967965329941e-02
3.877799967965329941e-02
3.877799967965329941e-02
3.877799967965329941e-02
3.877799967965329941e-02
3.877799967965329941e-02
3.877799967965329941e-02
3.877799967965329941e-02
3.877799967965329941e-02
3.877799967965329941e-02
3.877799967965329941e-02
3.877799967965329941e-02
3.877799967965329941e-02
3.877799967965329941e-02
3.877799967965329941e-02
3.877799967965329941e-02
3.877799967965329941e-02
3.877799967965329941e-02
3.877799967965329941e-02
3.877799967965329941e-02
3.877799967965329941e-02
3.877799967965329941e-02
3.877799967965329941e-02
3.877799967965329941e-02
3.877799967965329941e-02
3.877799967965329941e-02
3.877799967965329941e-02
3.877799967965329941e-02
3.877799967965329941e-02
3.877799967965329941e-02
3.877799967965329941e-02
3.877799967965329941e-02
3.877799967965329941e-02
3.877799967965329941e-02
3.877799967965329941e-02
3.877799967965329941e-02
3.877799967965329941e-02
3.877799967965329941e-02
3.877799967965329941e-02
3.877799967965329941e-02
3.877799967965329941e-02
3.877799967965329941e-02
3.877799967965329941e-02
3.877799967965329941e-02
3.877799967965329941e-02
3.877799967965329941e-02
3.877799967965329941e-02
3.877799967965329941e-02
3.877799967965329941e-02
3.877799967965329941e-02
3.877799967965329941e-02
3.877799967965329941e-02
3.877799967965329941e-02
3.877799967965329941e-02
3.877799967965329941e-02
