0.000000000000000000e+00
0.000000000000000000e+00
0.000000000000000000e+00
0.000000000000000000e+00
0.000000000000000000e+00
0.000000000000000000e+00
0.000000000000000000e+00
0.000000000000000000e+00
0.000000000000000000e+00
0.000000000000000000e+00
0.000000000000000000e+00
0.000000000000000000e+00
0.000000000000000000e+00
0.000000000000000000e+00
0.000000000000000000e+00
0.000000000000000000e+00
0.000000000000000000e+00
0.000000000000000000e+00
0.000000000000000000e+00
0.000000000000000000e+00
0.000000000000000000e+00
0.000000000000000000e+00
0.000000000000000000e+00
0.000000000000000000e+00
0.000000000000000000e+00
0.000000000000000000e+00
0.000000000000000000e+00
0.000000000000000000e+00
0.000000000000000000e+00
0.000000000000000000e+00
0.000000000000000000e+00
0.000000000000000000e+00
0.000000000000000000e+00
0.000000000000000000e+00
0.000000000000000000e+00
0.000000000000000000e+00
0.000000000000000000e+00
0.000000000000000000e+00
0.000000000000000000e+00
0.000000000000000000e+00
0.000000000000000000e+00
0.000000000000000000e+00
0.000000000000000000e+00
0.000000000000000000e+00
0.000000000000000000e+00
0.000000000000000000e+00
0.000000000000000000e+00
0.000000000000000000e+00
0.000000000000000000e+00
0.000000000000000000e+00
0.000000000000000000e+00
0.000000000000000000e+00
0.000000000000000000e+00
0.000000000000000000e+00
0.000000000000000000e+00
0.000000000000000000e+00
0.000000000000000000e+00
0.000000000000000000e+00
0.000000000000000000e+00
0.000000000000000000e+00
0.000000000000000000e+00
0.000000000000000000e+00
0.000000000000000000e+00
0.000000000000000000e+00
0.000000000000000000e+00
0.000000000000000000e+00
0.000000000000000000e+00
0.000000000000000000e+00
0.000000000000000000e+00
0.000000000000000000e+00
0.000000000000000000e+00
0.000000000000000000e+00
0.000000000000000000e+00
0.000000000000000000e+00
0.000000000000000000e+00
0.000000000000000000e+00
0.000000000000000000e+00
0.000000000000000000e+00
0.000000000000000000e+00
0.000000000000000000e+00
0.000000000000000000e+00
0.000000000000000000e+00
0.000000000000000000e+00
0.000000000000000000e+00
0.000000000000000000e+00
0.000000000000000000e+00
0.000000000000000000e+00
0.000000000000000000e+00
0.000000000000000000e+00
0.000000000000000000e+00
0.000000000000000000e+00
0.000000000000000000e+00
0.000000000000000000e+00
0.000000000000000000e+00
0.000000000000000000e+00
0.000000000000000000e+00
0.000000000000000000e+00
0.000000000000000000e+00
0.000000000000000000e+00
0.000000000000000000e+00
0.000000000000000000e+00
-6.870041936894560058e+04
-6.811592390525211522e+04
-6.751398206968154409e+04
-6.689482591222062183e+04
-6.625873109402839327e+04
-6.560601640410408436e+04
-6.493704304499912541e+04
-6.425221369184691866e+04
-6.355197133100993233e+04
-6.283679788659100450e+04
-6.210721264489936584e+04
-6.136377048867801204e+04
-6.060705995446765155e+04
-5.983770112788289407e+04
-5.905634339279517008e+04
-5.826366305144044600e+04
-5.746036083328996756e+04
-5.664715931113216357e+04
-5.582480024321271776e+04
-5.499404186046827090e+04
-5.415565611787017406e+04
-5.331042592867860367e+04
-5.245914240000072459e+04
-5.160260208746378339e+04
-5.074160428607017820e+04
-4.987694837341070524e+04
-4.900943122039479204e+04
-4.813984468352775002e+04
-4.726897319154883735e+04
-4.639759143795442651e+04
-4.552646218959140242e+04
-4.465633422013361997e+04
-4.378794037586823833e+04
-4.292199577983516065e+04
-4.205919617899917648e+04
-4.120021643780363229e+04
-4.034570918017133226e+04
-3.949630358079353027e+04
-3.865260430539215304e+04
-3.781519059855909290e+04
-3.698461551678198157e+04
-3.616140530335675430e+04
-3.534605890107052983e+04
-3.453904759781601024e+04
-3.374081479966939514e+04
-3.295177592542692582e+04
-3.217231841615278972e+04
-3.140280185293332397e+04
-3.064355817576387199e+04
-2.989489199630173607e+04
-2.915708099710598617e+04
-2.843037640993912282e+04
-2.771500356572527744e+04
-2.701116250883848988e+04
-2.631902866852362786e+04
-2.563875358042982407e+04
-2.497046565145458226e+04
-2.431427096134509702e+04
-2.367025409478651636e+04
-2.303847899800894447e+04
-2.241898985426705258e+04
-2.181181197288304247e+04
-2.121695268688642682e+04
-2.063440225463645402e+04
-2.006413476116484162e+04
-1.950610901532357093e+04
-1.896026943917328390e+04
-1.842654694638189176e+04
-1.790485980673493395e+04
-1.739511449417841868e+04
-1.689720651611828362e+04
-1.641102122199627047e+04
-1.593643458943724727e+04
-1.547331398652601274e+04
-1.502151890901970000e+04
-1.458090169152936323e+04
-1.415130819192209492e+04
-1.373257844839064819e+04
-1.332454730882059084e+04
-1.292704503225317785e+04
-1.253989786239162822e+04
-1.216292857323732096e+04
-1.179595698706512303e+04
-1.143880046505597238e+04
-1.109127437100367933e+04
-1.075319250859634485e+04
-1.042436753284685437e+04
-1.010461133631160374e+04
-9.793735410787803630e+03
-9.491551185226018788e+03
-9.197870340629133352e+03
-8.912505102738366986e+03
-8.635268513326647735e+03
-8.365974680936464210e+03
-8.104439011905794359e+03
-7.850478422532252807e+03
-7.603911533221537866e+03
-7.364558845465200648e+03
-7.132242902479770237e+03
-6.906788434330434939e+03
-6.688022488347302897e+03
-6.475774545623681661e+03
-6.269876624369141609e+03
-6.070163370866990590e+03
-5.876472138765613636e+03
-5.688643057408725326e+03
-5.506519089886109214e+03
-5.329946081461261201e+03
-5.158772799007374488e+03
-4.992850962057651486e+03
-4.832035266051208964e+03
-4.676183398328514158e+03
-4.525156047407637743e+03
-4.378816906045124597e+03
-4.237032668562536855e+03
-4.099673022894816313e+03
-3.966610637793844035e+03
-3.837721145595581220e+03
-3.712883120940293338e+03
-3.591978055809659509e+03
-3.474890331227633396e+03
-3.361507185948355527e+03
-3.251718682437622192e+03
-3.145417670433555031e+03
-3.042499748356116470e+03
-2.942863222815576137e+03
-2.846409066457075369e+03
-2.753040874358970996e+03
-2.662664819190461458e+03
-2.575189605318295435e+03
-2.490526422039687532e+03
-2.408588896105042295e+03
-2.329293043682891494e+03
-2.252557221906580253e+03
-2.178302080132800256e+03
-2.106450511030936468e+03
-2.036927601612547960e+03
-1.969660584301460403e+03
-1.904578788136817138e+03
-1.841613590191276671e+03
-1.780698367282948766e+03
-1.721768448047507263e+03
-1.664761065435078081e+03
-1.609615309686232649e+03
-1.556272081838887061e+03
-1.504674047810960474e+03
-1.454765593097554756e+03
-1.406492778119309150e+03
-1.359803294251658599e+03
-1.314646420562351068e+03
-1.270972981280229760e+03
-1.228735304014271151e+03
-1.187887178739801811e+03
-1.148383817564881383e+03
-1.110181815287239033e+03
-1.073239110750398368e+03
-1.037514949003912307e+03
-1.002969844271647048e+03
-9.695655437300453059e+02
-9.372649920952788989e+02
-9.060322970189614580e+02
-8.758326952874256222e+02
-8.466325198213596650e+02
-8.183991674693091909e+02
-7.911010675881292400e+02
-7.647076514028202610e+02
-7.391893221367126898e+02
-7.145174259026380241e+02
-6.906642233445909369e+02
-6.676028620194422274e+02
-6.453073495072095511e+02
-6.237525272374018641e+02
-6.029140450205574098e+02
-5.827683362714051327e+02
-5.632925939107479962e+02
-5.444647469342085060e+02
-5.262634376329989436e+02
-5.086679994552206949e+02
-4.916584354914598975e+02
-4.752153975750863424e+02
-4.593201659805050099e+02
-4.439546297062852318e+02
-4.291012673317496251e+02
-4.147431284312272055e+02
-4.008638155341974993e+02
-3.874474666172733350e+02
-3.744787381150113674e+02
-3.619427884373151869e+02
-3.498252619791093139e+02
-3.381122736113165388e+02
-3.267903936396456288e+02
-3.158466332186728209e+02
-3.052684302104343601e+02
-2.950436354740672300e+02
-2.851604995754239553e+02
-2.756076599058667966e+02
-2.663741281975320021e+02
-2.574492784256991058e+02
-2.488228350858576619e+02
-2.404848618357837040e+02
-2.324257504922504438e+02
-2.246362103717711420e+02
-2.171072579658593611e+02
-2.098302069409248816e+02
-2.027966584533546666e+02
-1.959984917707361376e+02
-1.894278551896857437e+02
-1.830771572421869280e+02
-1.769390581811685195e+02
-1.710064617375721525e+02
-1.652725071405753567e+02
-1.597305613923256544e+02
-1.543742117908640807e+02
-1.491972586924958364e+02
-1.441937085068889246e+02
-1.393577669172124729e+02
-1.346838323192507403e+02
-1.301664894722892427e+02
-1.258005033548591314e+02
-1.215808132195658260e+02
-1.175025268403148431e+02
-1.135609149468052550e+02
-1.097514058389800198e+02
-1.060695801774330818e+02
-1.025111659427954436e+02
-9.907203355997114613e+01
-9.574819118071837920e+01
-9.253578012119957918e+01
-8.943107044804922623e+01
-8.643045670885200593e+01
-8.353045380309637835e+01
-8.072769298762500512e+01
-7.801891801352886091e+01
-7.540098138989367271e+01
-7.287084077047424557e+01
-7.042555545887765334e+01
-6.806228302884684922e+01
-6.577827605597822469e+01
-6.357087895669070576e+01
-6.143752493201628795e+01
-5.937573301192198016e+01
-5.738310519712045732e+01
-5.545732369547692286e+01
-5.359614824956099710e+01
-5.179741355275218240e+01
-5.005902675081326691e+01
-4.837896502606071891e+01
-4.675527326169148523e+01
-4.518606178344906965e+01
-4.366950417576892107e+01
-4.220383517128485096e+01
-4.078734860918071092e+01
-3.941839546254855264e+01
-3.809538192985034044e+01
-3.681676759117141984e+01
-3.558106362491107433e+01
-3.438683108383504106e+01
-3.323267922866209290e+01
-3.211726391692680238e+01
-3.103928604563467886e+01
-2.999749004552703013e+01
-2.899066242579433350e+01
-2.801763036689414221e+01
-2.707726036047366591e+01
-2.616845689451530532e+01
-2.529016118258705248e+01
-2.444134993492897934e+01
-2.362103417131138272e+01
-2.282825807235288806e+01
-2.206209787035226810e+01
-2.132166077653736735e+01
-2.060608394412902911e+01
-1.991453346623080378e+01
-1.924620340695322085e+01
-1.860031486520265176e+01
-1.797611506940380011e+01
-1.737287650284394047e+01
-1.678989605777881167e+01
-1.622649421840772632e+01
-1.568201427076097687e+01
-1.515582153896197681e+01
-1.464730264743401733e+01
-1.415586480736362240e+01
-1.368093512719465465e+01
-1.322195994649733741e+01
-1.277840419157787011e+01
-1.234975075310819115e+01
-1.193549988434586950e+01
-1.153516861966456908e+01
-1.114829021249192387e+01
-1.077441359214947525e+01
-1.041310283858397057e+01
-1.006393667530184466e+01
-9.726507978689797440e+00
-9.400423304183778583e+00
-9.085302428189704571e+00
-8.780777905164521613e+00
-8.486494639954397456e+00
-8.202109474390095301e+00
-7.927290787333136635e+00
-7.661718108699591134e+00
-7.405081746085246941e+00
-7.157082424142673815e+00
-6.917430935774772749e+00
-6.685847805682394451e+00
-6.462062964158644895e+00
-6.245815433065225797e+00
-6.036853021367338812e+00
-5.834932031485116077e+00
-5.639816975375637753e+00
-5.451280300055230121e+00
-5.269102122583543490e+00
-5.093069973487969193e+00
-4.922978549488560951e+00
-4.758629474308476937e+00
-4.599831067107611915e+00
-4.446398119388818237e+00
-4.298151679172505624e+00
-4.154918842127790057e+00
-4.016532550251575628e+00
-3.882831397267644036e+00
-3.753659440229667688e+00
-3.628866017908748187e+00
-3.508305575030056023e+00
-3.391837492713393409e+00
-3.279325924408035497e+00
-3.170639637805703792e+00
-3.065651861634955289e+00
-2.964240137906849260e+00
-2.866286178934515316e+00
-2.771675729868507077e+00
-2.680298435124391698e+00
-2.592047709928302357e+00
-2.506820615872997315e+00
-2.424517740989767134e+00
-2.345043083895363090e+00
-2.268303941712882743e+00
-2.194210801992412474e+00
-2.122677238523899668e+00
-2.053619810375636678e+00
-1.986957964534668664e+00
-1.922613942202893611e+00
-1.860512688049968055e+00
-1.800581762444523948e+00
-1.742751257394833386e+00
-1.686953714682888128e+00
-1.633124047202582085e+00
-1.581199463437484187e+00
-1.531119393852472976e+00
-1.482825420295938557e+00
-1.436261208036228920e+00
-1.391372439926999549e+00
-1.348106753056279361e+00
-1.306413677922263705e+00
-1.266244579178901652e+00
-1.227552599241522824e+00
-1.190292603365493029e+00
-1.154421127326857199e+00
-1.119896326533004194e+00
-1.086677927036438618e+00
-1.054727179010767735e+00
-1.024006811076096701e+00
-9.944809872801755324e-01
-9.661152650257238683e-01
-9.388765548578554831e-01
-9.127330820578444248e-01
-8.876543494733727391e-01
-8.636111019830863267e-01
-8.405752922513949343e-01
-8.185200483003628458e-01
-7.974196417804821913e-01
-7.772494583488431807e-01
-7.579859687354336684e-01
-7.396067013147222813e-01
-7.220902158922208880e-01
-7.054160786737689870e-01
-6.895648387508547250e-01
-6.745180048009756790e-01
-6.602580240996849259e-01
-6.467682616831667008e-01
-6.340329811558701456e-01
-6.220373261970264522e-01
-6.107673032283832404e-01
-6.002097653721832904e-01
-5.903523966779430365e-01
-5.811836979942909265e-01
-5.726929736364567702e-01
-5.648703187203847342e-01
-5.577066076580671217e-01
-5.511934836420631090e-01
-5.453233488288995456e-01
-5.400893553718820739e-01
-5.354853974968519781e-01
-5.315061045026181485e-01
-5.281468343204934746e-01
-5.254036680522662373e-01
-5.232734059059341858e-01
-5.217535626153422257e-01
-5.208423652682727667e-01
-5.205387508657363105e-01
-5.208423652682727667e-01
-5.217535626153422257e-01
-5.232734059059341858e-01
-5.254036680522662373e-01
-5.281468343204934746e-01
-5.315061045026181485e-01
-5.354853974968519781e-01
-5.400893553718820739e-01
-5.453233488288995456e-01
-5.511934836420631090e-01
-5.577066076580671217e-01
-5.648703187203847342e-01
-5.726929736364567702e-01
-5.811836979942909265e-01
-5.903523966779430365e-01
-6.002097653721832904e-01
-6.107673032283832404e-01
-6.220373261970264522e-01
-6.340329811558701456e-01
-6.467682616831667008e-01
-6.602580240996849259e-01
-6.745180048009756790e-01
-6.895648387508547250e-01
-7.054160786737689870e-01
-7.220902158922208880e-01
-7.396067013147222813e-01
-7.579859687354336684e-01
-7.772494583488431807e-01
-7.974196417804821913e-01
-8.185200483003628458e-01
-8.405752922513949343e-01
-8.636111019830863267e-01
-8.876543494733727391e-01
-9.127330820578444248e-01
-9.388765548578554831e-01
-9.661152650257238683e-01
-9.944809872801755324e-01
-1.024006811076096701e+00
-1.054727179010767735e+00
-1.086677927036438618e+00
-1.119896326533004194e+00
-1.154421127326857199e+00
-1.190292603365493029e+00
-1.227552599241522824e+00
-1.266244579178901652e+00
-1.306413677922263705e+00
-1.348106753056279361e+00
-1.391372439926999549e+00
-1.436261208036228920e+00
-1.482825420295938557e+00
-1.531119393852472976e+00
-1.581199463437484187e+00
-1.633124047202582085e+00
-1.686953714682888128e+00
-1.742751257394833386e+00
-1.800581762444523948e+00
-1.860512688049968055e+00
-1.922613942202893611e+00
-1.986957964534668664e+00
-2.053619810375636678e+00
-2.122677238523899668e+00
-2.194210801992412474e+00
-2.268303941712882743e+00
-2.345043083895363090e+00
-2.424517740989767134e+00
-2.506820615872997315e+00
-2.592047709928302357e+00
-2.680298435124391698e+00
-2.771675729868507077e+00
-2.866286178934515316e+00
-2.964240137906849260e+00
-3.065651861634955289e+00
-3.170639637805703792e+00
-3.279325924408035497e+00
-3.391837492713393409e+00
-3.508305575030056023e+00
-3.628866017908748187e+00
-3.753659440229667688e+00
-3.882831397267644036e+00
-4.016532550251575628e+00
-4.154918842127790057e+00
-4.298151679172505624e+00
-4.446398119388818237e+00
-4.599831067107611915e+00
-4.758629474308476937e+00
-4.922978549488560951e+00
-5.093069973487969193e+00
-5.269102122583543490e+00
-5.451280300055230121e+00
-5.639816975375637753e+00
-5.834932031485116077e+00
-6.036853021367338812e+00
-6.245815433065225797e+00
-6.462062964158644895e+00
-6.685847805682394451e+00
-6.917430935774772749e+00
-7.157082424142673815e+00
-7.405081746085246941e+00
-7.661718108699591134e+00
-7.927290787333136635e+00
-8.202109474390095301e+00
-8.486494639954397456e+00
-8.780777905164521613e+00
-9.085302428189704571e+00
-9.400423304183778583e+00
-9.726507978689797440e+00
-1.006393667530184466e+01
-1.041310283858397057e+01
-1.077441359214947525e+01
-1.114829021249192387e+01
-1.153516861966456908e+01
-1.193549988434586950e+01
-1.234975075310819115e+01
-1.277840419157787011e+01
-1.322195994649733741e+01
-1.368093512719465465e+01
-1.415586480736362240e+01
-1.464730264743401733e+01
-1.515582153896197681e+01
-1.568201427076097687e+01
-1.622649421840772632e+01
-1.678989605777881167e+01
-1.737287650284394047e+01
-1.797611506940380011e+01
-1.860031486520265176e+01
-1.924620340695322085e+01
-1.991453346623080378e+01
-2.060608394412902911e+01
-2.132166077653736735e+01
-2.206209787035226810e+01
-2.282825807235288806e+01
-2.362103417131138272e+01
-2.444134993492897934e+01
-2.529016118258705248e+01
-2.616845689451530532e+01
-2.707726036047366591e+01
-2.801763036689414221e+01
-2.899066242579433350e+01
-2.999749004552703013e+01
-3.103928604563467886e+01
-3.211726391692680238e+01
-3.323267922866209290e+01
-3.438683108383504106e+01
-3.558106362491107433e+01
-3.681676759117141984e+01
-3.809538192985034044e+01
-3.941839546254855264e+01
-4.078734860918071092e+01
-4.220383517128485096e+01
-4.366950417576892107e+01
-4.518606178344906965e+01
-4.675527326169148523e+01
-4.837896502606071891e+01
-5.005902675081326691e+01
-5.179741355275218240e+01
-5.359614824956099710e+01
-5.545732369547692286e+01
-5.738310519712045732e+01
-5.937573301192198016e+01
-6.143752493201628795e+01
-6.357087895669070576e+01
-6.577827605597822469e+01
-6.806228302884684922e+01
-7.042555545887765334e+01
-7.287084077047424557e+01
-7.540098138989367271e+01
-7.801891801352886091e+01
-8.072769298762500512e+01
-8.353045380309637835e+01
-8.643045670885200593e+01
-8.943107044804922623e+01
-9.253578012119957918e+01
-9.574819118071837920e+01
-9.907203355997114613e+01
-1.025111659427954436e+02
-1.060695801774330818e+02
-1.097514058389800198e+02
-1.135609149468052550e+02
-1.175025268403148431e+02
-1.215808132195658260e+02
-1.258005033548591314e+02
-1.301664894722892427e+02
-1.346838323192507403e+02
-1.393577669172124729e+02
-1.441937085068889246e+02
-1.491972586924958364e+02
-1.543742117908640807e+02
-1.597305613923256544e+02
-1.652725071405753567e+02
-1.710064617375721525e+02
-1.769390581811685195e+02
-1.830771572421869280e+02
-1.894278551896857437e+02
-1.959984917707361376e+02
-2.027966584533546666e+02
-2.098302069409248816e+02
-2.171072579658593611e+02
-2.246362103717711420e+02
-2.324257504922504438e+02
-2.404848618357837040e+02
-2.488228350858576619e+02
-2.574492784256991058e+02
-2.663741281975320021e+02
-2.756076599058667966e+02
-2.851604995754239553e+02
-2.950436354740672300e+02
-3.052684302104343601e+02
-3.158466332186728209e+02
-3.267903936396456288e+02
-3.381122736113165388e+02
-3.498252619791093139e+02
-3.619427884373151869e+02
-3.744787381150113674e+02
-3.874474666172733350e+02
-4.008638155341974993e+02
-4.147431284312272055e+02
-4.291012673317496251e+02
-4.439546297062852318e+02
-4.593201659805050099e+02
-4.752153975750863424e+02
-4.916584354914598975e+02
-5.086679994552206949e+02
-5.262634376329989436e+02
-5.444647469342085060e+02
-5.632925939107479962e+02
-5.827683362714051327e+02
-6.029140450205574098e+02
-6.237525272374018641e+02
-6.453073495072095511e+02
-6.676028620194422274e+02
-6.906642233445909369e+02
-7.145174259026380241e+02
-7.391893221367126898e+02
-7.647076514028202610e+02
-7.911010675881292400e+02
-8.183991674693091909e+02
-8.466325198213596650e+02
-8.758326952874256222e+02
-9.060322970189614580e+02
-9.372649920952788989e+02
-9.695655437300453059e+02
-1.002969844271647048e+03
-1.037514949003912307e+03
-1.073239110750398368e+03
-1.110181815287239033e+03
-1.148383817564881383e+03
-1.187887178739801811e+03
-1.228735304014271151e+03
-1.270972981280229760e+03
-1.314646420562351068e+03
-1.359803294251658599e+03
-1.406492778119309150e+03
-1.454765593097554756e+03
-1.504674047810960474e+03
-1.556272081838887061e+03
-1.609615309686232649e+03
-1.664761065435078081e+03
-1.721768448047507263e+03
-1.780698367282948766e+03
-1.841613590191276671e+03
-1.904578788136817138e+03
-1.969660584301460403e+03
-2.036927601612547960e+03
-2.106450511030936468e+03
-2.178302080132800256e+03
-2.252557221906580253e+03
-2.329293043682891494e+03
-2.408588896105042295e+03
-2.490526422039687532e+03
-2.575189605318295435e+03
-2.662664819190461458e+03
-2.753040874358970996e+03
-2.846409066457075369e+03
-2.942863222815576137e+03
-3.042499748356116470e+03
-3.145417670433555031e+03
-3.251718682437622192e+03
-3.361507185948355527e+03
-3.474890331227633396e+03
-3.591978055809659509e+03
-3.712883120940293338e+03
-3.837721145595581220e+03
-3.966610637793844035e+03
-4.099673022894816313e+03
-4.237032668562536855e+03
-4.378816906045124597e+03
-4.525156047407637743e+03
-4.676183398328514158e+03
-4.832035266051208964e+03
-4.992850962057651486e+03
-5.158772799007374488e+03
-5.329946081461261201e+03
-5.506519089886109214e+03
-5.688643057408725326e+03
-5.876472138765613636e+03
-6.070163370866990590e+03
-6.269876624369141609e+03
-6.475774545623681661e+03
-6.688022488347302897e+03
-6.906788434330434939e+03
-7.132242902479770237e+03
-7.364558845465200648e+03
-7.603911533221537866e+03
-7.850478422532252807e+03
-8.104439011905794359e+03
-8.365974680936464210e+03
-8.635268513326647735e+03
-8.912505102738366986e+03
-9.197870340629133352e+03
-9.491551185226018788e+03
-9.793735410787803630e+03
-1.010461133631160374e+04
-1.042436753284685437e+04
-1.075319250859634485e+04
-1.109127437100367933e+04
-1.143880046505597238e+04
-1.179595698706512303e+04
-1.216292857323732096e+04
-1.253989786239162822e+04
-1.292704503225317785e+04
-1.332454730882059084e+04
-1.373257844839064819e+04
-1.415130819192209492e+04
-1.458090169152936323e+04
-1.502151890901970000e+04
-1.547331398652601274e+04
-1.593643458943724727e+04
-1.641102122199627047e+04
-1.689720651611828362e+04
-1.739511449417841868e+04
-1.790485980673493395e+04
-1.842654694638189176e+04
-1.896026943917328390e+04
-1.950610901532357093e+04
-2.006413476116484162e+04
-2.063440225463645402e+04
-2.121695268688642682e+04
-2.181181197288304247e+04
-2.241898985426705258e+04
-2.303847899800894447e+04
-2.367025409478651636e+04
-2.431427096134509702e+04
-2.497046565145458226e+04
-2.563875358042982407e+04
-2.631902866852362786e+04
-2.701116250883848988e+04
-2.771500356572527744e+04
-2.843037640993912282e+04
-2.915708099710598617e+04
-2.989489199630173607e+04
-3.064355817576387199e+04
-3.140280185293332397e+04
-3.217231841615278972e+04
-3.295177592542692582e+04
-3.374081479966939514e+04
-3.453904759781601024e+04
-3.534605890107052983e+04
-3.616140530335675430e+04
-3.698461551678198157e+04
-3.781519059855909290e+04
-3.865260430539215304e+04
-3.949630358079353027e+04
-4.034570918017133226e+04
-4.120021643780363229e+04
-4.205919617899917648e+04
-4.292199577983516065e+04
-4.378794037586823833e+04
-4.465633422013361997e+04
-4.552646218959140242e+04
-4.639759143795442651e+04
-4.726897319154883735e+04
-4.813984468352775002e+04
-4.900943122039479204e+04
-4.987694837341070524e+04
-5.074160428607017820e+04
-5.160260208746378339e+04
-5.245914240000072459e+04
-5.331042592867860367e+04
-5.415565611787017406e+04
-5.499404186046827090e+04
-5.582480024321271776e+04
-5.664715931113216357e+04
-5.746036083328996756e+04
-5.826366305144044600e+04
-5.905634339279517008e+04
-5.983770112788289407e+04
-6.060705995446765155e+04
-6.136377048867801204e+04
-6.210721264489936584e+04
-6.283679788659100450e+04
-6.355197133100993233e+04
-6.425221369184691866e+04
-6.493704304499912541e+04
-6.560601640410408436e+04
-6.625873109402839327e+04
-6.689482591222062183e+04
-6.751398206968154409e+04
-6.811592390525211522e+04
-6.870041936894560058e+04
0.000000000000000000e+00
0.000000000000000000e+00
0.000000000000000000e+00
0.000000000000000000e+00
0.000000000000000000e+00
0.000000000000000000e+00
0.000000000000000000e+00
0.000000000000000000e+00
0.000000000000000000e+00
0.000000000000000000e+00
0.000000000000000000e+00
0.000000000000000000e+00
0.000000000000000000e+00
0.000000000000000000e+00
0.000000000000000000e+00
0.000000000000000000e+00
0.000000000000000000e+00
0.000000000000000000e+00
0.000000000000000000e+00
0.000000000000000000e+00
0.000000000000000000e+00
0.000000000000000000e+00
0.000000000000000000e+00
0.000000000000000000e+00
0.000000000000000000e+00
0.000000000000000000e+00
0.000000000000000000e+00
0.000000000000000000e+00
0.000000000000000000e+00
0.000000000000000000e+00
0.000000000000000000e+00
0.000000000000000000e+00
0.000000000000000000e+00
0.000000000000000000e+00
0.000000000000000000e+00
0.000000000000000000e+00
0.000000000000000000e+00
0.000000000000000000e+00
0.000000000000000000e+00
0.000000000000000000e+00
0.000000000000000000e+00
0.000000000000000000e+00
0.000000000000000000e+00
0.000000000000000000e+00
0.000000000000000000e+00
0.000000000000000000e+00
0.000000000000000000e+00
0.000000000000000000e+00
0.000000000000000000e+00
0.000000000000000000e+00
0.000000000000000000e+00
0.000000000000000000e+00
0.000000000000000000e+00
0.000000000000000000e+00
0.000000000000000000e+00
0.000000000000000000e+00
0.000000000000000000e+00
0.000000000000000000e+00
0.000000000000000000e+00
0.000000000000000000e+00
0.000000000000000000e+00
0.000000000000000000e+00
0.000000000000000000e+00
0.000000000000000000e+00
0.000000000000000000e+00
0.000000000000000000e+00
0.000000000000000000e+00
0.000000000000000000e+00
0.000000000000000000e+00
0.000000000000000000e+00
0.000000000000000000e+00
0.000000000000000000e+00
0.000000000000000000e+00
0.000000000000000000e+00
0.000000000000000000e+00
0.000000000000000000e+00
0.000000000000000000e+00
0.000000000000000000e+00
0.000000000000000000e+00
0.000000000000000000e+00
0.000000000000000000e+00
0.000000000000000000e+00
0.000000000000000000e+00
0.000000000000000000e+00
0.000000000000000000e+00
0.000000000000000000e+00
0.000000000000000000e+00
0.000000000000000000e+00
0.000000000000000000e+00
0.000000000000000000e+00
0.000000000000000000e+00
0.000000000000000000e+00
0.000000000000000000e+00
0.000000000000000000e+00
0.000000000000000000e+00
0.000000000000000000e+00
0.000000000000000000e+00
0.000000000000000000e+00
0.000000000000000000e+00
0.000000000000000000e+00
0.000000000000000000e+00
