6.766764161830633656e+22
6.766764161830633656e+22
6.766764161830633656e+22
6.766764161830633656e+22
6.766764161830633656e+22
6.766764161830633656e+22
6.766764161830633656e+22
6.766764161830633656e+22
6.766764161830633656e+22
6.766764161830633656e+22
6.766764161830633656e+22
6.766764161830633656e+22
6.766764161830633656e+22
6.766764161830633656e+22
6.766764161830633656e+22
6.766764161830633656e+22
6.766764161830633656e+22
6.766764161830633656e+22
6.766764161830633656e+22
6.766764161830633656e+22
6.766764161830633656e+22
6.766764161830633656e+22
6.766764161830633656e+22
6.766764161830633656e+22
6.766764161830633656e+22
6.766764161830633656e+22
6.766764161830633656e+22
6.766764161830633656e+22
6.766764161830633656e+22
6.766764161830633656e+22
6.766764161830633656e+22
6.766764161830633656e+22
6.766764161830633656e+22
6.766764161830633656e+22
6.766764161830633656e+22
6.766764161830633656e+22
6.766764161830633656e+22
6.766764161830633656e+22
6.766764161830633656e+22
6.766764161830633656e+22
6.766764161830633656e+22
6.766764161830633656e+22
6.766764161830633656e+22
6.766764161830633656e+22
6.766764161830633656e+22
6.766764161830633656e+22
6.766764161830633656e+22
6.766764161830633656e+22
6.766764161830633656e+22
6.766764161830633656e+22
6.766764161830633656e+22
6.766764161830633656e+22
6.766764161830633656e+22
6.766764161830633656e+22
6.766764161830633656e+22
6.766764161830633656e+22
6.766764161830633656e+22
6.766764161830633656e+22
6.766764161830633656e+22
6.766764161830633656e+22
6.766764161830633656e+22
6.766764161830633656e+22
6.766764161830633656e+22
6.766764161830633656e+22
6.766764161830633656e+22
6.766764161830633656e+22
6.766764161830633656e+22
6.766764161830633656e+22
6.766764161830633656e+22
6.766764161830633656e+22
6.766764161830633656e+22
6.766764161830633656e+22
6.766764161830633656e+22
6.766764161830633656e+22
6.766764161830633656e+22
6.766764161830633656e+22
6.766764161830633656e+22
6.766764161830633656e+22
6.766764161830633656e+22
6.766764161830633656e+22
6.766764161830633656e+22
6.766764161830633656e+22
6.766764161830633656e+22
6.766764161830633656e+22
6.766764161830633656e+22
6.766764161830633656e+22
6.766764161830633656e+22
6.766764161830633656e+22
6.766764161830633656e+22
6.766764161830633656e+22
6.766764161830633656e+22
6.766764161830633656e+22
6.766764161830633656e+22
6.766764161830633656e+22
6.766764161830633656e+22
6.766764161830633656e+22
6.766764161830633656e+22
6.766764161830633656e+22
6.766764161830633656e+22
6.766764161830633656e+22
6.766764161830633656e+22
7.120570908946604438e+22
7.485384283009005178e+22
7.861086825910138359e+22
8.247533703440196488e+22
8.644552861436629903e+22
9.051945327456269264e+22
9.469485656598875052e+22
9.896922518814541742e+22
1.033397942376312382e+23
1.078035557807853446e+23
1.123572686873963581e+23
1.169974696517885734e+23
1.217204853178026500e+23
1.265224454154478462e+23
1.313992968093980080e+23
1.363468183531102090e+23
1.413606364372308098e+23
1.464362411171441017e+23
1.515690027020283900e+23
1.567541886866121986e+23
1.619869809069367419e+23
1.672624928027841449e+23
1.725757866719661124e+23
1.779218908053068799e+23
1.832958163957958773e+23
1.886925741209460293e+23
1.941071903037452651e+23
1.995347225646298091e+23
2.049702748845053827e+23
2.104090120068844413e+23
2.158461731155704398e+23
2.212770847328833131e+23
2.266971727920715625e+23
2.321019738461922772e+23
2.374871453842511652e+23
2.428484752337011359e+23
2.481818900364057064e+23
2.534834627928200252e+23
2.587494194763537203e+23
2.639761447266300618e+23
2.691601866365629272e+23
2.742982606538452647e+23
2.793872526225436658e+23
2.844242209949991400e+23
2.894063982481634482e+23
2.943311915418501188e+23
2.991961826591412396e+23
3.039991272714233929e+23
3.087379535722034883e+23
3.134107603250582735e+23
3.180158143717755102e+23
3.225515476470297495e+23
3.270165537458132626e+23
3.314095840893502101e+23
3.357295437344167889e+23
3.399754868698838760e+23
3.441466120429354363e+23
3.482422571558667572e+23
3.522618942725979143e+23
3.562051242721534594e+23
3.600716713843484021e+23
3.638613776408185741e+23
3.675741972723936988e+23
3.712101910816129349e+23
3.747695208169859889e+23
3.782524435734370189e+23
3.816593062411788584e+23
3.849905400231801494e+23
3.882466550393161227e+23
3.914282350333014353e+23
3.945359321966101995e+23
3.975704621217421061e+23
4.005325988954770338e+23
4.034231703411172426e+23
4.062430534171695902e+23
4.089931697784991798e+23
4.116744815046272987e+23
4.142879869986254566e+23
4.168347170589145406e+23
4.193157311252288525e+23
4.217321136990715149e+23
4.240849709381211526e+23
4.263754274232841798e+23
4.286046230964071427e+23
4.307737103660464357e+23
4.328838513781724110e+23
4.349362154482221900e+23
4.369319766505120229e+23
4.388723115607002039e+23
4.407583971467029811e+23
4.425914088032497419e+23
4.443725185250806150e+23
4.461028932136664186e+23
4.477836931122260596e+23
4.494160703637761567e+23
4.510011676869065221e+23
4.525401171640009076e+23
4.540340391366286597e+23
4.554840412029141322e+23
4.568912173117459346e+23
4.582566469487826504e+23
4.595813944093277589e+23
4.608665081532505790e+23
4.621130202372743375e+23
4.633219458200785639e+23
4.644942827358152127e+23
4.656310111317844170e+23
4.667330931661729442e+23
4.678014727619141163e+23
4.688370754128870071e+23
4.698408080388269445e+23
4.708135588854898004e+23
4.717561974667542213e+23
4.726695745455171442e+23
4.735545221503802136e+23
4.744118536252800086e+23
4.752423637093571195e+23
4.760468286445152161e+23
4.768260063082389512e+23
4.775806363694000736e+23
4.783114404648867500e+23
4.790191223950382675e+23
4.797043683359719760e+23
4.803678470670197247e+23
4.810102102115907021e+23
4.816320924898997263e+23
4.822341119820807673e+23
4.828168704003270802e+23
4.833809533687752997e+23
4.839269307099488211e+23
4.844553567366549854e+23
4.849667705483149380e+23
4.854616963307748951e+23
4.859406436587279441e+23
4.864041077999343617e+23
4.868525700204978902e+23
4.872864978905156760e+23
4.877063455894747375e+23
4.881125542108185651e+23
4.885055520651708727e+23
4.888857549817260026e+23
4.892535666073912497e+23
4.896093787032779835e+23
4.899535714382023995e+23
4.902865136788726350e+23
4.906085632764822736e+23
4.909200673494683091e+23
4.912213625622047951e+23
4.915127753994466251e+23
4.917946224363527167e+23
4.920672106039449884e+23
4.923308374498846137e+23
4.925857913944599240e+23
4.928323519817048916e+23
4.930707901255833669e+23
4.933013683511851808e+23
4.935243410309033765e+23
4.937399546155680085e+23
4.939484478605244299e+23
4.941500520466629127e+23
4.943449911964016145e+23
4.945334822846540965e+23
4.947157354448013933e+23
4.948919541697091648e+23
4.950623355078330852e+23
4.952270702544597109e+23
4.953863431381391990e+23
4.955403330023683302e+23
4.956892129825893321e+23
4.958331506785696665e+23
4.959723083222345203e+23
4.961068429410299135e+23
4.962369065168843372e+23
4.963626461408536151e+23
4.964842041635295168e+23
4.966017183412861461e+23
4.967153219784567129e+23
4.968251440655124293e+23
4.969313094133448631e+23
4.970339387837116108e+23
4.971331490159498457e+23
4.972290531500393444e+23
4.973217605460862624e+23
4.974113770003262415e+23
4.974980048577203326e+23
4.975817431212314465e+23
4.976626875578625326e+23
4.977409308015328567e+23
4.978165624528817671e+23
4.978896691760683989e+23
4.979603347926515387e+23
4.980286403726277649e+23
4.980946643226951732e+23
4.981584824718267074e+23
4.982201681542222184e+23
4.982797922897066281e+23
4.983374234616535208e+23
4.983931279924926150e+23
4.984469700168785571e+23
4.984990115525815047e+23
4.985493125691642573e+23
4.985979310545121051e+23
4.986449230792747867e+23
4.986903428592822292e+23
4.987342428159930584e+23
4.987766736350323189e+23
4.988176843228779286e+23
4.988573222617464019e+23
4.988956332627356874e+23
4.989326616172735077e+23
4.989684501469232093e+23
4.990030402516010790e+23
4.990364719562445858e+23
4.990687839559861089e+23
4.991000136598740942e+23
4.991301972331896221e+23
4.991593696383962364e+23
4.991875646747679968e+23
4.992148150167389067e+23
4.992411522510097524e+23
4.992666069124540971e+23
4.992912085188554397e+23
4.993149856045211719e+23
4.993379657527982996e+23
4.993601756275344807e+23
4.993816410035101505e+23
4.994023867958823339e+23
4.994224370886612185e+23
4.994418151622597526e+23
4.994605435201419037e+23
4.994786439145941400e+23
4.994961373716574477e+23
4.995130442152389410e+23
4.995293840904317231e+23
4.995451759860674913e+23
4.995604382565294670e+23
4.995751886428469272e+23
4.995894442930942184e+23
4.996032217821203598e+23
4.996165371306244026e+23
4.996294058236033211e+23
4.996418428281914277e+23
4.996538626109093645e+23
4.996654791543442123e+23
4.996767059732768919e+23
4.996875561302761165e+23
4.996980422507768138e+23
4.997081765376582515e+23
4.997179707853394495e+23
4.997274363934097277e+23
4.997365843798013709e+23
4.997454253935325956e+23
4.997539697270198119e+23
4.997622273279897822e+23
4.997702078109873823e+23
4.997779204685061434e+23
4.997853742817482858e+23
4.997925779310256534e+23
4.997995398058156417e+23
4.998062680144813794e+23
4.998127703936697882e+23
4.998190545173947676e+23
4.998251277058201344e+23
4.998309970337485585e+23
4.998366693388282390e+23
4.998421512294842992e+23
4.998474490925890614e+23
4.998525691008716038e+23
4.998575172200872689e+23
4.998622992159405465e+23
4.998669206607806595e+23
4.998713869400736101e+23
4.998757032586568595e+23
4.998798746467865754e+23
4.998839059659810018e+23
4.998878019146707569e+23
4.998915670336580050e+23
4.998952057113961122e+23
4.998987221890891147e+23
4.999021205656232138e+23
4.999054048023336525e+23
4.999085787276096590e+23
4.999116460413479918e+23
4.999146103192564972e+23
4.999174750170117717e+23
4.999202434742811309e+23
4.999229189186071382e+23
4.999255044691636215e+23
4.999280031403849202e+23
4.999304178454740012e+23
4.999327513997925973e+23
4.999350065241396766e+23
4.999371858479162967e+23
4.999392919121881842e+23
4.999413271726431561e+23
4.999432940024502252e+23
4.999451946950240827e+23
4.999470314666943536e+23
4.999488064592858652e+23
4.999505217426149626e+23
4.999521793168985828e+23
4.999537811150846768e+23
4.999553290051030415e+23
4.999568247920423978e+23
4.999582702202503614e+23
4.999596669753694586e+23
4.999610166862971079e+23
4.999623209270859415e+23
4.999635812187766155e+23
4.999647990311698867e+23
4.999659757845397677e+23
4.999671128512876260e+23
4.999682115575436028e+23
4.999692731847099831e+23
4.999702989709540988e+23
4.999712901126536529e+23
4.999722477657891610e+23
4.999731730472910277e+23
4.999740670363432030e+23
4.999749307756397294e+23
4.999757652725993444e+23
4.999765715005413628e+23
4.999773503998192119e+23
4.999781028789174602e+23
4.999788298155101247e+23
4.999795320574846844e+23
4.999802104239287823e+23
4.999808657060864595e+23
4.999814986682803652e+23
4.999821100488041704e+23
4.999827005607805547e+23
4.999832708929948997e+23
4.999838217106970389e+23
4.999843536563779750e+23
4.999848673505184129e+23
4.999853633923118573e+23
4.999858423603641555e+23
4.999863048133680761e+23
4.999867512907535934e+23
4.999871823133180397e+23
4.999875983838337764e+23
4.999879999876330475e+23
4.999883875931743783e+23
4.999887616525903856e+23
4.999891226022124339e+23
4.999894708630816031e+23
4.999898068414396566e+23
4.999901309292004141e+23
4.999904435044091785e+23
4.999907449316833734e+23
4.999910355626367375e+23
4.999913157362902326e+23
4.999915857794674490e+23
4.999918460071742401e+23
4.999920967229685597e+23
4.999923382193124478e+23
4.999925707779148224e+23
4.999927946700580318e+23
4.999930101569154806e+23
4.999932174898573775e+23
4.999934169107411155e+23
4.999936086521963505e+23
4.999937929378935037e+23
4.999939699828063585e+23
4.999941399934630478e+23
4.999943031681857670e+23
4.999944596973227690e+23
4.999946097634701591e+23
4.999947535416856370e+23
4.999948911996908968e+23
4.999950228980696655e+23
4.999951487904525876e+23
4.999952690236978155e+23
4.999953837380622038e+23
4.999954930673649210e+23
4.999955971391436788e+23
4.999956960748014991e+23
4.999957899897521392e+23
4.999958789935510879e+23
4.999959631900256229e+23
4.999960426773945998e+23
4.999961175483838796e+23
4.999961878903345077e+23
4.999962537853028412e+23
4.999963153101589966e+23
4.999963725366750316e+23
4.999964255316081597e+23
4.999964743567798048e+23
4.999965190691474071e+23
4.999965597208700560e+23
4.999965963593697607e+23
4.999966290273874183e+23
4.999966577630322738e+23
4.999966825998256072e+23
4.999967035667409325e+23
4.999967206882380884e+23
4.999967339842886057e+23
4.999967434704042957e+23
4.999967491576508061e+23
4.999967510526628546e+23
4.999967491576508061e+23
4.999967434704042957e+23
4.999967339842886057e+23
4.999967206882380884e+23
4.999967035667409325e+23
4.999966825998256072e+23
4.999966577630322738e+23
4.999966290273874183e+23
4.999965963593697607e+23
4.999965597208700560e+23
4.999965190691474071e+23
4.999964743567798048e+23
4.999964255316081597e+23
4.999963725366750316e+23
4.999963153101589966e+23
4.999962537853028412e+23
4.999961878903345077e+23
4.999961175483838796e+23
4.999960426773945998e+23
4.999959631900256229e+23
4.999958789935510879e+23
4.999957899897521392e+23
4.999956960748014991e+23
4.999955971391436788e+23
4.999954930673649210e+23
4.999953837380622038e+23
4.999952690236978155e+23
4.999951487904525876e+23
4.999950228980696655e+23
4.999948911996908968e+23
4.999947535416856370e+23
4.999946097634701591e+23
4.999944596973227690e+23
4.999943031681857670e+23
4.999941399934630478e+23
4.999939699828063585e+23
4.999937929378935037e+23
4.999936086521963505e+23
4.999934169107411155e+23
4.999932174898573775e+23
4.999930101569154806e+23
4.999927946700580318e+23
4.999925707779148224e+23
4.999923382193124478e+23
4.999920967229685597e+23
4.999918460071742401e+23
4.999915857794674490e+23
4.999913157362902326e+23
4.999910355626367375e+23
4.999907449316833734e+23
4.999904435044091785e+23
4.999901309292004141e+23
4.999898068414396566e+23
4.999894708630816031e+23
4.999891226022124339e+23
4.999887616525903856e+23
4.999883875931743783e+23
4.999879999876330475e+23
4.999875983838337764e+23
4.999871823133180397e+23
4.999867512907535934e+23
4.999863048133680761e+23
4.999858423603641555e+23
4.999853633923118573e+23
4.999848673505184129e+23
4.999843536563779750e+23
4.999838217106970389e+23
4.999832708929948997e+23
4.999827005607805547e+23
4.999821100488041704e+23
4.999814986682803652e+23
4.999808657060864595e+23
4.999802104239287823e+23
4.999795320574846844e+23
4.999788298155101247e+23
4.999781028789174602e+23
4.999773503998192119e+23
4.999765715005413628e+23
4.999757652725993444e+23
4.999749307756397294e+23
4.999740670363432030e+23
4.999731730472910277e+23
4.999722477657891610e+23
4.999712901126536529e+23
4.999702989709540988e+23
4.999692731847099831e+23
4.999682115575436028e+23
4.999671128512876260e+23
4.999659757845397677e+23
4.999647990311698867e+23
4.999635812187766155e+23
4.999623209270859415e+23
4.999610166862971079e+23
4.999596669753694586e+23
4.999582702202503614e+23
4.999568247920423978e+23
4.999553290051030415e+23
4.999537811150846768e+23
4.999521793168985828e+23
4.999505217426149626e+23
4.999488064592858652e+23
4.999470314666943536e+23
4.999451946950240827e+23
4.999432940024502252e+23
4.999413271726431561e+23
4.999392919121881842e+23
4.999371858479162967e+23
4.999350065241396766e+23
4.999327513997925973e+23
4.999304178454740012e+23
4.999280031403849202e+23
4.999255044691636215e+23
4.999229189186071382e+23
4.999202434742811309e+23
4.999174750170117717e+23
4.999146103192564972e+23
4.999116460413479918e+23
4.999085787276096590e+23
4.999054048023336525e+23
4.999021205656232138e+23
4.998987221890891147e+23
4.998952057113961122e+23
4.998915670336580050e+23
4.998878019146707569e+23
4.998839059659810018e+23
4.998798746467865754e+23
4.998757032586568595e+23
4.998713869400736101e+23
4.998669206607806595e+23
4.998622992159405465e+23
4.998575172200872689e+23
4.998525691008716038e+23
4.998474490925890614e+23
4.998421512294842992e+23
4.998366693388282390e+23
4.998309970337485585e+23
4.998251277058201344e+23
4.998190545173947676e+23
4.998127703936697882e+23
4.998062680144813794e+23
4.997995398058156417e+23
4.997925779310256534e+23
4.997853742817482858e+23
4.997779204685061434e+23
4.997702078109873823e+23
4.997622273279897822e+23
4.997539697270198119e+23
4.997454253935325956e+23
4.997365843798013709e+23
4.997274363934097277e+23
4.997179707853394495e+23
4.997081765376582515e+23
4.996980422507768138e+23
4.996875561302761165e+23
4.996767059732768919e+23
4.996654791543442123e+23
4.996538626109093645e+23
4.996418428281914277e+23
4.996294058236033211e+23
4.996165371306244026e+23
4.996032217821203598e+23
4.995894442930942184e+23
4.995751886428469272e+23
4.995604382565294670e+23
4.995451759860674913e+23
4.995293840904317231e+23
4.995130442152389410e+23
4.994961373716574477e+23
4.994786439145941400e+23
4.994605435201419037e+23
4.994418151622597526e+23
4.994224370886612185e+23
4.994023867958823339e+23
4.993816410035101505e+23
4.993601756275344807e+23
4.993379657527982996e+23
4.993149856045211719e+23
4.992912085188554397e+23
4.992666069124540971e+23
4.992411522510097524e+23
4.992148150167389067e+23
4.991875646747679968e+23
4.991593696383962364e+23
4.991301972331896221e+23
4.991000136598740942e+23
4.990687839559861089e+23
4.990364719562445858e+23
4.990030402516010790e+23
4.989684501469232093e+23
4.989326616172735077e+23
4.988956332627356874e+23
4.988573222617464019e+23
4.988176843228779286e+23
4.987766736350323189e+23
4.987342428159930584e+23
4.986903428592822292e+23
4.986449230792747867e+23
4.985979310545121051e+23
4.985493125691642573e+23
4.984990115525815047e+23
4.984469700168785571e+23
4.983931279924926150e+23
4.983374234616535208e+23
4.982797922897066281e+23
4.982201681542222184e+23
4.981584824718267074e+23
4.980946643226951732e+23
4.980286403726277649e+23
4.979603347926515387e+23
4.978896691760683989e+23
4.978165624528817671e+23
4.977409308015328567e+23
4.976626875578625326e+23
4.975817431212314465e+23
4.974980048577203326e+23
4.974113770003262415e+23
4.973217605460862624e+23
4.972290531500393444e+23
4.971331490159498457e+23
4.970339387837116108e+23
4.969313094133448631e+23
4.968251440655124293e+23
4.967153219784567129e+23
4.966017183412861461e+23
4.964842041635295168e+23
4.963626461408536151e+23
4.962369065168843372e+23
4.961068429410299135e+23
4.959723083222345203e+23
4.958331506785696665e+23
4.956892129825893321e+23
4.955403330023683302e+23
4.953863431381391990e+23
4.952270702544597109e+23
4.950623355078330852e+23
4.948919541697091648e+23
4.947157354448013933e+23
4.945334822846540965e+23
4.943449911964016145e+23
4.941500520466629127e+23
4.939484478605244299e+23
4.937399546155680085e+23
4.935243410309033765e+23
4.933013683511851808e+23
4.930707901255833669e+23
4.928323519817048916e+23
4.925857913944599240e+23
4.923308374498846137e+23
4.920672106039449884e+23
4.917946224363527167e+23
4.915127753994466251e+23
4.912213625622047951e+23
4.909200673494683091e+23
4.906085632764822736e+23
4.902865136788726350e+23
4.899535714382023995e+23
4.896093787032779835e+23
4.892535666073912497e+23
4.888857549817260026e+23
4.885055520651708727e+23
4.881125542108185651e+23
4.877063455894747375e+23
4.872864978905156760e+23
4.868525700204978902e+23
4.864041077999343617e+23
4.859406436587279441e+23
4.854616963307748951e+23
4.849667705483149380e+23
4.844553567366549854e+23
4.839269307099488211e+23
4.833809533687752997e+23
4.828168704003270802e+23
4.822341119820807673e+23
4.816320924898997263e+23
4.810102102115907021e+23
4.803678470670197247e+23
4.797043683359719760e+23
4.790191223950382675e+23
4.783114404648867500e+23
4.775806363694000736e+23
4.768260063082389512e+23
4.760468286445152161e+23
4.752423637093571195e+23
4.744118536252800086e+23
4.735545221503802136e+23
4.726695745455171442e+23
4.717561974667542213e+23
4.708135588854898004e+23
4.698408080388269445e+23
4.688370754128870071e+23
4.678014727619141163e+23
4.667330931661729442e+23
4.656310111317844170e+23
4.644942827358152127e+23
4.633219458200785639e+23
4.621130202372743375e+23
4.608665081532505790e+23
4.595813944093277589e+23
4.582566469487826504e+23
4.568912173117459346e+23
4.554840412029141322e+23
4.540340391366286597e+23
4.525401171640009076e+23
4.510011676869065221e+23
4.494160703637761567e+23
4.477836931122260596e+23
4.461028932136664186e+23
4.443725185250806150e+23
4.425914088032497419e+23
4.407583971467029811e+23
4.388723115607002039e+23
4.369319766505120229e+23
4.349362154482221900e+23
4.328838513781724110e+23
4.307737103660464357e+23
4.286046230964071427e+23
4.263754274232841798e+23
4.240849709381211526e+23
4.217321136990715149e+23
4.193157311252288525e+23
4.168347170589145406e+23
4.142879869986254566e+23
4.116744815046272987e+23
4.089931697784991798e+23
4.062430534171695902e+23
4.034231703411172426e+23
4.005325988954770338e+23
3.975704621217421061e+23
3.945359321966101995e+23
3.914282350333014353e+23
3.882466550393161227e+23
3.849905400231801494e+23
3.816593062411788584e+23
3.782524435734370189e+23
3.747695208169859889e+23
3.712101910816129349e+23
3.675741972723936988e+23
3.638613776408185741e+23
3.600716713843484021e+23
3.562051242721534594e+23
3.522618942725979143e+23
3.482422571558667572e+23
3.441466120429354363e+23
3.399754868698838760e+23
3.357295437344167889e+23
3.314095840893502101e+23
3.270165537458132626e+23
3.225515476470297495e+23
3.180158143717755102e+23
3.134107603250582735e+23
3.087379535722034883e+23
3.039991272714233929e+23
2.991961826591412396e+23
2.943311915418501188e+23
2.894063982481634482e+23
2.844242209949991400e+23
2.793872526225436658e+23
2.742982606538452647e+23
2.691601866365629272e+23
2.639761447266300618e+23
2.587494194763537203e+23
2.534834627928200252e+23
2.481818900364057064e+23
2.428484752337011359e+23
2.374871453842511652e+23
2.321019738461922772e+23
2.266971727920715625e+23
2.212770847328833131e+23
2.158461731155704398e+23
2.104090120068844413e+23
2.049702748845053827e+23
1.995347225646298091e+23
1.941071903037452651e+23
1.886925741209460293e+23
1.832958163957958773e+23
1.779218908053068799e+23
1.725757866719661124e+23
1.672624928027841449e+23
1.619869809069367419e+23
1.567541886866121986e+23
1.515690027020283900e+23
1.464362411171441017e+23
1.413606364372308098e+23
1.363468183531102090e+23
1.313992968093980080e+23
1.265224454154478462e+23
1.217204853178026500e+23
1.169974696517885734e+23
1.123572686873963581e+23
1.078035557807853446e+23
1.033397942376312382e+23
9.896922518814541742e+22
9.469485656598875052e+22
9.051945327456269264e+22
8.644552861436629903e+22
8.247533703440196488e+22
7.861086825910138359e+22
7.485384283009005178e+22
7.120570908946604438e+22
6.766764161830633656e+22
6.766764161830633656e+22
6.766764161830633656e+22
6.766764161830633656e+22
6.766764161830633656e+22
6.766764161830633656e+22
6.766764161830633656e+22
6.766764161830633656e+22
6.766764161830633656e+22
6.766764161830633656e+22
6.766764161830633656e+22
6.766764161830633656e+22
6.766764161830633656e+22
6.766764161830633656e+22
6.766764161830633656e+22
6.766764161830633656e+22
6.766764161830633656e+22
6.766764161830633656e+22
6.766764161830633656e+22
6.766764161830633656e+22
6.766764161830633656e+22
6.766764161830633656e+22
6.766764161830633656e+22
6.766764161830633656e+22
6.766764161830633656e+22
6.766764161830633656e+22
6.766764161830633656e+22
6.766764161830633656e+22
6.766764161830633656e+22
6.766764161830633656e+22
6.766764161830633656e+22
6.766764161830633656e+22
6.766764161830633656e+22
6.766764161830633656e+22
6.766764161830633656e+22
6.766764161830633656e+22
6.766764161830633656e+22
6.766764161830633656e+22
6.766764161830633656e+22
6.766764161830633656e+22
6.766764161830633656e+22
6.766764161830633656e+22
6.766764161830633656e+22
6.766764161830633656e+22
6.766764161830633656e+22
6.766764161830633656e+22
6.766764161830633656e+22
6.766764161830633656e+22
6.766764161830633656e+22
6.766764161830633656e+22
6.766764161830633656e+22
6.766764161830633656e+22
6.766764161830633656e+22
6.766764161830633656e+22
6.766764161830633656e+22
6.766764161830633656e+22
6.766764161830633656e+22
6.766764161830633656e+22
6.766764161830633656e+22
6.766764161830633656e+22
6.766764161830633656e+22
6.766764161830633656e+22
6.766764161830633656e+22
6.766764161830633656e+22
6.766764161830633656e+22
6.766764161830633656e+22
6.766764161830633656e+22
6.766764161830633656e+22
6.766764161830633656e+22
6.766764161830633656e+22
6.766764161830633656e+22
6.766764161830633656e+22
6.766764161830633656e+22
6.766764161830633656e+22
6.766764161830633656e+22
6.766764161830633656e+22
6.766764161830633656e+22
6.766764161830633656e+22
6.766764161830633656e+22
6.766764161830633656e+22
6.766764161830633656e+22
6.766764161830633656e+22
6.766764161830633656e+22
6.766764161830633656e+22
6.766764161830633656e+22
6.766764161830633656e+22
6.766764161830633656e+22
6.766764161830633656e+22
6.766764161830633656e+22
6.766764161830633656e+22
6.766764161830633656e+22
6.766764161830633656e+22
6.766764161830633656e+22
6.766764161830633656e+22
6.766764161830633656e+22
6.766764161830633656e+22
6.766764161830633656e+22
6.766764161830633656e+22
6.766764161830633656e+22
6.766764161830633656e+22
6.766764161830633656e+22
