0.000000000000000000e+00
0.000000000000000000e+00
0.000000000000000000e+00
0.000000000000000000e+00
0.000000000000000000e+00
0.000000000000000000e+00
0.000000000000000000e+00
0.000000000000000000e+00
0.000000000000000000e+00
0.000000000000000000e+00
0.000000000000000000e+00
0.000000000000000000e+00
0.000000000000000000e+00
0.000000000000000000e+00
0.000000000000000000e+00
0.000000000000000000e+00
0.000000000000000000e+00
0.000000000000000000e+00
0.000000000000000000e+00
0.000000000000000000e+00
0.000000000000000000e+00
0.000000000000000000e+00
0.000000000000000000e+00
0.000000000000000000e+00
0.000000000000000000e+00
0.000000000000000000e+00
0.000000000000000000e+00
0.000000000000000000e+00
0.000000000000000000e+00
0.000000000000000000e+00
0.000000000000000000e+00
0.000000000000000000e+00
0.000000000000000000e+00
0.000000000000000000e+00
0.000000000000000000e+00
0.000000000000000000e+00
0.000000000000000000e+00
0.000000000000000000e+00
0.000000000000000000e+00
0.000000000000000000e+00
0.000000000000000000e+00
0.000000000000000000e+00
0.000000000000000000e+00
0.000000000000000000e+00
0.000000000000000000e+00
0.000000000000000000e+00
0.000000000000000000e+00
0.000000000000000000e+00
0.000000000000000000e+00
0.000000000000000000e+00
0.000000000000000000e+00
0.000000000000000000e+00
0.000000000000000000e+00
0.000000000000000000e+00
0.000000000000000000e+00
0.000000000000000000e+00
0.000000000000000000e+00
0.000000000000000000e+00
0.000000000000000000e+00
0.000000000000000000e+00
0.000000000000000000e+00
0.000000000000000000e+00
0.000000000000000000e+00
0.000000000000000000e+00
0.000000000000000000e+00
0.000000000000000000e+00
0.000000000000000000e+00
0.000000000000000000e+00
0.000000000000000000e+00
0.000000000000000000e+00
0.000000000000000000e+00
0.000000000000000000e+00
0.000000000000000000e+00
0.000000000000000000e+00
0.000000000000000000e+00
0.000000000000000000e+00
0.000000000000000000e+00
0.000000000000000000e+00
0.000000000000000000e+00
0.000000000000000000e+00
0.000000000000000000e+00
0.000000000000000000e+00
0.000000000000000000e+00
0.000000000000000000e+00
0.000000000000000000e+00
0.000000000000000000e+00
0.000000000000000000e+00
0.000000000000000000e+00
0.000000000000000000e+00
0.000000000000000000e+00
0.000000000000000000e+00
0.000000000000000000e+00
0.000000000000000000e+00
0.000000000000000000e+00
0.000000000000000000e+00
0.000000000000000000e+00
0.000000000000000000e+00
0.000000000000000000e+00
0.000000000000000000e+00
0.000000000000000000e+00
0.000000000000000000e+00
-1.317544599995698010e-03
-2.609225574481376271e-03
-3.875262968282693152e-03
-5.115883394255497929e-03
-6.331319945926051213e-03
-7.521812093712944639e-03
-8.687605564912707912e-03
-9.828952207718000961e-03
-1.094610983962263084e-02
-1.203934208065061268e-02
-1.310891817192634708e-02
-1.415511278017907160e-02
-1.517820578884632177e-02
-1.617848207650775944e-02
-1.715623128344176407e-02
-1.811174756715204157e-02
-1.904532934776036190e-02
-1.995727904420313559e-02
-2.084790280220467917e-02
-2.171751021502770981e-02
-2.256641403802238030e-02
-2.339492989800863107e-02
-2.420337599853307486e-02
-2.499207282204114755e-02
-2.576134282999805597e-02
-2.651151016197849167e-02
-2.724290033472515082e-02
-2.795583994215095069e-02
-2.865065635722910398e-02
-2.932767743667948762e-02
-2.998723122932000357e-02
-3.062964568890797629e-02
-3.125524839224955165e-02
-3.186436626330538258e-02
-3.245732530396829713e-02
-3.303445033213579796e-02
-3.359606472764400248e-02
-3.414249018657457280e-02
-3.467404648438941750e-02
-3.519105124829242925e-02
-3.569381973916146977e-02
-3.618266464333931565e-02
-3.665789587451906417e-02
-3.711982038590738026e-02
-3.756874199279860993e-02
-3.800496120564611502e-02
-3.842877507366949941e-02
-3.884047703899497217e-02
-3.924035680128382803e-02
-3.962870019276711758e-02
-4.000578906356862946e-02
-4.037190117716581844e-02
-4.072731011580868477e-02
-4.107228519568942304e-02
-4.140709139163184505e-02
-4.173198927104761202e-02
-4.204723493688759806e-02
-4.235307997930060769e-02
-4.264977143569756435e-02
-4.293755175890798248e-02
-4.321665879310607888e-02
-4.348732575717714766e-02
-4.374978123518935558e-02
-4.400424917363314481e-02
-4.425094888508855628e-02
-4.449009505798155045e-02
-4.472189777209110984e-02
-4.494656251947269643e-02
-4.516429023046720365e-02
-4.537527730446982988e-02
-4.557971564513988577e-02
-4.577779269973902831e-02
-4.596969150229371359e-02
-4.615559072028591059e-02
-4.633566470458493763e-02
-4.651008354234312941e-02
-4.667901311258729896e-02
-4.684261514424862410e-02
-4.700104727638344110e-02
-4.715446312034796139e-02
-4.730301232370060643e-02
-4.744684063561600135e-02
-4.758608997360517373e-02
-4.772089849134700940e-02
-4.785140064744628635e-02
-4.797772727494348938e-02
-4.810000565141223094e-02
-4.821835956948884727e-02
-4.833290940768917437e-02
-4.844377220137618262e-02
-4.855106171375129370e-02
-4.865488850675069726e-02
-4.875536001173673417e-02
-4.885258059988197010e-02
-4.894665165215170838e-02
-4.903767162879790059e-02
-4.912573613828463692e-02
-4.921093800557203163e-02
-4.929336733969195278e-02
-4.937311160055520010e-02
-4.945025566493524427e-02
-4.952488189157974730e-02
-4.959707018540563533e-02
-4.966689806073925489e-02
-4.973444070356701496e-02
-4.979977103276679584e-02
-4.986295976029440913e-02
-4.992407545030325133e-02
-4.998318457717881858e-02
-5.004035158247355231e-02
-5.009563893072974117e-02
-5.014910716418246456e-02
-5.020081495633582636e-02
-5.025081916440961999e-02
-5.029917488065484971e-02
-5.034593548253930156e-02
-5.039115268180601598e-02
-5.043487657240969257e-02
-5.047715567733734171e-02
-5.051803699432123873e-02
-5.055756604045363173e-02
-5.059578689571377075e-02
-5.063274224541908231e-02
-5.066847342161331230e-02
-5.070302044340529307e-02
-5.073642205627314217e-02
-5.076871577034861027e-02
-5.079993789769791240e-02
-5.083012358861525859e-02
-5.085930686694600800e-02
-5.088752066445668965e-02
-5.091479685426954227e-02
-5.094116628337944097e-02
-5.096665880427125872e-02
-5.099130330565593283e-02
-5.101512774234354813e-02
-5.103815916427194982e-02
-5.106042374470919076e-02
-5.108194680764834017e-02
-5.110275285441295834e-02
-5.112286558949152154e-02
-5.114230794561901855e-02
-5.116110210812371828e-02
-5.117926953855719829e-02
-5.119683099762498135e-02
-5.121380656743541870e-02
-5.123021567308430613e-02
-5.124607710359205259e-02
-5.126140903221026307e-02
-5.127622903611440269e-02
-5.129055411549859889e-02
-5.130440071208894337e-02
-5.131778472709061512e-02
-5.133072153858463105e-02
-5.134322601838905986e-02
-5.135531254839981186e-02
-5.136699503642529890e-02
-5.137828693152957094e-02
-5.138920123889743896e-02
-5.139975053423551099e-02
-5.140994697772239413e-02
-5.141980232752107333e-02
-5.142932795286615788e-02
-5.143853484673863163e-02
-5.144743363813984033e-02
-5.145603460397692175e-02
-5.146434768057104453e-02
-5.147238247479964113e-02
-5.148014827488381351e-02
-5.148765406083127827e-02
-5.149490851454548851e-02
-5.150192002961111182e-02
-5.150869672076537065e-02
-5.151524643306512607e-02
-5.152157675075912102e-02
-5.152769500587402185e-02
-5.153360828652353565e-02
-5.153932344494879803e-02
-5.154484710529902425e-02
-5.155018567115943889e-02
-5.155534533283526871e-02
-5.156033207439943838e-02
-5.156515168051054726e-02
-5.156980974300930803e-02
-5.157431166729979644e-02
-5.157866267852259656e-02
-5.158286782752639910e-02
-5.158693199664437373e-02
-5.159085990528154697e-02
-5.159465611531934698e-02
-5.159832503634280421e-02
-5.160187093069656256e-02
-5.160529791837469016e-02
-5.160860998174991721e-02
-5.161181097014754665e-02
-5.161490460426864518e-02
-5.161789448046780193e-02
-5.162078407488979864e-02
-5.162357674746999997e-02
-5.162627574580284928e-02
-5.162888420888252228e-02
-5.163140517072012381e-02
-5.163384156384140389e-02
-5.163619622266871212e-02
-5.163847188679118738e-02
-5.164067120412659667e-02
-5.164279673397860482e-02
-5.164485094999272941e-02
-5.164683624301420056e-02
-5.164875492385127137e-02
-5.165060922594665038e-02
-5.165240130796042856e-02
-5.165413325626719288e-02
-5.165580708737019244e-02
-5.165742475023530483e-02
-5.165898812854750888e-02
-5.166049904289223005e-02
-5.166195925286413276e-02
-5.166337045910585762e-02
-5.166473430527879912e-02
-5.166605237996841488e-02
-5.166732621852584972e-02
-5.166855730484853915e-02
-5.166974707310115905e-02
-5.167089690937948232e-02
-5.167200815331857155e-02
-5.167308209964756316e-02
-5.167411999969231950e-02
-5.167512306282820433e-02
-5.167609245788432060e-02
-5.167702931450072340e-02
-5.167793472444056485e-02
-5.167880974285832957e-02
-5.167965538952570131e-02
-5.168047265001646240e-02
-5.168126247685184138e-02
-5.168202579060762747e-02
-5.168276348098423123e-02
-5.168347640784103081e-02
-5.168416540219614164e-02
-5.168483126719265741e-02
-5.168547477903271542e-02
-5.168609668788028133e-02
-5.168669771873370122e-02
-5.168727857226912414e-02
-5.168783992565561397e-02
-5.168838243334312327e-02
-5.168890672782393975e-02
-5.168941342036876413e-02
-5.168990310173816882e-02
-5.169037634287008964e-02
-5.169083369554448859e-02
-5.169127569302558317e-02
-5.169170285068274556e-02
-5.169211566659046020e-02
-5.169251462210823489e-02
-5.169290018244116630e-02
-5.169327279718155532e-02
-5.169363290083262008e-02
-5.169398091331440376e-02
-5.169431724045290416e-02
-5.169464227445272342e-02
-5.169495639435392476e-02
-5.169525996647358207e-02
-5.169555334483248721e-02
-5.169583687156759089e-02
-5.169611087733059357e-02
-5.169637568167314429e-02
-5.169663159341927189e-02
-5.169687891102515281e-02
-5.169711792292687458e-02
-5.169734890787653497e-02
-5.169757213526712109e-02
-5.169778786544641791e-02
-5.169799635002042537e-02
-5.169819783214658904e-02
-5.169839254681720536e-02
-5.169858072113331371e-02
-5.169876257456936658e-02
-5.169893831922906663e-02
-5.169910816009259946e-02
-5.169927229525555362e-02
-5.169943091615988862e-02
-5.169958420781704811e-02
-5.169973234902364156e-02
-5.169987551256990943e-02
-5.170001386544113842e-02
-5.170014756901233910e-02
-5.170027677923641485e-02
-5.170040164682593309e-02
-5.170052231742888749e-02
-5.170063893179849268e-02
-5.170075162595727525e-02
-5.170086053135572457e-02
-5.170096577502550361e-02
-5.170106747972758043e-02
-5.170116576409541920e-02
-5.170126074277328621e-02
-5.170135252654987912e-02
-5.170144122248757079e-02
-5.170152693404726080e-02
-5.170160976120902890e-02
-5.170168980058865299e-02
-5.170176714555038688e-02
-5.170184188631569977e-02
-5.170191411006866411e-02
-5.170198390105745084e-02
-5.170205134069272984e-02
-5.170211650764248990e-02
-5.170217947792386803e-02
-5.170224032499174532e-02
-5.170229911982443527e-02
-5.170235593100652727e-02
-5.170241082480878103e-02
-5.170246386526543281e-02
-5.170251511424894114e-02
-5.170256463154210280e-02
-5.170261247490773315e-02
-5.170265870015615384e-02
-5.170270336121017551e-02
-5.170274651016803363e-02
-5.170278819736414538e-02
-5.170282847142781968e-02
-5.170286737934001731e-02
-5.170290496648808493e-02
-5.170294127671871964e-02
-5.170297635238911560e-02
-5.170301023441632726e-02
-5.170304296232507840e-02
-5.170307457429381554e-02
-5.170310510719922786e-02
-5.170313459665927536e-02
-5.170316307707473191e-02
-5.170319058166931298e-02
-5.170321714252844314e-02
-5.170324279063664291e-02
-5.170326755591371504e-02
-5.170329146724963326e-02
-5.170331455253818209e-02
-5.170333683870959735e-02
-5.170335835176190914e-02
-5.170337911679127180e-02
-5.170339915802123903e-02
-5.170341849883107466e-02
-5.170343716178292526e-02
-5.170345516864822966e-02
-5.170347254043308749e-02
-5.170348929740270494e-02
-5.170350545910511880e-02
-5.170352104439396301e-02
-5.170353607145043717e-02
-5.170355055780457426e-02
-5.170356452035562711e-02
-5.170357797539179567e-02
-5.170359093860926736e-02
-5.170360342513048713e-02
-5.170361544952181698e-02
-5.170362702581050851e-02
-5.170363816750105784e-02
-5.170364888759103328e-02
-5.170365919858613962e-02
-5.170366911251488701e-02
-5.170367864094253113e-02
-5.170368779498464573e-02
-5.170369658532008444e-02
-5.170370502220338060e-02
-5.170371311547675153e-02
-5.170372087458159627e-02
-5.170372830856945212e-02
-5.170373542611261114e-02
-5.170374223551420928e-02
-5.170374874471789228e-02
-5.170375496131711379e-02
-5.170376089256401714e-02
-5.170376654537781058e-02
-5.170377192635294827e-02
-5.170377704176670058e-02
-5.170378189758660648e-02
-5.170378649947732913e-02
-5.170379085280733117e-02
-5.170379496265507802e-02
-5.170379883381502617e-02
-5.170380247080318126e-02
-5.170380587786235077e-02
-5.170380905896712620e-02
-5.170381201782852515e-02
-5.170381475789826570e-02
-5.170381728237283953e-02
-5.170381959419727280e-02
-5.170382169606846379e-02
-5.170382359043840248e-02
-5.170382527951702251e-02
-5.170382676527476851e-02
-5.170382804944486516e-02
-5.170382913352542659e-02
-5.170383001878112172e-02
-5.170383070624461758e-02
-5.170383119671793232e-02
-5.170383149077324714e-02
-5.170383158875358626e-02
-5.170383149077324714e-02
-5.170383119671793232e-02
-5.170383070624461758e-02
-5.170383001878112172e-02
-5.170382913352542659e-02
-5.170382804944486516e-02
-5.170382676527476851e-02
-5.170382527951702251e-02
-5.170382359043840248e-02
-5.170382169606846379e-02
-5.170381959419727280e-02
-5.170381728237283953e-02
-5.170381475789826570e-02
-5.170381201782852515e-02
-5.170380905896712620e-02
-5.170380587786235077e-02
-5.170380247080318126e-02
-5.170379883381502617e-02
-5.170379496265507802e-02
-5.170379085280733117e-02
-5.170378649947732913e-02
-5.170378189758660648e-02
-5.170377704176670058e-02
-5.170377192635294827e-02
-5.170376654537781058e-02
-5.170376089256401714e-02
-5.170375496131711379e-02
-5.170374874471789228e-02
-5.170374223551420928e-02
-5.170373542611261114e-02
-5.170372830856945212e-02
-5.170372087458159627e-02
-5.170371311547675153e-02
-5.170370502220338060e-02
-5.170369658532008444e-02
-5.170368779498464573e-02
-5.170367864094253113e-02
-5.170366911251488701e-02
-5.170365919858613962e-02
-5.170364888759103328e-02
-5.170363816750105784e-02
-5.170362702581050851e-02
-5.170361544952181698e-02
-5.170360342513048713e-02
-5.170359093860926736e-02
-5.170357797539179567e-02
-5.170356452035562711e-02
-5.170355055780457426e-02
-5.170353607145043717e-02
-5.170352104439396301e-02
-5.170350545910511880e-02
-5.170348929740270494e-02
-5.170347254043308749e-02
-5.170345516864822966e-02
-5.170343716178292526e-02
-5.170341849883107466e-02
-5.170339915802123903e-02
-5.170337911679127180e-02
-5.170335835176190914e-02
-5.170333683870959735e-02
-5.170331455253818209e-02
-5.170329146724963326e-02
-5.170326755591371504e-02
-5.170324279063664291e-02
-5.170321714252844314e-02
-5.170319058166931298e-02
-5.170316307707473191e-02
-5.170313459665927536e-02
-5.170310510719922786e-02
-5.170307457429381554e-02
-5.170304296232507840e-02
-5.170301023441632726e-02
-5.170297635238911560e-02
-5.170294127671871964e-02
-5.170290496648808493e-02
-5.170286737934001731e-02
-5.170282847142781968e-02
-5.170278819736414538e-02
-5.170274651016803363e-02
-5.170270336121017551e-02
-5.170265870015615384e-02
-5.170261247490773315e-02
-5.170256463154210280e-02
-5.170251511424894114e-02
-5.170246386526543281e-02
-5.170241082480878103e-02
-5.170235593100652727e-02
-5.170229911982443527e-02
-5.170224032499174532e-02
-5.170217947792386803e-02
-5.170211650764248990e-02
-5.170205134069272984e-02
-5.170198390105745084e-02
-5.170191411006866411e-02
-5.170184188631569977e-02
-5.170176714555038688e-02
-5.170168980058865299e-02
-5.170160976120902890e-02
-5.170152693404726080e-02
-5.170144122248757079e-02
-5.170135252654987912e-02
-5.170126074277328621e-02
-5.170116576409541920e-02
-5.170106747972758043e-02
-5.170096577502550361e-02
-5.170086053135572457e-02
-5.170075162595727525e-02
-5.170063893179849268e-02
-5.170052231742888749e-02
-5.170040164682593309e-02
-5.170027677923641485e-02
-5.170014756901233910e-02
-5.170001386544113842e-02
-5.169987551256990943e-02
-5.169973234902364156e-02
-5.169958420781704811e-02
-5.169943091615988862e-02
-5.169927229525555362e-02
-5.169910816009259946e-02
-5.169893831922906663e-02
-5.169876257456936658e-02
-5.169858072113331371e-02
-5.169839254681720536e-02
-5.169819783214658904e-02
-5.169799635002042537e-02
-5.169778786544641791e-02
-5.169757213526712109e-02
-5.169734890787653497e-02
-5.169711792292687458e-02
-5.169687891102515281e-02
-5.169663159341927189e-02
-5.169637568167314429e-02
-5.169611087733059357e-02
-5.169583687156759089e-02
-5.169555334483248721e-02
-5.169525996647358207e-02
-5.169495639435392476e-02
-5.169464227445272342e-02
-5.169431724045290416e-02
-5.169398091331440376e-02
-5.169363290083262008e-02
-5.169327279718155532e-02
-5.169290018244116630e-02
-5.169251462210823489e-02
-5.169211566659046020e-02
-5.169170285068274556e-02
-5.169127569302558317e-02
-5.169083369554448859e-02
-5.169037634287008964e-02
-5.168990310173816882e-02
-5.168941342036876413e-02
-5.168890672782393975e-02
-5.168838243334312327e-02
-5.168783992565561397e-02
-5.168727857226912414e-02
-5.168669771873370122e-02
-5.168609668788028133e-02
-5.168547477903271542e-02
-5.168483126719265741e-02
-5.168416540219614164e-02
-5.168347640784103081e-02
-5.168276348098423123e-02
-5.168202579060762747e-02
-5.168126247685184138e-02
-5.168047265001646240e-02
-5.167965538952570131e-02
-5.167880974285832957e-02
-5.167793472444056485e-02
-5.167702931450072340e-02
-5.167609245788432060e-02
-5.167512306282820433e-02
-5.167411999969231950e-02
-5.167308209964756316e-02
-5.167200815331857155e-02
-5.167089690937948232e-02
-5.166974707310115905e-02
-5.166855730484853915e-02
-5.166732621852584972e-02
-5.166605237996841488e-02
-5.166473430527879912e-02
-5.166337045910585762e-02
-5.166195925286413276e-02
-5.166049904289223005e-02
-5.165898812854750888e-02
-5.165742475023530483e-02
-5.165580708737019244e-02
-5.165413325626719288e-02
-5.165240130796042856e-02
-5.165060922594665038e-02
-5.164875492385127137e-02
-5.164683624301420056e-02
-5.164485094999272941e-02
-5.164279673397860482e-02
-5.164067120412659667e-02
-5.163847188679118738e-02
-5.163619622266871212e-02
-5.163384156384140389e-02
-5.163140517072012381e-02
-5.162888420888252228e-02
-5.162627574580284928e-02
-5.162357674746999997e-02
-5.162078407488979864e-02
-5.161789448046780193e-02
-5.161490460426864518e-02
-5.161181097014754665e-02
-5.160860998174991721e-02
-5.160529791837469016e-02
-5.160187093069656256e-02
-5.159832503634280421e-02
-5.159465611531934698e-02
-5.159085990528154697e-02
-5.158693199664437373e-02
-5.158286782752639910e-02
-5.157866267852259656e-02
-5.157431166729979644e-02
-5.156980974300930803e-02
-5.156515168051054726e-02
-5.156033207439943838e-02
-5.155534533283526871e-02
-5.155018567115943889e-02
-5.154484710529902425e-02
-5.153932344494879803e-02
-5.153360828652353565e-02
-5.152769500587402185e-02
-5.152157675075912102e-02
-5.151524643306512607e-02
-5.150869672076537065e-02
-5.150192002961111182e-02
-5.149490851454548851e-02
-5.148765406083127827e-02
-5.148014827488381351e-02
-5.147238247479964113e-02
-5.146434768057104453e-02
-5.145603460397692175e-02
-5.144743363813984033e-02
-5.143853484673863163e-02
-5.142932795286615788e-02
-5.141980232752107333e-02
-5.140994697772239413e-02
-5.139975053423551099e-02
-5.138920123889743896e-02
-5.137828693152957094e-02
-5.136699503642529890e-02
-5.135531254839981186e-02
-5.134322601838905986e-02
-5.133072153858463105e-02
-5.131778472709061512e-02
-5.130440071208894337e-02
-5.129055411549859889e-02
-5.127622903611440269e-02
-5.126140903221026307e-02
-5.124607710359205259e-02
-5.123021567308430613e-02
-5.121380656743541870e-02
-5.119683099762498135e-02
-5.117926953855719829e-02
-5.116110210812371828e-02
-5.114230794561901855e-02
-5.112286558949152154e-02
-5.110275285441295834e-02
-5.108194680764834017e-02
-5.106042374470919076e-02
-5.103815916427194982e-02
-5.101512774234354813e-02
-5.099130330565593283e-02
-5.096665880427125872e-02
-5.094116628337944097e-02
-5.091479685426954227e-02
-5.088752066445668965e-02
-5.085930686694600800e-02
-5.083012358861525859e-02
-5.079993789769791240e-02
-5.076871577034861027e-02
-5.073642205627314217e-02
-5.070302044340529307e-02
-5.066847342161331230e-02
-5.063274224541908231e-02
-5.059578689571377075e-02
-5.055756604045363173e-02
-5.051803699432123873e-02
-5.047715567733734171e-02
-5.043487657240969257e-02
-5.039115268180601598e-02
-5.034593548253930156e-02
-5.029917488065484971e-02
-5.025081916440961999e-02
-5.020081495633582636e-02
-5.014910716418246456e-02
-5.009563893072974117e-02
-5.004035158247355231e-02
-4.998318457717881858e-02
-4.992407545030325133e-02
-4.986295976029440913e-02
-4.979977103276679584e-02
-4.973444070356701496e-02
-4.966689806073925489e-02
-4.959707018540563533e-02
-4.952488189157974730e-02
-4.945025566493524427e-02
-4.937311160055520010e-02
-4.929336733969195278e-02
-4.921093800557203163e-02
-4.912573613828463692e-02
-4.903767162879790059e-02
-4.894665165215170838e-02
-4.885258059988197010e-02
-4.875536001173673417e-02
-4.865488850675069726e-02
-4.855106171375129370e-02
-4.844377220137618262e-02
-4.833290940768917437e-02
-4.821835956948884727e-02
-4.810000565141223094e-02
-4.797772727494348938e-02
-4.785140064744628635e-02
-4.772089849134700940e-02
-4.758608997360517373e-02
-4.744684063561600135e-02
-4.730301232370060643e-02
-4.715446312034796139e-02
-4.700104727638344110e-02
-4.684261514424862410e-02
-4.667901311258729896e-02
-4.651008354234312941e-02
-4.633566470458493763e-02
-4.615559072028591059e-02
-4.596969150229371359e-02
-4.577779269973902831e-02
-4.557971564513988577e-02
-4.537527730446982988e-02
-4.516429023046720365e-02
-4.494656251947269643e-02
-4.472189777209110984e-02
-4.449009505798155045e-02
-4.425094888508855628e-02
-4.400424917363314481e-02
-4.374978123518935558e-02
-4.348732575717714766e-02
-4.321665879310607888e-02
-4.293755175890798248e-02
-4.264977143569756435e-02
-4.235307997930060769e-02
-4.204723493688759806e-02
-4.173198927104761202e-02
-4.140709139163184505e-02
-4.107228519568942304e-02
-4.072731011580868477e-02
-4.037190117716581844e-02
-4.000578906356862946e-02
-3.962870019276711758e-02
-3.924035680128382803e-02
-3.884047703899497217e-02
-3.842877507366949941e-02
-3.800496120564611502e-02
-3.756874199279860993e-02
-3.711982038590738026e-02
-3.665789587451906417e-02
-3.618266464333931565e-02
-3.569381973916146977e-02
-3.519105124829242925e-02
-3.467404648438941750e-02
-3.414249018657457280e-02
-3.359606472764400248e-02
-3.303445033213579796e-02
-3.245732530396829713e-02
-3.186436626330538258e-02
-3.125524839224955165e-02
-3.062964568890797629e-02
-2.998723122932000357e-02
-2.932767743667948762e-02
-2.865065635722910398e-02
-2.795583994215095069e-02
-2.724290033472515082e-02
-2.651151016197849167e-02
-2.576134282999805597e-02
-2.499207282204114755e-02
-2.420337599853307486e-02
-2.339492989800863107e-02
-2.256641403802238030e-02
-2.171751021502770981e-02
-2.084790280220467917e-02
-1.995727904420313559e-02
-1.904532934776036190e-02
-1.811174756715204157e-02
-1.715623128344176407e-02
-1.617848207650775944e-02
-1.517820578884632177e-02
-1.415511278017907160e-02
-1.310891817192634708e-02
-1.203934208065061268e-02
-1.094610983962263084e-02
-9.828952207718000961e-03
-8.687605564912707912e-03
-7.521812093712944639e-03
-6.331319945926051213e-03
-5.115883394255497929e-03
-3.875262968282693152e-03
-2.609225574481376271e-03
-1.317544599995698010e-03
0.000000000000000000e+00
0.000000000000000000e+00
0.000000000000000000e+00
0.000000000000000000e+00
0.000000000000000000e+00
0.000000000000000000e+00
0.000000000000000000e+00
0.000000000000000000e+00
0.000000000000000000e+00
0.000000000000000000e+00
0.000000000000000000e+00
0.000000000000000000e+00
0.000000000000000000e+00
0.000000000000000000e+00
0.000000000000000000e+00
0.000000000000000000e+00
0.000000000000000000e+00
0.000000000000000000e+00
0.000000000000000000e+00
0.000000000000000000e+00
0.000000000000000000e+00
0.000000000000000000e+00
0.000000000000000000e+00
0.000000000000000000e+00
0.000000000000000000e+00
0.000000000000000000e+00
0.000000000000000000e+00
0.000000000000000000e+00
0.000000000000000000e+00
0.000000000000000000e+00
0.000000000000000000e+00
0.000000000000000000e+00
0.000000000000000000e+00
0.000000000000000000e+00
0.000000000000000000e+00
0.000000000000000000e+00
0.000000000000000000e+00
0.000000000000000000e+00
0.000000000000000000e+00
0.000000000000000000e+00
0.000000000000000000e+00
0.000000000000000000e+00
0.000000000000000000e+00
0.000000000000000000e+00
0.000000000000000000e+00
0.000000000000000000e+00
0.000000000000000000e+00
0.000000000000000000e+00
0.000000000000000000e+00
0.000000000000000000e+00
0.000000000000000000e+00
0.000000000000000000e+00
0.000000000000000000e+00
0.000000000000000000e+00
0.000000000000000000e+00
0.000000000000000000e+00
0.000000000000000000e+00
0.000000000000000000e+00
0.000000000000000000e+00
0.000000000000000000e+00
0.000000000000000000e+00
0.000000000000000000e+00
0.000000000000000000e+00
0.000000000000000000e+00
0.000000000000000000e+00
0.000000000000000000e+00
0.000000000000000000e+00
0.000000000000000000e+00
0.000000000000000000e+00
0.000000000000000000e+00
0.000000000000000000e+00
0.000000000000000000e+00
0.000000000000000000e+00
0.000000000000000000e+00
0.000000000000000000e+00
0.000000000000000000e+00
0.000000000000000000e+00
0.000000000000000000e+00
0.000000000000000000e+00
0.000000000000000000e+00
0.000000000000000000e+00
0.000000000000000000e+00
0.000000000000000000e+00
0.000000000000000000e+00
0.000000000000000000e+00
0.000000000000000000e+00
0.000000000000000000e+00
0.000000000000000000e+00
0.000000000000000000e+00
0.000000000000000000e+00
0.000000000000000000e+00
0.000000000000000000e+00
0.000000000000000000e+00
0.000000000000000000e+00
0.000000000000000000e+00
0.000000000000000000e+00
0.000000000000000000e+00
0.000000000000000000e+00
0.000000000000000000e+00
0.000000000000000000e+00
0.000000000000000000e+00
