0.000000000000000000e+00
0.000000000000000000e+00
0.000000000000000000e+00
0.000000000000000000e+00
0.000000000000000000e+00
0.000000000000000000e+00
0.000000000000000000e+00
0.000000000000000000e+00
0.000000000000000000e+00
0.000000000000000000e+00
0.000000000000000000e+00
0.000000000000000000e+00
0.000000000000000000e+00
0.000000000000000000e+00
0.000000000000000000e+00
0.000000000000000000e+00
0.000000000000000000e+00
0.000000000000000000e+00
0.000000000000000000e+00
0.000000000000000000e+00
0.000000000000000000e+00
0.000000000000000000e+00
0.000000000000000000e+00
0.000000000000000000e+00
0.000000000000000000e+00
0.000000000000000000e+00
0.000000000000000000e+00
0.000000000000000000e+00
0.000000000000000000e+00
0.000000000000000000e+00
0.000000000000000000e+00
0.000000000000000000e+00
0.000000000000000000e+00
0.000000000000000000e+00
0.000000000000000000e+00
0.000000000000000000e+00
0.000000000000000000e+00
0.000000000000000000e+00
0.000000000000000000e+00
0.000000000000000000e+00
0.000000000000000000e+00
0.000000000000000000e+00
0.000000000000000000e+00
0.000000000000000000e+00
0.000000000000000000e+00
0.000000000000000000e+00
0.000000000000000000e+00
0.000000000000000000e+00
0.000000000000000000e+00
0.000000000000000000e+00
0.000000000000000000e+00
0.000000000000000000e+00
0.000000000000000000e+00
0.000000000000000000e+00
0.000000000000000000e+00
0.000000000000000000e+00
0.000000000000000000e+00
0.000000000000000000e+00
0.000000000000000000e+00
0.000000000000000000e+00
0.000000000000000000e+00
0.000000000000000000e+00
0.000000000000000000e+00
0.000000000000000000e+00
0.000000000000000000e+00
0.000000000000000000e+00
0.000000000000000000e+00
0.000000000000000000e+00
0.000000000000000000e+00
0.000000000000000000e+00
0.000000000000000000e+00
0.000000000000000000e+00
0.000000000000000000e+00
0.000000000000000000e+00
0.000000000000000000e+00
0.000000000000000000e+00
0.000000000000000000e+00
0.000000000000000000e+00
0.000000000000000000e+00
0.000000000000000000e+00
0.000000000000000000e+00
0.000000000000000000e+00
0.000000000000000000e+00
0.000000000000000000e+00
0.000000000000000000e+00
0.000000000000000000e+00
0.000000000000000000e+00
0.000000000000000000e+00
0.000000000000000000e+00
0.000000000000000000e+00
0.000000000000000000e+00
0.000000000000000000e+00
0.000000000000000000e+00
0.000000000000000000e+00
0.000000000000000000e+00
0.000000000000000000e+00
0.000000000000000000e+00
0.000000000000000000e+00
0.000000000000000000e+00
0.000000000000000000e+00
0.000000000000000000e+00
-3.043921925998728430e-03
-6.057716242508114600e-03
-9.041386774822957745e-03
-1.199493777573149532e-02
-1.491837396730972057e-02
-1.781170058606647635e-02
-2.067492343162244742e-02
-2.350804891910777614e-02
-2.631108413546158487e-02
-2.908403689981534090e-02
-3.182691582813800685e-02
-3.453973040231598374e-02
-3.722249104383348883e-02
-3.987520919221158866e-02
-4.249789738835100389e-02
-4.509056936291301609e-02
-4.765324012985650698e-02
-5.018592608523199383e-02
-5.268864511131364503e-02
-5.516141668612824234e-02
-5.760426199841445216e-02
-6.001720406802046881e-02
-6.240026787171597256e-02
-6.475348047436439713e-02
-6.707687116536600880e-02
-6.937047160024559234e-02
-7.163431594722149964e-02
-7.386844103854876831e-02
-7.607288652639139503e-02
-7.824769504293094258e-02
-8.039291236437576260e-02
-8.250858757848955616e-02
-8.459477325521019830e-02
-8.665152561988509472e-02
-8.867890472860233408e-02
-9.067697464505164451e-02
-9.264580361830505872e-02
-9.458546426086526793e-02
-9.649603372628849651e-02
-9.837759388565173180e-02
-1.002302315021005169e-01
-1.020540384026808467e-01
-1.038491116466349062e-01
-1.056155536893158137e-01
-1.073534725408624990e-01
-1.090629819187624860e-01
-1.107442013934259867e-01
-1.123972565258971462e-01
-1.140222789968293599e-01
-1.156194067258762698e-01
-1.171887839806603632e-01
-1.187305614745132326e-01
-1.202448964522170732e-01
-1.217319527630148918e-01
-1.231919009202070009e-01
-1.246249181467041778e-01
-1.260311884059677479e-01
-1.274109024178331495e-01
-1.287642576587814669e-01
-1.300914583463030905e-01
-1.313927154070720082e-01
-1.326682464287337049e-01
-1.339182755951939252e-01
-1.351430336053827952e-01
-1.363427575755551402e-01
-1.375176909252764923e-01
-1.386680832473324299e-01
-1.397941901618829363e-01
-1.408962731552688696e-01
-1.419745994039591230e-01
-1.430294415842025546e-01
-1.440610776680245619e-01
-1.450697907062748482e-01
-1.460558685994972905e-01
-1.470196038574489439e-01
-1.479612933481476433e-01
-1.488812380373703004e-01
-1.497797427195639297e-01
-1.506571157411589756e-01
-1.515136687173003482e-01
-1.523497162430264007e-01
-1.531655755999360435e-01
-1.539615664593847744e-01
-1.547380105832462660e-01
-1.554952315232684401e-01
-1.562335543200275845e-01
-1.569533052024684738e-01
-1.576548112889855635e-01
-1.583384002909675181e-01
-1.590044002196895900e-01
-1.596531390973944808e-01
-1.602849446733586314e-01
-1.609001441456900938e-01
-1.614990638895538178e-01
-1.620820291924671419e-01
-1.626493639972520777e-01
-1.632013906531782355e-01
-1.637384296757709301e-01
-1.642607995157042977e-01
-1.647688163371438530e-01
-1.652627938058474077e-01
-1.657430428872788131e-01
-1.662098716549372801e-01
-1.666635851090548237e-01
-1.671044850057629982e-01
-1.675328696967874620e-01
-1.679490339796809451e-01
-1.683532689585658382e-01
-1.687458619153177630e-01
-1.691270961910850135e-01
-1.694972510780055064e-01
-1.698566017209515999e-01
-1.702054190291058533e-01
-1.705439695971446012e-01
-1.708725156357855379e-01
-1.711913149114303589e-01
-1.715006206946286527e-01
-1.718006817170556200e-01
-1.720917421367024747e-01
-1.723740415109561441e-01
-1.726478147772421146e-01
-1.729132922408983253e-01
-1.731706995699412999e-01
-1.734202577963869785e-01
-1.736621833237863011e-01
-1.738966879406366461e-01
-1.741239788393331434e-01
-1.743442586403284311e-01
-1.745577254211717055e-01
-1.747645727501071222e-01
-1.749649897239149154e-01
-1.751591610096898677e-01
-1.753472668902552878e-01
-1.755294833129252552e-01
-1.757059819413314683e-01
-1.758769302100448850e-01
-1.760424913817294768e-01
-1.762028246065779902e-01
-1.763580849837880216e-01
-1.765084236248494198e-01
-1.766539877184211682e-01
-1.767949205965898551e-01
-1.769313618023113099e-01
-1.770634471578449998e-01
-1.771913088340046349e-01
-1.773150754200560619e-01
-1.774348719941039043e-01
-1.775508201938182373e-01
-1.776630382873612413e-01
-1.777716412443845206e-01
-1.778767408069732714e-01
-1.779784455604268012e-01
-1.780768610037679056e-01
-1.781720896198838999e-01
-1.782642309452134033e-01
-1.783533816388908622e-01
-1.784396355512767041e-01
-1.785230837918033164e-01
-1.786038147960744005e-01
-1.786819143921601905e-01
-1.787574658660383564e-01
-1.788305500261340442e-01
-1.789012452669186681e-01
-1.789696276315318746e-01
-1.790357708733940345e-01
-1.790997465167839253e-01
-1.791616239163564273e-01
-1.792214703155817768e-01
-1.792793509040902233e-01
-1.793353288739090168e-01
-1.793894654745817607e-01
-1.794418200671637487e-01
-1.794924501770878145e-01
-1.795414115458998094e-01
-1.795887581818638168e-01
-1.796345424094381582e-01
-1.796788149176278271e-01
-1.797216248072185940e-01
-1.797630196368999733e-01
-1.798030454682865431e-01
-1.798417469098471944e-01
-1.798791671597547159e-01
-1.799153480476665956e-01
-1.799503300754519419e-01
-1.799841524568779327e-01
-1.800168531562709173e-01
-1.800484689261676041e-01
-1.800790353439739033e-01
-1.801085868476457463e-01
-1.801371567704108667e-01
-1.801647773745488346e-01
-1.801914798842464693e-01
-1.802172945175467556e-01
-1.802422505174102463e-01
-1.802663761819061627e-01
-1.802896988935526468e-01
-1.803122451478234023e-01
-1.803340405808402103e-01
-1.803551099962694693e-01
-1.803754773914407472e-01
-1.803951659827054688e-01
-1.804141982300547231e-01
-1.804325958610129843e-01
-1.804503798938265902e-01
-1.804675706599634388e-01
-1.804841878259422217e-01
-1.805002504145081232e-01
-1.805157768251714756e-01
-1.805307848541264082e-01
-1.805452917135656477e-01
-1.805593140504080374e-01
-1.805728679644537926e-01
-1.805859690259837558e-01
-1.805986322928178900e-01
-1.806108723268473049e-01
-1.806227032100554686e-01
-1.806341385600417626e-01
-1.806451915450627277e-01
-1.806558748986034357e-01
-1.806662009334940588e-01
-1.806761815555829043e-01
-1.806858282769801261e-01
-1.806951522288841594e-01
-1.807041641740029791e-01
-1.807128745185824503e-01
-1.807212933240534003e-01
-1.807294303183082651e-01
-1.807372949066190781e-01
-1.807448961822068212e-01
-1.807522429364735728e-01
-1.807593436689068911e-01
-1.807662065966662568e-01
-1.807728396638625945e-01
-1.807792505505382286e-01
-1.807854466813587635e-01
-1.807914352340235786e-01
-1.807972231474050118e-01
-1.808028171294246145e-01
-1.808082236646737784e-01
-1.808134490217877532e-01
-1.808184992605795238e-01
-1.808233802389427602e-01
-1.808280976195295320e-01
-1.808326568762102515e-01
-1.808370633003238692e-01
-1.808413220067230376e-01
-1.808454379396223777e-01
-1.808494158782555650e-01
-1.808532604423464807e-01
-1.808569760974018947e-01
-1.808605671598304820e-01
-1.808640378018934736e-01
-1.808673920564927984e-01
-1.808706338218023235e-01
-1.808737668657461606e-01
-1.808767948303299511e-01
-1.808797212358292661e-01
-1.808825494848401716e-01
-1.808852828661960677e-01
-1.808879245587552975e-01
-1.808904776350635513e-01
-1.808929450648958104e-01
-1.808953297186802478e-01
-1.808976343708101342e-01
-1.808998617028446942e-01
-1.809020143066051856e-01
-1.809040946871683098e-01
-1.809061052657594537e-01
-1.809080483825510899e-01
-1.809099262993681123e-01
-1.809117412023026616e-01
-1.809134952042428524e-01
-1.809151903473178724e-01
-1.809168286052610097e-01
-1.809184118856942414e-01
-1.809199420323379659e-01
-1.809214208271456015e-01
-1.809228499923683231e-01
-1.809242311925507440e-01
-1.809255660364597340e-01
-1.809268560789507874e-01
-1.809281028227695265e-01
-1.809293077202951128e-01
-1.809304721752246214e-01
-1.809315975442023217e-01
-1.809326851383936952e-01
-1.809337362250069969e-01
-1.809347520287642175e-01
-1.809357337333229732e-01
-1.809366824826520725e-01
-1.809375993823587880e-01
-1.809384855009733839e-01
-1.809393418711909007e-01
-1.809401694910707514e-01
-1.809409693251969042e-01
-1.809417423057981256e-01
-1.809424893338325291e-01
-1.809432112800342385e-01
-1.809439089859256333e-01
-1.809445832647967045e-01
-1.809452349026498263e-01
-1.809458646591145803e-01
-1.809464732683314925e-01
-1.809470614398052402e-01
-1.809476298592301025e-01
-1.809481791892882108e-01
-1.809487100704211537e-01
-1.809492231215744096e-01
-1.809497189409177420e-01
-1.809501981065410325e-01
-1.809506611771284634e-01
-1.809511086926075818e-01
-1.809515411747782132e-01
-1.809519591279203088e-01
-1.809523630393806981e-01
-1.809527533801404131e-01
-1.809531306053636934e-01
-1.809534951549275628e-01
-1.809538474539341968e-01
-1.809541879132060826e-01
-1.809545169297639700e-01
-1.809548348872904167e-01
-1.809551421565765150e-01
-1.809554390959529357e-01
-1.809557260517076493e-01
-1.809560033584902139e-01
-1.809562713397007416e-01
-1.809565303078665421e-01
-1.809567805650071082e-01
-1.809570224029856400e-01
-1.809572561038493010e-01
-1.809574819401578438e-01
-1.809577001753005787e-01
-1.809579110638044608e-01
-1.809581148516299642e-01
-1.809583117764576032e-01
-1.809585020679656264e-01
-1.809586859480973031e-01
-1.809588636313193277e-01
-1.809590353248720640e-01
-1.809592012290119067e-01
-1.809593615372430409e-01
-1.809595164365447872e-01
-1.809596661075886515e-01
-1.809598107249484056e-01
-1.809599504573046469e-01
-1.809600854676414461e-01
-1.809602159134350574e-01
-1.809603419468393259e-01
-1.809604637148616579e-01
-1.809605813595351331e-01
-1.809606950180837892e-01
-1.809608048230822164e-01
-1.809609109026112661e-01
-1.809610133804069598e-01
-1.809611123760042350e-01
-1.809612080048768334e-01
-1.809613003785716379e-01
-1.809613896048385684e-01
-1.809614757877571478e-01
-1.809615590278569608e-01
-1.809616394222353375e-01
-1.809617170646705964e-01
-1.809617920457308460e-01
-1.809618644528805664e-01
-1.809619343705816397e-01
-1.809620018803921593e-01
-1.809620670610619098e-01
-1.809621299886239598e-01
-1.809621907364834803e-01
-1.809622493755026762e-01
-1.809623059740840534e-01
-1.809623605982503547e-01
-1.809624133117211653e-01
-1.809624641759872976e-01
-1.809625132503829559e-01
-1.809625605921540148e-01
-1.809626062565257432e-01
-1.809626502967666417e-01
-1.809626927642506156e-01
-1.809627337085169541e-01
-1.809627731773284787e-01
-1.809628112167262215e-01
-1.809628478710846589e-01
-1.809628831831623652e-01
-1.809629171941519454e-01
-1.809629499437283295e-01
-1.809629814700948469e-01
-1.809630118100281904e-01
-1.809630409989211597e-01
-1.809630690708237399e-01
-1.809630960584830695e-01
-1.809631219933817425e-01
-1.809631469057738917e-01
-1.809631708247207149e-01
-1.809631937781248923e-01
-1.809632157927627827e-01
-1.809632368943155101e-01
-1.809632571073989393e-01
-1.809632764555925422e-01
-1.809632949614671527e-01
-1.809633126466110575e-01
-1.809633295316549761e-01
-1.809633456362959303e-01
-1.809633609793211140e-01
-1.809633755786289877e-01
-1.809633894512503727e-01
-1.809634026133684348e-01
-1.809634150803375585e-01
-1.809634268667011103e-01
-1.809634379862086473e-01
-1.809634484518314601e-01
-1.809634582757786714e-01
-1.809634674695105583e-01
-1.809634760437518752e-01
-1.809634840085051766e-01
-1.809634913730619188e-01
-1.809634981460130077e-01
-1.809635043352599004e-01
-1.809635099480223774e-01
-1.809635149908479790e-01
-1.809635194696197769e-01
-1.809635233895624806e-01
-1.809635267552490989e-01
-1.809635295706059355e-01
-1.809635318389170300e-01
-1.809635335628285990e-01
-1.809635347443518116e-01
-1.809635353848650097e-01
-1.809635354851153732e-01
-1.809635350452194757e-01
-1.809635340646643942e-01
-1.809635325423060437e-01
-1.809635304763686225e-01
-1.809635278644423917e-01
-1.809635247034803440e-01
-1.809635209897948738e-01
-1.809635167190538907e-01
-1.809635118862752690e-01
-1.809635064858212961e-01
-1.809635005113920114e-01
-1.809634939560174349e-01
-1.809634868120503504e-01
-1.809634790711568686e-01
-1.809634707243069907e-01
-1.809634617617635055e-01
-1.809634521730708878e-01
-1.809634419470436406e-01
-1.809634310717524175e-01
-1.809634195345106999e-01
-1.809634073218592543e-01
-1.809633944195516986e-01
-1.809633808125367394e-01
-1.809633664849409629e-01
-1.809633514200505167e-01
-1.809633356002911253e-01
-1.809633190072081066e-01
-1.809633016214447498e-01
-1.809632834227199727e-01
-1.809632643898036186e-01
-1.809632445004928647e-01
-1.809632237315857151e-01
-1.809632020588543277e-01
-1.809631794570161767e-01
-1.809631558997056022e-01
-1.809631313594418922e-01
-1.809631058075973631e-01
-1.809630792143647471e-01
-1.809630515487216373e-01
-1.809630227783949608e-01
-1.809629928698232304e-01
-1.809629617881165775e-01
-1.809629294970173385e-01
-1.809628959588567565e-01
-1.809628611345111271e-01
-1.809628249833568348e-01
-1.809627874632220579e-01
-1.809627485303385019e-01
-1.809627081392901904e-01
-1.809626662429593691e-01
-1.809626227924733544e-01
-1.809625777371461075e-01
-1.809625310244196428e-01
-1.809624825998025488e-01
-1.809624324068066781e-01
-1.809623803868810887e-01
-1.809623264793437658e-01
-1.809622706213111221e-01
-1.809622127476241682e-01
-1.809621527907730176e-01
-1.809620906808180607e-01
-1.809620263453078082e-01
-1.809619597091950693e-01
-1.809618906947492445e-01
-1.809618192214653143e-01
-1.809617452059709974e-01
-1.809616685619282184e-01
-1.809615891999329096e-01
-1.809615070274113446e-01
-1.809614219485113362e-01
-1.809613338639910751e-01
-1.809612426711028343e-01
-1.809611482634733426e-01
-1.809610505309801332e-01
-1.809609493596227303e-01
-1.809608446313899777e-01
-1.809607362241218154e-01
-1.809606240113677267e-01
-1.809605078622390784e-01
-1.809603876412559098e-01
-1.809602632081898366e-01
-1.809601344178997651e-01
-1.809600011201629999e-01
-1.809598631594995510e-01
-1.809597203749920002e-01
-1.809595726000974569e-01
-1.809594196624532414e-01
-1.809592613836753794e-01
-1.809590975791515455e-01
-1.809589280578256798e-01
-1.809587526219748332e-01
-1.809585710669793512e-01
-1.809583831810836207e-01
-1.809581887451496007e-01
-1.809579875324014708e-01
-1.809577793081608432e-01
-1.809575638295742306e-01
-1.809573408453292453e-01
-1.809571100953612233e-01
-1.809568713105515203e-01
-1.809566242124129032e-01
-1.809563685127653365e-01
-1.809561039134001403e-01
-1.809558301057324903e-01
-1.809555467704417053e-01
-1.809552535770993231e-01
-1.809549501837844077e-01
-1.809546362366844241e-01
-1.809543113696839012e-01
-1.809539752039375504e-01
-1.809536273474295076e-01
-1.809532673945153658e-01
-1.809528949254508856e-01
-1.809525095059029420e-01
-1.809521106864432627e-01
-1.809516980020255128e-01
-1.809512709714435064e-01
-1.809508290967710986e-01
-1.809503718627820945e-01
-1.809498987363507283e-01
-1.809494091658310766e-01
-1.809489025804146556e-01
-1.809483783894656750e-01
-1.809478359818340876e-01
-1.809472747251446301e-01
-1.809466939650601625e-01
-1.809460930245206101e-01
-1.809454712029547052e-01
-1.809448277754661938e-01
-1.809441619919895106e-01
-1.809434730764176991e-01
-1.809427602256992451e-01
-1.809420226089049344e-01
-1.809412593662614033e-01
-1.809404696081502728e-01
-1.809396524140767515e-01
-1.809388068315971598e-01
-1.809379318752125931e-01
-1.809370265252237264e-01
-1.809360897265456791e-01
-1.809351203874833003e-01
-1.809341173784613510e-01
-1.809330795307141637e-01
-1.809320056349274231e-01
-1.809308944398342611e-01
-1.809297446507625307e-01
-1.809285549281321459e-01
-1.809273238859006316e-01
-1.809260500899546875e-01
-1.809247320564462413e-01
-1.809233682500722973e-01
-1.809219570822941103e-01
-1.809204969094947713e-01
-1.809189860310751741e-01
-1.809174226874822600e-01
-1.809158050581712307e-01
-1.809141312594965412e-01
-1.809123993425300336e-01
-1.809106072908046869e-01
-1.809087530179816217e-01
-1.809068343654347821e-01
-1.809048490997540448e-01
-1.809027949101633947e-01
-1.809006694058480913e-01
-1.808984701131928496e-01
-1.808961944729227389e-01
-1.808938398371475187e-01
-1.808914034663051951e-01
-1.808888825259986899e-01
-1.808862740837276217e-01
-1.808835751055055951e-01
-1.808807824523618601e-01
-1.808778928767242056e-01
-1.808749030186791729e-01
-1.808718094021034839e-01
-1.808686084306628250e-01
-1.808652963836761274e-01
-1.808618694118370451e-01
-1.808583235327911043e-01
-1.808546546265623056e-01
-1.808508584308234080e-01
-1.808469305360056734e-01
-1.808428663802437442e-01
-1.808386612441482966e-01
-1.808343102454008922e-01
-1.808298083331678907e-01
-1.808251502823222945e-01
-1.808203306874735516e-01
-1.808153439567945775e-01
-1.808101843056393876e-01
-1.808048457499474015e-01
-1.807993220994248695e-01
-1.807936069504979815e-01
-1.807876936790288325e-01
-1.807815754327869728e-01
-1.807752451236689650e-01
-1.807686954196581486e-01
-1.807619187365151758e-01
-1.807549072291926573e-01
-1.807476527829622592e-01
-1.807401470042481473e-01
-1.807323812111551187e-01
-1.807243464236836517e-01
-1.807160333536207975e-01
-1.807074323940967286e-01
-1.806985336087975624e-01
-1.806893267208233012e-01
-1.806798011011791216e-01
-1.806699457568906875e-01
-1.806597493187296621e-01
-1.806492000285393751e-01
-1.806382857261475128e-01
-1.806269938358530391e-01
-1.806153113524767984e-01
-1.806032248269602569e-01
-1.805907203515001724e-01
-1.805777835442053114e-01
-1.805643995332618934e-01
-1.805505529405944387e-01
-1.805362278650020358e-01
-1.805214078647633669e-01
-1.805060759396882875e-01
-1.804902145126054125e-01
-1.804738054102674183e-01
-1.804568298436577678e-01
-1.804392683876838988e-01
-1.804211009602414706e-01
-1.804023068006284369e-01
-1.803828644472961484e-01
-1.803627517149193893e-01
-1.803419456707668067e-01
-1.803204226103528873e-01
-1.802981580323566313e-01
-1.802751266127879115e-01
-1.802513021783815061e-01
-1.802266576792023456e-01
-1.802011651604425169e-01
-1.801747957333939276e-01
-1.801475195455738698e-01
-1.801193057499896055e-01
-1.800901224735214357e-01
-1.800599367844048226e-01
-1.800287146587965792e-01
-1.799964209464045839e-01
-1.799630193351638152e-01
-1.799284723149448262e-01
-1.798927411402713450e-01
-1.798557857920364544e-01
-1.798175649381979213e-01
-1.797780358934399081e-01
-1.797371545777849688e-01
-1.796948754741424514e-01
-1.796511515847810936e-01
-1.796059343867152658e-01
-1.795591737859920933e-01
-1.795108180708694656e-01
-1.794608138638810468e-01
-1.794091060727771858e-01
-1.793556378403389495e-01
-1.793003504930636149e-01
-1.792431834887171782e-01
-1.791840743627583221e-01
-1.791229586736355073e-01
-1.790597699469644311e-01
-1.789944396185928766e-01
-1.789268969765657469e-01
-1.788570691020059944e-01
-1.787848808089283204e-01
-1.787102545830067390e-01
-1.786331105193252056e-01
-1.785533662591372306e-01
-1.784709369256699818e-01
-1.783857350590130342e-01
-1.782976705501355952e-01
-1.782066505740782791e-01
-1.781125795223771624e-01
-1.780153589347811816e-01
-1.779148874303256300e-01
-1.778110606378387193e-01
-1.777037711259583930e-01
-1.775929083327489055e-01
-1.774783584950097304e-01
-1.773600045773783551e-01
-1.772377262013392907e-01
-1.771113995742563951e-01
-1.769808974185567430e-01
-1.768460889012003767e-01
-1.767068395635830458e-01
-1.765630112520262529e-01
-1.764144620490189219e-01
-1.762610462053872118e-01
-1.761026140735728884e-01
-1.759390120422200943e-01
-1.757700824722725763e-01
-1.755956636347995314e-01
-1.754155896507743340e-01
-1.752296904330453986e-01
-1.750377916307434556e-01
-1.748397145763870564e-01
-1.746352762359494604e-01
-1.744242891621695934e-01
-1.742065614513883809e-01
-1.739818967042107423e-01
-1.737500939902959785e-01
-1.735109478175890507e-01
-1.732642481063108308e-01
-1.730097801680359759e-01
-1.727473246901846393e-01
-1.724766577262661083e-01
-1.721975506922125698e-01
-1.719097703691387091e-01
-1.716130789128707257e-01
-1.713072338705791398e-01
-1.709919882048534234e-01
-1.706670903255448624e-01
-1.703322841297023882e-01
-1.699873090499144923e-01
-1.696319001113578973e-01
-1.692657879978400060e-01
-1.688886991271111582e-01
-1.685003557356941351e-01
-1.681004759734651410e-01
-1.676887740081935141e-01
-1.672649601402177721e-01
-1.668287409274117894e-01
-1.663798193205563714e-01
-1.659178948091978578e-01
-1.654426635780421873e-01
-1.649538186738826462e-01
-1.644510501830266647e-01
-1.639340454191313967e-01
-1.634024891213188557e-01
-1.628560636623856139e-01
-1.622944492668694505e-01
-1.617173242386889254e-01
-1.611243651980083513e-01
-1.605152473269301494e-01
-1.598896446235616164e-01
-1.592472301639420995e-01
-1.585876763712658344e-01
-1.579106552917754203e-01
-1.572158388766532744e-01
-1.565028992691792908e-01
-1.557715090963803228e-01
-1.550213417643438452e-01
-1.542520717563274357e-01
-1.534633749327564689e-01
-1.526549288321656372e-01
-1.518264129721099143e-01
-1.509775091490424548e-01
-1.501079017361435786e-01
-1.492172779780633340e-01
-1.483053282815390284e-01
-1.473717465008468896e-01
-1.464162302170503582e-01
-1.454384810100280423e-01
-1.444382047222765864e-01
-1.434151117135175624e-01
-1.423689171051713553e-01
-1.412993410138009831e-01
-1.402061087726770849e-01
-1.390889511406758206e-01
-1.379476044977730465e-01
-1.367818110264752973e-01
-1.355913188785902723e-01
-1.343758823268216829e-01
-1.331352619007510341e-01
-1.318692245068521784e-01
-1.305775435322695799e-01
-1.292599989321776832e-01
-1.292599989321776832e-01
-1.292599989321776832e-01
-1.292599989321776832e-01
-1.292599989321776832e-01
-1.292599989321776832e-01
-1.292599989321776832e-01
-1.292599989321776832e-01
-1.292599989321776832e-01
-1.292599989321776832e-01
-1.292599989321776832e-01
-1.292599989321776832e-01
-1.292599989321776832e-01
-1.292599989321776832e-01
-1.292599989321776832e-01
-1.292599989321776832e-01
-1.292599989321776832e-01
-1.292599989321776832e-01
-1.292599989321776832e-01
-1.292599989321776832e-01
-1.292599989321776832e-01
-1.292599989321776832e-01
-1.292599989321776832e-01
-1.292599989321776832e-01
-1.292599989321776832e-01
-1.292599989321776832e-01
-1.292599989321776832e-01
-1.292599989321776832e-01
-1.292599989321776832e-01
-1.292599989321776832e-01
-1.292599989321776832e-01
-1.292599989321776832e-01
-1.292599989321776832e-01
-1.292599989321776832e-01
-1.292599989321776832e-01
-1.292599989321776832e-01
-1.292599989321776832e-01
-1.292599989321776832e-01
-1.292599989321776832e-01
-1.292599989321776832e-01
-1.292599989321776832e-01
-1.292599989321776832e-01
-1.292599989321776832e-01
-1.292599989321776832e-01
-1.292599989321776832e-01
-1.292599989321776832e-01
-1.292599989321776832e-01
-1.292599989321776832e-01
-1.292599989321776832e-01
-1.292599989321776832e-01
-1.292599989321776832e-01
-1.292599989321776832e-01
-1.292599989321776832e-01
-1.292599989321776832e-01
-1.292599989321776832e-01
-1.292599989321776832e-01
-1.292599989321776832e-01
-1.292599989321776832e-01
-1.292599989321776832e-01
-1.292599989321776832e-01
-1.292599989321776832e-01
-1.292599989321776832e-01
-1.292599989321776832e-01
-1.292599989321776832e-01
-1.292599989321776832e-01
-1.292599989321776832e-01
-1.292599989321776832e-01
-1.292599989321776832e-01
-1.292599989321776832e-01
-1.292599989321776832e-01
-1.292599989321776832e-01
-1.292599989321776832e-01
-1.292599989321776832e-01
-1.292599989321776832e-01
-1.292599989321776832e-01
-1.292599989321776832e-01
-1.292599989321776832e-01
-1.292599989321776832e-01
-1.292599989321776832e-01
-1.292599989321776832e-01
-1.292599989321776832e-01
-1.292599989321776832e-01
-1.292599989321776832e-01
-1.292599989321776832e-01
-1.292599989321776832e-01
-1.292599989321776832e-01
-1.292599989321776832e-01
-1.292599989321776832e-01
-1.292599989321776832e-01
-1.292599989321776832e-01
-1.292599989321776832e-01
-1.292599989321776832e-01
-1.292599989321776832e-01
-1.292599989321776832e-01
-1.292599989321776832e-01
-1.292599989321776832e-01
-1.292599989321776832e-01
-1.292599989321776832e-01
-1.292599989321776832e-01
-1.292599989321776832e-01
-1.292599989321776832e-01
