6.766764161830633656e+22
6.766764161830633656e+22
6.766764161830633656e+22
6.766764161830633656e+22
6.766764161830633656e+22
6.766764161830633656e+22
6.766764161830633656e+22
6.766764161830633656e+22
6.766764161830633656e+22
6.766764161830633656e+22
6.766764161830633656e+22
6.766764161830633656e+22
6.766764161830633656e+22
6.766764161830633656e+22
6.766764161830633656e+22
6.766764161830633656e+22
6.766764161830633656e+22
6.766764161830633656e+22
6.766764161830633656e+22
6.766764161830633656e+22
6.766764161830633656e+22
6.766764161830633656e+22
6.766764161830633656e+22
6.766764161830633656e+22
6.766764161830633656e+22
6.766764161830633656e+22
6.766764161830633656e+22
6.766764161830633656e+22
6.766764161830633656e+22
6.766764161830633656e+22
6.766764161830633656e+22
6.766764161830633656e+22
6.766764161830633656e+22
6.766764161830633656e+22
6.766764161830633656e+22
6.766764161830633656e+22
6.766764161830633656e+22
6.766764161830633656e+22
6.766764161830633656e+22
6.766764161830633656e+22
6.766764161830633656e+22
6.766764161830633656e+22
6.766764161830633656e+22
6.766764161830633656e+22
6.766764161830633656e+22
6.766764161830633656e+22
6.766764161830633656e+22
6.766764161830633656e+22
6.766764161830633656e+22
6.766764161830633656e+22
6.766764161830633656e+22
6.766764161830633656e+22
6.766764161830633656e+22
6.766764161830633656e+22
6.766764161830633656e+22
6.766764161830633656e+22
6.766764161830633656e+22
6.766764161830633656e+22
6.766764161830633656e+22
6.766764161830633656e+22
6.766764161830633656e+22
6.766764161830633656e+22
6.766764161830633656e+22
6.766764161830633656e+22
6.766764161830633656e+22
6.766764161830633656e+22
6.766764161830633656e+22
6.766764161830633656e+22
6.766764161830633656e+22
6.766764161830633656e+22
6.766764161830633656e+22
6.766764161830633656e+22
6.766764161830633656e+22
6.766764161830633656e+22
6.766764161830633656e+22
6.766764161830633656e+22
6.766764161830633656e+22
6.766764161830633656e+22
6.766764161830633656e+22
6.766764161830633656e+22
6.766764161830633656e+22
6.766764161830633656e+22
6.766764161830633656e+22
6.766764161830633656e+22
6.766764161830633656e+22
6.766764161830633656e+22
6.766764161830633656e+22
6.766764161830633656e+22
6.766764161830633656e+22
6.766764161830633656e+22
6.766764161830633656e+22
6.766764161830633656e+22
6.766764161830633656e+22
6.766764161830633656e+22
6.766764161830633656e+22
6.766764161830633656e+22
6.766764161830633656e+22
6.766764161830633656e+22
6.766764161830633656e+22
6.766764161830633656e+22
6.766764161830633656e+22
5.129136639295870075e+20
5.763333948629481554e+20
6.468405590441130721e+20
7.251280693899742413e+20
8.119443859147569234e+20
9.080965614531587604e+20
1.014453297098059678e+21
1.131947986838057648e+21
1.261581728691723436e+21
1.404426277434724975e+21
1.561626911827746882e+21
1.734405187105764147e+21
1.924061541413325898e+21
2.131977722899538117e+21
2.359619002356250706e+21
2.608536134631295025e+21
2.880367030615485186e+21
3.176838100427787993e+21
3.499765227550119297e+21
3.851054333133015482e+21
4.232701489547376067e+21
4.646792542536574960e+21
5.095502202064643031e+21
5.581092563196104933e+21
6.105911020113006428e+21
6.672387538700867731e+21
7.283031256039923122e+21
7.940426378634576527e+21
8.647227355311525331e+21
9.406153305411166405e+21
1.021998168818069589e+22
1.109154120512829810e+22
1.202370393348516086e+22
1.301937669580679807e+22
1.408149167807070313e+22
1.521299631633471216e+22
1.641684248003111341e+22
1.769597498820334400e+22
1.905331950335015728e+22
2.049176985592116806e+22
2.201417486080105513e+22
2.362332469520470167e+22
2.532193691516822933e+22
2.711264219512997046e+22
2.899796988183495416e+22
3.098033345983774143e+22
3.306201603110808741e+22
3.524515591555370713e+22
3.753173248254841507e+22
3.992355232573580693e+22
4.242223589434387019e+22
4.502920469398057858e+22
4.774566916831892734e+22
5.057261737019832900e+22
5.351080452647895748e+22
5.656074359549132905e+22
5.972269690917579706e+22
6.299666898406218924e+22
6.638240057617840865e+22
6.987936404491858451e+22
7.348676007993415198e+22
7.720351583340636353e+22
8.102828448774268073e+22
8.495944627599144544e+22
8.899511095923744283e+22
9.313312175212648727e+22
9.737106067463007424e+22
1.017062552953733293e+23
1.061357868194991807e+23
1.106564994622783708e+23
1.152650110386441374e+23
1.199577246886915369e+23
1.247308416500365095e+23
1.295803749798885814e+23
1.345021641228451410e+23
1.394918902148201416e+23
1.445450920092191938e+23
1.496571823085034930e+23
1.548234647826091014e+23
1.600391510553452284e+23
1.652993779407812926e+23
1.705992247137525480e+23
1.759337303018323019e+23
1.812979102904118684e+23
1.866867736377833229e+23
1.920953390031341355e+23
1.975186505972219222e+23
2.029517934728643630e+23
2.083899081802889864e+23
2.138282047206385579e+23
2.192619757394270418e+23
2.246866089103828535e+23
2.300975984687591677e+23
2.354905558617644744e+23
2.408612194921615920e+23
2.462054635391973107e+23
2.515193058488397689e+23
2.567989148926539496e+23
2.620406158015804463e+23
2.672408954873021140e+23
2.723964068697549780e+23
2.775039722346455677e+23
2.825605857495703659e+23
2.875634151714918016e+23
2.925098027818462132e+23
2.973972655885925996e+23
3.022234948368909216e+23
3.069863548720081346e+23
3.116838813994139181e+23
3.163142791879116896e+23
3.208759192620981750e+23
3.253673356304529941e+23
3.297872215950173300e+23
3.341344256879150361e+23
3.384079472789808501e+23
3.426069318974472014e+23
3.467306663092824100e+23
3.507785733898662450e+23
3.547502068300704121e+23
3.586452457116895585e+23
3.624634889861619631e+23
3.662048498883902497e+23
3.698693503152543163e+23
3.734571151962633992e+23
3.769683668815650404e+23
3.804034195703794279e+23
3.837626738007778137e+23
3.870466110196756880e+23
3.902557882498469824e+23
3.933908328688811602e+23
3.964524375130928505e+23
3.994413551176850248e+23
4.023583941027150388e+23
4.052044137129365356e+23
4.079803195180180434e+23
4.106870590783282689e+23
4.133256177801703992e+23
4.158970148431887577e+23
4.184022995015911090e+23
4.208425473598539432e+23
4.232188569226589462e+23
4.255323462980503339e+23
4.277841500720738557e+23
4.299754163524873193e+23
4.321073039786329317e+23
4.341809798940383678e+23
4.361976166778986111e+23
4.381583902312494300e+23
4.400644776133133127e+23
4.419170550233198357e+23
4.437172959228101856e+23
4.454663692934101829e+23
4.471654380248244337e+23
4.488156574278153037e+23
4.504181738669247761e+23
4.519741235075484033e+23
4.534846311721565254e+23
4.549508093004057139e+23
4.563737570079980902e+23
4.577545592391856281e+23
4.590942860079664705e+23
4.603939917231041093e+23
4.616547145922288592e+23
4.628774761004369476e+23
4.640632805589034782e+23
4.652131147192359075e+23
4.663279474493814504e+23
4.674087294670993946e+23
4.684563931271639933e+23
4.694718522586060753e+23
4.704560020484698229e+23
4.714097189687251782e+23
4.723338607431171388e+23
4.732292663509007016e+23
4.740967560645785252e+23
4.749371315188359611e+23
4.757511758081186165e+23
4.765396536103471426e+23
4.773033113344435227e+23
4.780428772894753402e+23
4.787590618733353024e+23
4.794525577790161714e+23
4.801240402166385622e+23
4.807741671495169747e+23
4.814035795426612997e+23
4.820129016221994876e+23
4.826027411443143074e+23
4.831736896724087939e+23
4.837263228612410165e+23
4.842612007469151714e+23
4.847788680416866599e+23
4.852798544325884133e+23
4.857646748829734331e+23
4.862338299361652208e+23
4.866878060204193806e+23
4.871270757545194008e+23
4.875520982533248553e+23
4.879633194327168998e+23
4.883611723133772827e+23
4.887460773229139266e+23
4.891184425958794938e+23
4.894786642712973940e+23
4.898271267873049962e+23
4.901642031726084993e+23
4.904902553344397520e+23
4.908056343427626283e+23
4.911106807105045429e+23
4.914057246695968190e+23
4.916910864426541861e+23
4.919670765101471131e+23
4.922339958729283962e+23
4.924921363100077675e+23
4.927417806314848681e+23
4.929832029265760260e+23
4.932166688066634357e+23
4.934424356433439217e+23
4.936607528014293039e+23
4.938718618669091012e+23
4.940759968698417524e+23
4.942733845022260928e+23
4.944642443308151719e+23
4.946487890049416005e+23
4.948272244593737555e+23
4.949997501122306239e+23
4.951665590580284364e+23
4.953278382558900933e+23
4.954837687129845604e+23
4.956345256632565639e+23
4.957802787415098697e+23
4.959211921529244075e+23
4.960574248380695860e+23
4.961891306334807046e+23
4.963164584279116087e+23
4.964395523142909679e+23
4.965585517375198855e+23
4.966735916381377491e+23
4.967848025919775215e+23
4.968923109458896602e+23
4.969962389495947943e+23
4.970967048837821985e+23
4.971938231845064068e+23
4.972877045639988715e+23
4.973784561279489572e+23
4.974661814893535916e+23
4.975509808790206006e+23
4.976329512527933043e+23
4.977121863955950936e+23
4.977887770223677381e+23
4.978628108759661732e+23
4.979343728221206966e+23
4.980035449415210673e+23
4.980704066190994802e+23
4.981350346305903306e+23
4.981975032264514590e+23
4.982578842132011685e+23
4.983162470322478525e+23
4.983726588362909538e+23
4.984271845633455984e+23
4.984798870084748575e+23
4.985308268932778217e+23
4.985800629332063688e+23
4.986276519027834366e+23
4.986736486987499810e+23
4.987181064012528920e+23
4.987610763330665526e+23
4.988026081169702472e+23
4.988427497313014823e+23
4.988815475637238104e+23
4.989190464633072674e+23
4.989552897909416924e+23
4.989903194681224557e+23
4.990241760241961727e+23
4.990568986420865369e+23
4.990885252025459713e+23
4.991190923269787343e+23
4.991486354189123186e+23
4.991771887040902998e+23
4.992047852693005858e+23
4.992314570999353081e+23
4.992572351163311441e+23
4.992821492089573134e+23
4.993062282724167532e+23
4.993295002383765723e+23
4.993519921074037577e+23
4.993737299797923699e+23
4.993947390853606162e+23
4.994150438122782689e+23
4.994346677349559682e+23
4.994536336410200328e+23
4.994719635574266664e+23
4.994896787756756301e+23
4.995067998762268633e+23
4.995233467521156902e+23
4.995393386317841275e+23
4.995547941011701702e+23
4.995697311250469335e+23
4.995841670676967462e+23
4.995981187128681195e+23
4.996116022830910197e+23
4.996246334583672909e+23
4.996372273942150209e+23
4.996493987391418768e+23
4.996611616515398964e+23
4.996725298159934788e+23
4.996835164590716433e+23
4.996941343646012691e+23
4.997043958884368835e+23
4.997143129727122360e+23
4.997238971596437864e+23
4.997331596048606052e+23
4.997421110903269910e+23
4.997507620367853263e+23
4.997591225158197681e+23
4.997672022615162786e+23
4.997750106817214126e+23
4.997825568689317374e+23
4.997898496108340173e+23
4.997968974004763681e+23
4.998037084461084296e+23
4.998102906806966640e+23
4.998166517711049830e+23
4.998227991270112342e+23
4.998287399094899547e+23
4.998344810393037387e+23
4.998400292049377118e+23
4.998453908703732207e+23
4.998505722825773165e+23
4.998555794787435995e+23
4.998604182933240210e+23
4.998650943647897648e+23
4.998696131421858379e+23
4.998739798914588989e+23
4.998781997015585952e+23
4.998822774903762269e+23
4.998862180104403440e+23
4.998900258544391343e+23
4.998937054605722885e+23
4.998972611176993233e+23
4.999006969703226839e+23
4.999040170234093807e+23
4.999072251470654577e+23
4.999103250810021547e+23
4.999133204389208670e+23
4.999162147126995981e+23
4.999190112764423087e+23
4.999217133904278701e+23
4.999243242048985613e+23
4.999268467637057581e+23
4.999292840078832786e+23
4.999316387790463802e+23
4.999339138227064673e+23
4.999361117914690308e+23
4.999382352481068306e+23
4.999402866685693930e+23
4.999422684448543306e+23
4.999441828877848438e+23
4.999460322297081013e+23
4.999478186270885948e+23
4.999495441630187487e+23
4.999512108496595358e+23
4.999528206305678118e+23
4.999543753829678842e+23
4.999558769199417435e+23
4.999573269925242025e+23
4.999587272917667618e+23
4.999600794506871901e+23
4.999613850461760861e+23
4.999626456008439837e+23
4.999638625847895361e+23
4.999650374173141468e+23
4.999661714685637217e+23
4.999672660611388114e+23
4.999683224716356994e+23
4.999693419321284341e+23
4.999703256316060998e+23
4.999712747173663987e+23
4.999721902963342736e+23
4.999730734363742883e+23
4.999739251675184518e+23
4.999747464831712918e+23
4.999755383412698319e+23
4.999763016654043763e+23
4.999770373458762798e+23
4.999777462407651802e+23
4.999784291769108010e+23
4.999790869508729434e+23
4.999797203298684607e+23
4.999803300526623293e+23
4.999809168304326155e+23
4.999814813476007455e+23
4.999820242626233238e+23
4.999825462087670385e+23
4.999830477948445105e+23
4.999835296059179296e+23
4.999839922039791362e+23
4.999844361286213131e+23
4.999848618976561196e+23
4.999852700077180731e+23
4.999856609348416187e+23
4.999860351350223604e+23
4.999863930447491005e+23
4.999867350815128599e+23
4.999870616442856328e+23
4.999873731139859886e+23
4.999876698539365520e+23
4.999879522102739720e+23
4.999882205123576144e+23
4.999884750731550350e+23
4.999887161896037641e+23
4.999889441429600034e+23
4.999891591991287349e+23
4.999893616089639661e+23
4.999895516085800476e+23
4.999897294196092374e+23
4.999898952494617471e+23
4.999900492915788774e+23
4.999901917256513896e+23
4.999903227178219733e+23
4.999904424208988541e+23
4.999905509745089357e+23
4.999906485052770479e+23
4.999907351269782166e+23
4.999908109406558424e+23
4.999908760347498114e+23
4.999909304851911861e+23
4.999909743554927348e+23
4.999910076968307377e+23
4.999910305480992778e+23
4.999910429359556065e+23
4.999910448748492017e+23
4.999910363670351226e+23
4.999910174025938738e+23
4.999909879593982535e+23
4.999909480031063743e+23
4.999908974871148212e+23
4.999908363524957033e+23
4.999907645279335717e+23
4.999906819296477745e+23
4.999905884612863575e+23
4.999904840138197639e+23
4.999903684654112472e+23
4.999902416812643996e+23
4.999901035134871897e+23
4.999899538009085538e+23
4.999897923688937795e+23
4.999896190291325758e+23
4.999894335794215062e+23
4.999892358034427310e+23
4.999890254704922832e+23
4.999888023352216996e+23
4.999885661373423388e+23
4.999883166013413770e+23
4.999880534361410288e+23
4.999877763347638083e+23
4.999874849739819524e+23
4.999871790139259748e+23
4.999868580977040247e+23
4.999865218509787648e+23
4.999861698815381440e+23
4.999858017788177154e+23
4.999854171134439614e+23
4.999850154367220512e+23
4.999845962801197739e+23
4.999841591547105347e+23
4.999837035506233309e+23
4.999832289364271620e+23
4.999827347585094679e+23
4.999822204404508079e+23
4.999816853823365254e+23
4.999811289600658621e+23
4.999805505246279206e+23
4.999799494013266910e+23
4.999793248890179562e+23
4.999786762592737863e+23
4.999780027555352895e+23
4.999773035922430152e+23
4.999765779539032686e+23
4.999758249941557670e+23
4.999750438347833816e+23
4.999742335646676550e+23
4.999733932387597539e+23
4.999725218769538457e+23
4.999716184629534282e+23
4.999706819430820264e+23
4.999697112250630191e+23
4.999687051767411481e+23
4.999676626247622182e+23
4.999665823532134045e+23
4.999654631021953774e+23
4.999643035663626844e+23
4.999631023934043387e+23
4.999618581824513256e+23
4.999605694824637750e+23
4.999592347905307590e+23
4.999578525501141193e+23
4.999564211492586070e+23
4.999549389186823000e+23
4.999534041298482296e+23
4.999518149929564834e+23
4.999501696548457782e+23
4.999484661968463116e+23
4.999467026325359779e+23
4.999448769054244403e+23
4.999429868865736524e+23
4.999410303721048312e+23
4.999390050806391258e+23
4.999369086506295036e+23
4.999347386376282786e+23
4.999324925114365279e+23
4.999301676531468059e+23
4.999277613521106287e+23
4.999252708027699288e+23
4.999226931013965043e+23
4.999200252427033568e+23
4.999172641163649619e+23
4.999144065033969483e+23
4.999114490724003495e+23
4.999083883756794906e+23
4.999052208452457223e+23
4.999019427886662681e+23
4.998985503847589893e+23
4.998950396791613209e+23
4.998914065797188860e+23
4.998876468517354634e+23
4.998837561130471968e+23
4.998797298289225226e+23
4.998755633068099617e+23
4.998712516908696197e+23
4.998667899563219490e+23
4.998621729036350479e+23
4.998573951524665421e+23
4.998524511354179635e+23
4.998473350915718319e+23
4.998420410598001622e+23
4.998365628718409109e+23
4.998308941451383317e+23
4.998250282754459692e+23
4.998189584291434311e+23
4.998126775353270054e+23
4.998061782776001656e+23
4.997994530855994660e+23
4.997924941261893890e+23
4.997852932944085543e+23
4.997778422040668941e+23
4.997701321780272164e+23
4.997621542381570616e+23
4.997538990949291105e+23
4.997453571366655120e+23
4.997365184184098247e+23
4.997273726504239534e+23
4.997179091862814259e+23
4.997081170105536547e+23
4.996979847260650917e+23
4.996875005407300923e+23
4.996766522539324337e+23
4.996654272424199712e+23
4.996538124457309414e+23
4.996417943511127221e+23
4.996293589779541184e+23
4.996164918616362865e+23
4.996031780368660457e+23
4.995894020204189010e+23
4.995751477933132512e+23
4.995603987823651822e+23
4.995451378410858616e+23
4.995293472300141453e+23
4.995130085962648157e+23
4.994961029524556601e+23
4.994786106548920569e+23
4.994605113810134311e+23
4.994417841060944659e+23
4.994224070791026222e+23
4.994023577977998100e+23
4.993816129829539288e+23
4.993601485516961785e+23
4.993379395899712602e+23
4.993149603240632197e+23
4.992911840911540502e+23
4.992665833088904268e+23
4.992411294439199170e+23
4.992147929793899560e+23
4.991875433813312725e+23
4.991593490639033488e+23
4.991301773535128542e+23
4.990999944516918407e+23
4.990687653967618040e+23
4.990364540242046914e+23
4.990030229257020003e+23
4.989684334068211625e+23
4.989326454433147896e+23
4.988956176359264092e+23
4.988573071637222900e+23
4.988176697358978824e+23
4.987766595419447220e+23
4.987342292002318865e+23
4.986903297048361797e+23
4.986449103706656027e+23
4.985979187767867238e+23
4.985493007078583697e+23
4.984990000937202268e+23
4.984469589469660279e+23
4.983931172984858912e+23
4.983374131309391559e+23
4.982797823100956390e+23
4.982201585139406906e+23
4.981584731594936486e+23
4.980946553273152658e+23
4.980286316835735821e+23
4.979603263996475726e+23
4.978896610691895169e+23
4.978165546225383810e+23
4.977409232384512596e+23
4.976626802530798660e+23
4.975817360660879827e+23
4.974979980438421604e+23
4.974113704196290915e+23
4.973217541907496032e+23
4.972290470125043020e+23
4.971331430889201431e+23
4.970339330601365222e+23
4.969313038864107585e+23
4.968251387286280104e+23
4.967153168252517378e+23
4.966017133656093491e+23
4.964841993594357238e+23
4.963626415025960927e+23
4.962369020389106993e+23
4.961068386179684982e+23
4.959723041488977453e+23
4.958331466499408087e+23
4.956892090938230644e+23
4.955403292487787091e+23
4.953863395151993289e+23
4.952270667577991270e+23
4.950623321332290966e+23
4.948919509130789352e+23
4.947157323022017401e+23
4.945334792522675991e+23
4.943449882705385604e+23
4.941500492237551908e+23
4.939484451371261341e+23
4.937399519883537605e+23
4.935243384966578564e+23
4.933013659068000402e+23
4.930707877680580343e+23
4.928323497081382508e+23
4.925857892020416571e+23
4.923308353358875507e+23
4.920672085657486623e+23
4.917946204714183992e+23
4.915127735053282653e+23
4.912213607365335172e+23
4.909200655899539559e+23
4.906085615809175004e+23
4.902865120451241181e+23
4.899535698641998305e+23
4.896093771870281621e+23
4.892535651469692250e+23
4.888857535752613837e+23
4.885055507108543374e+23
4.881125529069094437e+23
4.877063443342898726e+23
4.872864966824218392e+23
4.868525688579177547e+23
4.864041066813458984e+23
4.859406425826628112e+23
4.854616952958057542e+23
4.849667695530699496e+23
4.844553557798039176e+23
4.839269297902015731e+23
4.833809524848921695e+23
4.828168695511064164e+23
4.822341111663625933e+23
4.816320917065634582e+23
4.810102094595399824e+23
4.803678463452015483e+23
4.797043676433694421e+23
4.790191217306707144e+23
4.783114398278035807e+23
4.775806357586798833e+23
4.768260057229956345e+23
4.760468280838930007e+23
4.752423631725206344e+23
4.744118531114191154e+23
4.735545216587196038e+23
4.726695740753009034e+23
4.717561970172525407e+23
4.708135584560002514e+23
4.698408076286619298e+23
4.688370750213865781e+23
4.678014723884377860e+23
4.667330928101000227e+23
4.656310107925111930e+23
4.644942824127602549e+23
4.633219455126825872e+23
4.621130199449916125e+23
4.608665078755521536e+23
4.595813941457050151e+23
4.582566466987346205e+23
4.568912170747878913e+23
4.554840409785830914e+23
4.540340389244749249e+23
4.525401169635812248e+23
4.510011674977976357e+23
4.494160701855687697e+23
4.477836929445153714e+23
4.461028930560632648e+23
4.443725183772071727e+23
4.425914086647434219e+23
4.407583970172059590e+23
4.388723114398637149e+23
4.369319765380040795e+23
4.349362153437185222e+23
4.328838512813571372e+23
4.307737102766064261e+23
4.286046230140429575e+23
4.263754273477058416e+23
4.240849708690488846e+23
4.217321136362323182e+23
4.193157310683506677e+23
4.168347170077388644e+23
4.142879869528988860e+23
4.116744814641017321e+23
4.089931697429312805e+23
4.062430533863213902e+23
4.034231703147564111e+23
4.005325988733837220e+23
3.975704621036990156e+23
3.945359321824096284e+23
3.914282350227322590e+23
3.882466550321782226e+23
3.849905400192786414e+23
3.816593062403220796e+23
3.782524435754381381e+23
3.747695208216660269e+23
3.712101910887928452e+23
3.675741972819049710e+23
3.638613776524978652e+23
3.600716713980309600e+23
3.562051242876812426e+23
3.522618942898142907e+23
3.482422571746240873e+23
3.441466120630880940e+23
3.399754868912952946e+23
3.357295437569532205e+23
3.314095841128778396e+23
3.270165537702037108e+23
3.225515476721631599e+23
3.180158143975311540e+23
3.134107603513218643e+23
3.087379535988669138e+23
3.039991272983813591e+23
2.991961826862965058e+23
2.943311915691061155e+23
2.894063982754283032e+23
2.844242210221886989e+23
2.793872526495737069e+23
2.742982606806386129e+23
2.691601866630447896e+23
2.639761447527351750e+23
2.587494195020195388e+23
2.534834628179861176e+23
2.481818900610199627e+23
2.428484752577114124e+23
2.374871454076118615e+23
2.321019738688647384e+23
2.266971728140199191e+23
2.212770847540762252e+23
2.158461731359797553e+23
2.104090120264885176e+23
2.049702749032853956e+23
1.995347225825722698e+23
1.941071903208378592e+23
1.886925741371799990e+23
1.832958164111683035e+23
1.779218908198191046e+23
1.725757866856222630e+23
1.672624928155903617e+23
1.619869809189038294e+23
1.567541886977512298e+23
1.515690027123544309e+23
1.464362411266746341e+23
1.413606364459851443e+23
1.363468183611120183e+23
1.313992968166710150e+23
1.265224454220187267e+23
1.217204853237003447e+23
1.169974696570421741e+23
1.123572686920352583e+23
1.078035557848414547e+23
1.033397942411362000e+23
9.896922519113206386e+22
9.469485656848939457e+22
9.051945327660993243e+22
8.644552861599316889e+22
8.247533703564148238e+22
7.861086825998530799e+22
7.485384283064925317e+22
7.120570908973103212e+22
6.766764161830633656e+22
6.766764161830633656e+22
6.766764161830633656e+22
6.766764161830633656e+22
6.766764161830633656e+22
6.766764161830633656e+22
6.766764161830633656e+22
6.766764161830633656e+22
6.766764161830633656e+22
6.766764161830633656e+22
6.766764161830633656e+22
6.766764161830633656e+22
6.766764161830633656e+22
6.766764161830633656e+22
6.766764161830633656e+22
6.766764161830633656e+22
6.766764161830633656e+22
6.766764161830633656e+22
6.766764161830633656e+22
6.766764161830633656e+22
6.766764161830633656e+22
6.766764161830633656e+22
6.766764161830633656e+22
6.766764161830633656e+22
6.766764161830633656e+22
6.766764161830633656e+22
6.766764161830633656e+22
6.766764161830633656e+22
6.766764161830633656e+22
6.766764161830633656e+22
6.766764161830633656e+22
6.766764161830633656e+22
6.766764161830633656e+22
6.766764161830633656e+22
6.766764161830633656e+22
6.766764161830633656e+22
6.766764161830633656e+22
6.766764161830633656e+22
6.766764161830633656e+22
6.766764161830633656e+22
6.766764161830633656e+22
6.766764161830633656e+22
6.766764161830633656e+22
6.766764161830633656e+22
6.766764161830633656e+22
6.766764161830633656e+22
6.766764161830633656e+22
6.766764161830633656e+22
6.766764161830633656e+22
6.766764161830633656e+22
6.766764161830633656e+22
6.766764161830633656e+22
6.766764161830633656e+22
6.766764161830633656e+22
6.766764161830633656e+22
6.766764161830633656e+22
6.766764161830633656e+22
6.766764161830633656e+22
6.766764161830633656e+22
6.766764161830633656e+22
6.766764161830633656e+22
6.766764161830633656e+22
6.766764161830633656e+22
6.766764161830633656e+22
6.766764161830633656e+22
6.766764161830633656e+22
6.766764161830633656e+22
6.766764161830633656e+22
6.766764161830633656e+22
6.766764161830633656e+22
6.766764161830633656e+22
6.766764161830633656e+22
6.766764161830633656e+22
6.766764161830633656e+22
6.766764161830633656e+22
6.766764161830633656e+22
6.766764161830633656e+22
6.766764161830633656e+22
6.766764161830633656e+22
6.766764161830633656e+22
6.766764161830633656e+22
6.766764161830633656e+22
6.766764161830633656e+22
6.766764161830633656e+22
6.766764161830633656e+22
6.766764161830633656e+22
6.766764161830633656e+22
6.766764161830633656e+22
6.766764161830633656e+22
6.766764161830633656e+22
6.766764161830633656e+22
6.766764161830633656e+22
6.766764161830633656e+22
6.766764161830633656e+22
6.766764161830633656e+22
6.766764161830633656e+22
6.766764161830633656e+22
6.766764161830633656e+22
6.766764161830633656e+22
6.766764161830633656e+22
6.766764161830633656e+22
