0.000000000000000000e+00
0.000000000000000000e+00
0.000000000000000000e+00
0.000000000000000000e+00
0.000000000000000000e+00
0.000000000000000000e+00
0.000000000000000000e+00
0.000000000000000000e+00
0.000000000000000000e+00
0.000000000000000000e+00
0.000000000000000000e+00
0.000000000000000000e+00
0.000000000000000000e+00
0.000000000000000000e+00
0.000000000000000000e+00
0.000000000000000000e+00
0.000000000000000000e+00
0.000000000000000000e+00
0.000000000000000000e+00
0.000000000000000000e+00
0.000000000000000000e+00
0.000000000000000000e+00
0.000000000000000000e+00
0.000000000000000000e+00
0.000000000000000000e+00
0.000000000000000000e+00
0.000000000000000000e+00
0.000000000000000000e+00
0.000000000000000000e+00
0.000000000000000000e+00
0.000000000000000000e+00
0.000000000000000000e+00
0.000000000000000000e+00
0.000000000000000000e+00
0.000000000000000000e+00
0.000000000000000000e+00
0.000000000000000000e+00
0.000000000000000000e+00
0.000000000000000000e+00
0.000000000000000000e+00
0.000000000000000000e+00
0.000000000000000000e+00
0.000000000000000000e+00
0.000000000000000000e+00
0.000000000000000000e+00
0.000000000000000000e+00
0.000000000000000000e+00
0.000000000000000000e+00
0.000000000000000000e+00
0.000000000000000000e+00
0.000000000000000000e+00
0.000000000000000000e+00
0.000000000000000000e+00
0.000000000000000000e+00
0.000000000000000000e+00
0.000000000000000000e+00
0.000000000000000000e+00
0.000000000000000000e+00
0.000000000000000000e+00
0.000000000000000000e+00
0.000000000000000000e+00
0.000000000000000000e+00
0.000000000000000000e+00
0.000000000000000000e+00
0.000000000000000000e+00
0.000000000000000000e+00
0.000000000000000000e+00
0.000000000000000000e+00
0.000000000000000000e+00
0.000000000000000000e+00
0.000000000000000000e+00
0.000000000000000000e+00
0.000000000000000000e+00
0.000000000000000000e+00
0.000000000000000000e+00
0.000000000000000000e+00
0.000000000000000000e+00
0.000000000000000000e+00
0.000000000000000000e+00
0.000000000000000000e+00
0.000000000000000000e+00
0.000000000000000000e+00
0.000000000000000000e+00
0.000000000000000000e+00
0.000000000000000000e+00
0.000000000000000000e+00
0.000000000000000000e+00
0.000000000000000000e+00
0.000000000000000000e+00
0.000000000000000000e+00
0.000000000000000000e+00
0.000000000000000000e+00
0.000000000000000000e+00
0.000000000000000000e+00
0.000000000000000000e+00
0.000000000000000000e+00
0.000000000000000000e+00
0.000000000000000000e+00
0.000000000000000000e+00
0.000000000000000000e+00
0.000000000000000000e+00
-8.002665387123926484e+04
-8.001649291013566835e+04
-8.000519641703760135e+04
-7.999265337505657226e+04
-7.997874386767798569e+04
-7.996333859078239766e+04
-7.994629836311051622e+04
-7.992747363845846849e+04
-7.990670402324087627e+04
-7.988381780341184640e+04
-7.985863148508439190e+04
-7.983094935353306937e+04
-7.980056305559695465e+04
-7.976725121081617544e+04
-7.973077905692823697e+04
-7.969089813561490155e+04
-7.964734602462037583e+04
-7.959984612254936656e+04
-7.954810749279335141e+04
-7.949182477311897674e+04
-7.943067815747500572e+04
-7.936433345653023571e+04
-7.929244224333563761e+04
-7.921464209030559869e+04
-7.913055690342916932e+04
-7.903979735925006389e+04
-7.894196144968811132e+04
-7.883663513921543199e+04
-7.872339313824342389e+04
-7.860179979582483065e+04
-7.847141011392889777e+04
-7.833177088460951927e+04
-7.818242195036361227e+04
-7.802289758687341237e+04
-7.785272800615296001e+04
-7.767144097688404145e+04
-7.747856355744355824e+04
-7.727362393580521166e+04
-7.705615336915958324e+04
-7.682568821475373989e+04
-7.658177204212342622e+04
-7.632395781559478201e+04
-7.605181013468954188e+04
-7.576490751889602689e+04
-7.546284472218882001e+04
-7.514523506171195186e+04
-7.481171274420250847e+04
-7.446193517304128909e+04
-7.409558521829220990e+04
-7.371237343174296257e+04
-7.331204018880460353e+04
-7.289435773917011102e+04
-7.245913214838251588e+04
-7.200620511292456649e+04
-7.153545563211338595e+04
-7.104680152096385427e+04
-7.054020074926543748e+04
-7.001565259339028853e+04
-6.947319858880188258e+04
-6.891292327284516068e+04
-6.833495470915654732e+04
-6.773946478690672666e+04
-6.712666929006339342e+04
-6.649682773390281363e+04
-6.585024296808724466e+04
-6.518726054772657517e+04
-6.450826787593113841e+04
-6.381369312341140176e+04
-6.310400393265931780e+04
-6.237970591613040597e+04
-6.164134095961321873e+04
-6.088948534359734913e+04
-6.012474769691574329e+04
-5.934776679822641745e+04
-5.855920924199443834e+04
-5.775976698653218045e+04
-5.695015480234488496e+04
-5.613110763950375258e+04
-5.530337793303817307e+04
-5.446773286539293622e+04
-5.362495160485450469e+04
-5.277582253851101996e+04
-5.192114051779464353e+04
-5.106170413396738877e+04
-5.019831304006963910e+04
-4.933176533488696441e+04
-4.846285502339207596e+04
-4.759236956693829416e+04
-4.672108753521354811e+04
-4.584977637064243754e+04
-4.497919027456150798e+04
-4.411006822310883581e+04
-4.324313211938398308e+04
-4.237908508706092107e+04
-4.151860990929132822e+04
-4.066236761543590546e+04
-3.981099621690893400e+04
-3.896510959224351973e+04
-3.812529652037366031e+04
-3.729211986010084365e+04
-3.646611587277214858e+04
-3.564779368434660864e+04
-3.483763488226849586e+04
-3.403609324189947074e+04
-3.324359457669777476e+04
-3.246053670584646534e+04
-3.168728953265136806e+04
-3.092419522672364837e+04
-3.017156850274317549e+04
-2.942969698845753737e+04
-2.869884167449957386e+04
-2.797923743860525065e+04
-2.727109363686829965e+04
-2.657459475478131208e+04
-2.588990111097129557e+04
-2.521714960674807662e+04
-2.455645451480166594e+04
-2.390790830069021104e+04
-2.327158247101939560e+04
-2.264752844255422679e+04
-2.203577842682549090e+04
-2.143634632513436009e+04
-2.084922862921389606e+04
-2.027440532315004384e+04
-1.971184078252170366e+04
-1.916148466706397448e+04
-1.862327280350297951e+04
-1.809712805553886574e+04
-1.758296117828433853e+04
-1.708067165476793889e+04
-1.659014851241775250e+04
-1.611127111771487034e+04
-1.564390994748665435e+04
-1.518792733554638835e+04
-1.474317819363773197e+04
-1.430951070585248453e+04
-1.388676699589960117e+04
-1.347478376678917812e+04
-1.307339291266808505e+04
-1.268242210270036048e+04
-1.230169533703266643e+04
-1.193103347500673408e+04
-1.157025473589738249e+04
-1.121917517256232895e+04
-1.087760911846990530e+04
-1.054536960865479159e+04
-1.022226877521821189e+04
-9.908118218043828165e+03
-9.602729351453330310e+03
-9.305913727554461730e+03
-9.017483337081002901e+03
-8.737250888528309588e+03
-8.465030066425115365e+03
-8.200635769580576380e+03
-7.943884330146367574e+03
-7.694593714357581121e+03
-7.452583705786276369e+03
-7.217676071950006190e+03
-6.989694715099169116e+03
-6.768465808000794823e+03
-6.553817915512296167e+03
-6.345582102725317782e+03
-6.143592030439206610e+03
-5.947684038698646873e+03
-5.757697219113836582e+03
-5.573473476647874122e+03
-5.394857581542112712e+03
-5.221697212018606479e+03
-5.053842988373964545e+03
-4.891148499056120272e+03
-4.733470319288549945e+03
-4.580668022780192587e+03
-4.432604187036782605e+03
-4.289144392762443204e+03
-4.150157217813447460e+03
-4.015514226153607524e+03
-3.885089952220626856e+03
-3.758761881104805070e+03
-3.636410424912721282e+03
-3.517918895667333800e+03
-3.403173475078189313e+03
-3.292063181492534113e+03
-3.184479834322538409e+03
-3.080318016223350241e+03
-2.979475033278764386e+03
-2.881850873437127120e+03
-2.787348163422917878e+03
-2.695872124329950111e+03
-2.607330526097960501e+03
-2.521633641050914775e+03
-2.438694196664027913e+03
-2.358427327718550259e+03
-2.280750527989326656e+03
-2.205583601594635638e+03
-2.132848614135952630e+03
-2.062469843736108032e+03
-1.994373732085068923e+03
-1.928488835582283400e+03
-1.864745776665917674e+03
-1.803077195407001909e+03
-1.743417701441155486e+03
-1.685703826299666389e+03
-1.629873976202443373e+03
-1.575868385361797891e+03
-1.523629069846675975e+03
-1.473099782047775534e+03
-1.424225965779508897e+03
-1.376954712053459161e+03
-1.331234715550526744e+03
-1.287016231815201763e+03
-1.244251035194167571e+03
-1.202892377536255935e+03
-1.162894947668116629e+03
-1.124214831655946000e+03
-1.086809473864716665e+03
-1.050637638818559708e+03
-1.015659373869991327e+03
-9.818359726762606670e+02
-9.491299394882390743e+02
-9.175049542435618832e+02
-8.869258384700951865e+02
-8.573585219886442701e+02
-8.287700104118072204e+02
-8.011283534345202497e+02
-7.744026139045774926e+02
-7.485628376681565896e+02
-7.235800241795870988e+02
-6.994260978656966472e+02
-6.760738802345947533e+02
-6.534970627160345202e+02
-6.316701802233661738e+02
-6.105685854263583678e+02
-5.901684237167633000e+02
-5.704466088622373263e+02
-5.513807993265525056e+02
-5.329493752517901157e+02
-5.151314160830964965e+02
-4.979066788233134275e+02
-4.812555769078502976e+02
-4.651591596810462192e+02
-4.495990924656350671e+02
-4.345576372065836495e+02
-4.200176336806052859e+02
-4.059624812554342270e+02
-3.923761211852399242e+02
-3.792430194313527068e+02
-3.665481499924846958e+02
-3.542769787326300843e+02
-3.424154476965911158e+02
-3.309499598953568125e+02
-3.198673645526035898e+02
-3.091549427999860882e+02
-2.988003938087337019e+02
-2.887918213439847932e+02
-2.791177207331600130e+02
-2.697669662360632401e+02
-2.607287988040989148e+02
-2.519928142202175820e+02
-2.435489516061409745e+02
-2.353874822891448844e+02
-2.274989990167239569e+02
-2.198744055074724599e+02
-2.125049063338261703e+02
-2.053819971186774751e+02
-1.984974550470354302e+02
-1.918433296731517430e+02
-1.854119340198973021e+02
-1.791958359642071343e+02
-1.731878498928744250e+02
-1.673810286254461914e+02
-1.617686555978879994e+02
-1.563442372929859800e+02
-1.511014959142607950e+02
-1.460343622960714072e+02
-1.411369690425970589e+02
-1.364036438833867919e+02
-1.318289032497768005e+02
-1.274074460539190312e+02
-1.231341476710232996e+02
-1.190040541169955617e+02
-1.150123764106995594e+02
-1.111544851263677884e+02
-1.074259051175612285e+02
-1.038223104165267472e+02
-1.003395192951359292e+02
-9.697348949086757841e+01
-9.372031358814618329e+01
-9.057621454998292165e+01
-8.753754139613459984e+01
-8.460076501914643643e+01
-8.176247414467643182e+01
-7.901937141952140564e+01
-7.636826962804376251e+01
-7.380608803419276853e+01
-7.132984884241076884e+01
-6.893667377872576196e+01
-6.662378077839635182e+01
-6.438848078845303746e+01
-6.222817467305014816e+01
-6.014035021893011645e+01
-5.812257924439733614e+01
-5.617251479978103390e+01
-5.428788846059143225e+01
-5.246650771469153085e+01
-5.070625343209822944e+01
-4.900507741793964556e+01
-4.736100004607410341e+01
-4.577210797573623324e+01
-4.423655193997442581e+01
-4.275254460996521289e+01
-4.131835852458181080e+01
-3.993232409682882178e+01
-3.859282768102588079e+01
-3.729830970466476003e+01
-3.604726286455282747e+01
-3.483823038213564161e+01
-3.366980431477308144e+01
-3.254062392614090982e+01
-3.144937410966124247e+01
-3.039478386398366894e+01
-2.937562482208664250e+01
-2.839070982269889143e+01
-2.743889153519063484e+01
-2.651906113115008523e+01
-2.563014699711872524e+01
-2.477111348910894151e+01
-2.394095973265647714e+01
-2.313871846270916777e+01
-2.236345489700819655e+01
-2.161426565287530721e+01
-2.089027769705174364e+01
-2.019064733186825222e+01
-1.951455921770320145e+01
-1.886122542150359394e+01
-1.822988450424993090e+01
-1.761980063617203385e+01
-1.703026273928577083e+01
-1.646058366254068872e+01
-1.591009938343909802e+01
-1.537816823552458523e+01
-1.486417015944965492e+01
-1.436750598741770624e+01
-1.388759674063493321e+01
-1.342388295856673430e+01
-1.297582405016048845e+01
-1.254289766115338622e+01
-1.212459906708833124e+01
-1.172044058921016330e+01
-1.132995102195257076e+01
-1.095267508835874359e+01
-1.058817290900659458e+01
-1.023601948964248720e+01
-9.895804228802989044e+00
-9.567130435640292418e+00
-9.249614869886055857e+00
-8.942887296846574685e+00
-8.646590055074597103e+00
-8.360377640868057014e+00
-8.083916306026043941e+00
-7.816883666819151699e+00
-7.558968331109231720e+00
-7.309869534404094260e+00
-7.069296788943645993e+00
-6.836969548021667009e+00
-6.612616875318014564e+00
-6.395977132541537991e+00
-6.186797673965036104e+00
-5.984834550486511695e+00
-5.789852226334804008e+00
-5.601623304355344501e+00
-5.419928262972603328e+00
-5.244555198216747094e+00
-5.075299576814126468e+00
-4.911963998739551585e+00
-4.754357966940156111e+00
-4.602297664058847104e+00
-4.455605741167752321e+00
-4.314111107501616083e+00
-4.177648733738737796e+00
-4.046059458926857921e+00
-3.919189804634393148e+00
-3.796891795380866075e+00
-3.679022789163477469e+00
-3.565445306467648123e+00
-3.456026872964887531e+00
-3.350639865705069553e+00
-3.249161362996654923e+00
-3.151473001641299287e+00
-3.057460838350994692e+00
-2.967015216724016025e+00
-2.880030640381770368e+00
-2.796405648815159406e+00
-2.716042699488624645e+00
-2.638848055105157187e+00
-2.564731674645276183e+00
-2.493607105750002439e+00
-2.425391385845238279e+00
-2.360004945309022162e+00
-2.297371515014865029e+00
-2.237418036412561317e+00
-2.180074576286131993e+00
-2.125274245199711753e+00
-2.072953120792599968e+00
-2.023050173181708544e+00
-1.975507191665004880e+00
-1.930268719037389058e+00
-1.887281986110858734e+00
-1.846496849954876174e+00
-1.807865735932198348e+00
-1.771343581831354097e+00
-1.736887784977430460e+00
-1.704458154127511227e+00
-1.674016859592031947e+00
-1.645528391968505533e+00
-1.618959520477424308e+00
-1.594279252405620184e+00
-1.571458798119174549e+00
-1.550471538624556667e+00
-1.531292991344928023e+00
-1.513900785584019415e+00
-1.498274633807471945e+00
-1.484396307246490965e+00
-1.472249616963529295e+00
-1.461820393326670908e+00
-1.453096470838523890e+00
-1.446067673631736605e+00
-1.440725802362279762e+00
-1.437064625511058180e+00
-1.435079872115541111e+00
-1.434769227114134571e+00
-1.436132329206530223e+00
-1.439170767671103635e+00
-1.443888087676416188e+00
-1.450289791399425932e+00
-1.458383345530400055e+00
-1.468178191358315621e+00
-1.479685754877763326e+00
-1.492919459229040680e+00
-1.507894741697104246e+00
-1.524629070742777648e+00
-1.543141966764913109e+00
-1.563455026528992153e+00
-1.585591944950730303e+00
-1.609578544481361506e+00
-1.635442804686460194e+00
-1.663214896200837511e+00
-1.692927215586607526e+00
-1.724614420782615509e+00
-1.758313474639387364e+00
-1.794063686314428807e+00
-1.831906758645648559e+00
-1.871886833653929161e+00
-1.914050547141913583e+00
-1.958447082325105448e+00
-2.005128226000452152e+00
-2.054148431262907248e+00
-2.105564878490918446e+00
-2.159437543137948889e+00
-2.215829264502430007e+00
-2.274805822260679289e+00
-2.336436009634432764e+00
-2.400791715461054299e+00
-2.467948006876611089e+00
-2.537983218557685383e+00
-2.610979040844971788e+00
-2.687020618371608993e+00
-2.766196649648438033e+00
-2.848599487251373130e+00
-2.934325248104928452e+00
-3.023473924174318928e+00
-3.116149498469059864e+00
-3.212460069207359936e+00
-3.312517972077397399e+00
-3.416439914100040109e+00
-3.524347109373163978e+00
-3.636365418396397153e+00
-3.752625497664051846e+00
-3.873262949043010384e+00
-3.998418478429612843e+00
-4.128238063094180177e+00
-4.262873116552570174e+00
-4.402480669071183961e+00
-4.547223549300922762e+00
-4.697270574824591094e+00
-4.852796747650215181e+00
-5.013983459047881119e+00
-5.181018701085082334e+00
-5.354097284473508189e+00
-5.533421067339882704e+00
-5.719199189082520007e+00
-5.911648313807932098e+00
-6.110992885476388636e+00
-6.317465386305344488e+00
-6.531306609172002453e+00
-6.752765938983065652e+00
-6.982101639442004348e+00
-7.219581158997944392e+00
-7.465481439805108366e+00
-7.720089239423421290e+00
-7.983701467023590403e+00
-8.256625527398156805e+00
-8.539179680455461607e+00
-8.831693412272050736e+00
-9.134507816327229079e+00
-9.447975992930054190e+00
-9.772463459269333796e+00
-1.010834857689264155e+01
-1.045602298949654418e+01
-1.081589207964037946e+01
-1.118837544255575267e+01
-1.157390737200907260e+01
-1.197293736795841745e+01
-1.238593065895145173e+01
-1.281336874504893686e+01
-1.325574995533875722e+01
-1.371359002797543347e+01
-1.418742271191722359e+01
-1.467780038890928473e+01
-1.518529471375603457e+01
-1.571049727940918395e+01
-1.625402030674242226e+01
-1.681649735448615246e+01
-1.739858405805291142e+01
-1.800095889057647369e+01
-1.862432395211052949e+01
-1.926940578675034388e+01
-1.993695622412927548e+01
-2.062775325556907546e+01
-2.134260193950792939e+01
-2.208233533279790706e+01
-2.284781546132253638e+01
-2.363993432065555922e+01
-2.445961491153471812e+01
-2.530781231195699021e+01
-2.618551478645425945e+01
-2.709374493319467092e+01
-2.803356086911387735e+01
-2.900605746090365500e+01
-3.001236759223488804e+01
-3.105366347906355884e+01
-3.213115802733202031e+01
-3.324610624370999545e+01
-3.439980668617180726e+01
-3.559360297049491351e+01
-3.682888532732522435e+01
-3.810709221206711561e+01
-3.942971197108178671e+01
-4.079828456493585520e+01
-4.221440335131299548e+01
-4.367971692800782080e+01
-4.519593104059326549e+01
-4.676481055529895059e+01
-4.838818150096058446e+01
-5.006793317798673826e+01
-5.180602034060066075e+01
-5.360446545676551011e+01
-5.546536104314790805e+01
-5.739087208139913798e+01
-5.938323851237769446e+01
-6.144477782351672346e+01
-6.357788771912174752e+01
-6.578504888524324201e+01
-6.806882784568340128e+01
-7.043187991724403219e+01
-7.287695227030138767e+01
-7.540688707986994643e+01
-7.802462480233590725e+01
-8.073320755171150154e+01
-8.353578259484950763e+01
-8.643560596491960268e+01
-8.943604619428562330e+01
-9.254058818255755625e+01
-9.575283718574343084e+01
-9.907652294801614801e+01
-1.025155039703428201e+02
-1.060737719244492610e+02
-1.097554562148827983e+02
-1.135648286960441169e+02
-1.175063085481340153e+02
-1.215844673182082119e+02
-1.258040341274155480e+02
-1.301699010569669781e+02
-1.346871287164268267e+02
-1.393609519925733480e+02
-1.441967859969677477e+02
-1.492002322080484760e+02
-1.543770848203959360e+02
-1.597333373073923610e+02
-1.652751892006103560e+02
-1.710090530914459066e+02
-1.769415618720374539e+02
-1.830795762123320856e+02
-1.894301922815448336e+02
-1.960007497323009886e+02
-2.027988399387950551e+02
-2.098323145155342502e+02
-2.171092941095278661e+02
-2.246381774802435984e+02
-2.324276508829646275e+02
-2.404866977477628893e+02
-2.488246086813771285e+02
-2.574509917944687913e+02
-2.663757833604488496e+02
-2.756092588158211356e+02
-2.851620441188048858e+02
-2.950451274743107319e+02
-3.052698714291845477e+02
-3.158480253586311619e+02
-3.267917383471299786e+02
-3.381135724765085229e+02
-3.498265165384302691e+02
-3.619440001765767647e+02
-3.744799084702218579e+02
-3.874485969758740680e+02
-4.008649072378369169e+02
-4.147441827751480901e+02
-4.291022855689392941e+02
-4.439556130478087539e+02
-4.593211155953548541e+02
-4.752163145929133634e+02
-4.916593210039278574e+02
-5.086688545183721430e+02
-5.262642632674591141e+02
-5.444655441255188180e+02
-5.632933636114302089e+02
-5.827690794021875718e+02
-6.029147624710304854e+02
-6.237532198682006310e+02
-6.453080181494761973e+02
-6.676035074769445146e+02
-6.906648463936357984e+02
-7.145180272939965107e+02
-7.391899025956734022e+02
-7.647082116296087406e+02
-7.911016082592952898e+02
-8.183996892389951654e+02
-8.466330233213330985e+02
-8.758331811293047622e+02
-9.060327657939034225e+02
-9.372654443749581787e+02
-9.695659800665567900e+02
-1.002970265197775120e+03
-1.037515355034808181e+03
-1.073239502384074058e+03
-1.110182193004439114e+03
-1.148384181830416082e+03
-1.187887530003933762e+03
-1.228735642713940933e+03
-1.270973307835282640e+03
-1.314646735379536267e+03
-1.359803597722876475e+03
-1.406493070624095481e+03
-1.454765875002833127e+03
-1.504674319470386536e+03
-1.556272343594256881e+03
-1.609615561869246449e+03
-1.664761308365081732e+03
-1.721768682032911784e+03
-1.780698592623423565e+03
-1.841613807176707496e+03
-1.904578997046089853e+03
-1.969660785404246553e+03
-2.036927795170519630e+03
-2.106450697296809267e+03
-2.178302259350430177e+03
-2.252557394311221742e+03
-2.329293209503228809e+03
-2.408589055560868928e+03
-2.490526575344129924e+03
-2.575189752678050354e+03
-2.662664960804151178e+03
-2.753041010419121449e+03
-2.846409197149534975e+03
-2.942863348319882789e+03
-3.042499868847925427e+03
-3.145417786081576651e+03
-3.251718793404781991e+03
-3.361507292391772353e+03
-3.474890433299610322e+03
-3.591978153657821167e+03
-3.712883214706610033e+03
-3.837721235417162461e+03
-3.966610723804531062e+03
-4.099673105224407664e+03
-4.237032747335250860e+03
-4.378816981382072299e+03
-4.525156119425746510e+03
-4.676183467140326684e+03
-4.832035331766888703e+03
-4.992851024782935383e+03
-5.158772858844879011e+03
-5.329946138510432320e+03
-5.506519144243672599e+03
-5.688643109167835973e+03
-5.876472188015879510e+03
-6.070163417695845965e+03
-6.269876668861334110e+03
-6.475774587860702013e+03
-6.688022528409414008e+03
-6.906788472295299471e+03
-7.132242938421565668e+03
-7.364558879455976239e+03
-7.603911565332311511e+03
-7.850478452830836432e+03
-8.104439040457765259e+03
-8.365974707806679362e+03
-8.635268538577456638e+03
-8.912505126430305609e+03
-9.197870362820292939e+03
-9.491551205973730248e+03
-9.793735430147944498e+03
-1.010461135433736308e+04
-1.042436754959018799e+04
-1.075319252410786066e+04
-1.109127438533354871e+04
-1.143880047825216934e+04
-1.179595699917410820e+04
-1.216292858430391789e+04
-1.253989787245957814e+04
-1.292704504136606738e+04
-1.332454731701983656e+04
-1.373257845571685175e+04
-1.415130819841500670e+04
-1.458090169722796963e+04
-1.502151891396212704e+04
-1.547331399074948240e+04
-1.593643459297698610e+04
-1.641102122488709210e+04
-1.689720651839346465e+04
-1.739511449587178868e+04
-1.790485980787855078e+04
-1.842654694700698383e+04
-1.896026943931055575e+04
-1.950610901500295586e+04
-2.006413476041501781e+04
-2.063440225348610693e+04
-2.121695268536255026e+04
-2.181181197101181169e+04
-2.241898985207486476e+04
-2.303847899552111994e+04
-2.367025409202814990e+04
-2.431427095833983913e+04
-2.497046564822577056e+04
-2.563875357699933375e+04
-2.631902866491289387e+04
-2.701116250506894721e+04
-2.771500356181749885e+04
-2.843037640591230593e+04
-2.915708099297947774e+04
-2.989489199209384606e+04
-3.064355817149191716e+04
-3.140280184861418093e+04
-3.217231841180203628e+04
-3.295177592106003431e+04
-3.374081479530108481e+04
-3.453904759345976345e+04
-3.534605889673983620e+04
-3.616140529906398297e+04
-3.698461551253911603e+04
-3.781519059437659598e+04
-3.865260430128003645e+04
-3.949630357676147833e+04
-4.034570917622769775e+04
-4.120021643395676074e+04
-4.205919617525638023e+04
-4.292199577620263153e+04
-4.378794037235172436e+04
-4.465633421673814155e+04
-4.552646218632147065e+04
-4.639759143481350475e+04
-4.726897318853994511e+04
-4.813984468065305555e+04
-4.900943121765625983e+04
-4.987694837080974685e+04
-5.074160428360723017e+04
-5.160260208513867110e+04
-5.245914239781275683e+04
-5.331042592662681272e+04
-5.415565611595284281e+04
-5.499404185868360219e+04
-5.582480024155830324e+04
-5.664715930960520200e+04
-5.746036083188738121e+04
-5.826366305015840771e+04
-5.905634339162990364e+04
-5.983770112683012121e+04
-6.060705995352273021e+04
-6.136377048783629289e+04
-6.210721264415613405e+04
-6.283679788594115234e+04
-6.355197133044838120e+04
-6.425221369136839348e+04
-6.493704304459848208e+04
-6.560601640377608419e+04
-6.625873109376773937e+04
-6.689482591202203184e+04
-6.751398206953992485e+04
-6.811592390516253363e+04
-6.870041936890315264e+04
0.000000000000000000e+00
0.000000000000000000e+00
0.000000000000000000e+00
0.000000000000000000e+00
0.000000000000000000e+00
0.000000000000000000e+00
0.000000000000000000e+00
0.000000000000000000e+00
0.000000000000000000e+00
0.000000000000000000e+00
0.000000000000000000e+00
0.000000000000000000e+00
0.000000000000000000e+00
0.000000000000000000e+00
0.000000000000000000e+00
0.000000000000000000e+00
0.000000000000000000e+00
0.000000000000000000e+00
0.000000000000000000e+00
0.000000000000000000e+00
0.000000000000000000e+00
0.000000000000000000e+00
0.000000000000000000e+00
0.000000000000000000e+00
0.000000000000000000e+00
0.000000000000000000e+00
0.000000000000000000e+00
0.000000000000000000e+00
0.000000000000000000e+00
0.000000000000000000e+00
0.000000000000000000e+00
0.000000000000000000e+00
0.000000000000000000e+00
0.000000000000000000e+00
0.000000000000000000e+00
0.000000000000000000e+00
0.000000000000000000e+00
0.000000000000000000e+00
0.000000000000000000e+00
0.000000000000000000e+00
0.000000000000000000e+00
0.000000000000000000e+00
0.000000000000000000e+00
0.000000000000000000e+00
0.000000000000000000e+00
0.000000000000000000e+00
0.000000000000000000e+00
0.000000000000000000e+00
0.000000000000000000e+00
0.000000000000000000e+00
0.000000000000000000e+00
0.000000000000000000e+00
0.000000000000000000e+00
0.000000000000000000e+00
0.000000000000000000e+00
0.000000000000000000e+00
0.000000000000000000e+00
0.000000000000000000e+00
0.000000000000000000e+00
0.000000000000000000e+00
0.000000000000000000e+00
0.000000000000000000e+00
0.000000000000000000e+00
0.000000000000000000e+00
0.000000000000000000e+00
0.000000000000000000e+00
0.000000000000000000e+00
0.000000000000000000e+00
0.000000000000000000e+00
0.000000000000000000e+00
0.000000000000000000e+00
0.000000000000000000e+00
0.000000000000000000e+00
0.000000000000000000e+00
0.000000000000000000e+00
0.000000000000000000e+00
0.000000000000000000e+00
0.000000000000000000e+00
0.000000000000000000e+00
0.000000000000000000e+00
0.000000000000000000e+00
0.000000000000000000e+00
0.000000000000000000e+00
0.000000000000000000e+00
0.000000000000000000e+00
0.000000000000000000e+00
0.000000000000000000e+00
0.000000000000000000e+00
0.000000000000000000e+00
0.000000000000000000e+00
0.000000000000000000e+00
0.000000000000000000e+00
0.000000000000000000e+00
0.000000000000000000e+00
0.000000000000000000e+00
0.000000000000000000e+00
0.000000000000000000e+00
0.000000000000000000e+00
0.000000000000000000e+00
0.000000000000000000e+00
0.000000000000000000e+00
