0.000000000000000000e+00
0.000000000000000000e+00
0.000000000000000000e+00
0.000000000000000000e+00
0.000000000000000000e+00
0.000000000000000000e+00
0.000000000000000000e+00
0.000000000000000000e+00
0.000000000000000000e+00
0.000000000000000000e+00
0.000000000000000000e+00
0.000000000000000000e+00
0.000000000000000000e+00
0.000000000000000000e+00
0.000000000000000000e+00
0.000000000000000000e+00
0.000000000000000000e+00
0.000000000000000000e+00
0.000000000000000000e+00
0.000000000000000000e+00
0.000000000000000000e+00
0.000000000000000000e+00
0.000000000000000000e+00
0.000000000000000000e+00
0.000000000000000000e+00
0.000000000000000000e+00
0.000000000000000000e+00
0.000000000000000000e+00
0.000000000000000000e+00
0.000000000000000000e+00
0.000000000000000000e+00
0.000000000000000000e+00
0.000000000000000000e+00
0.000000000000000000e+00
0.000000000000000000e+00
0.000000000000000000e+00
0.000000000000000000e+00
0.000000000000000000e+00
0.000000000000000000e+00
0.000000000000000000e+00
0.000000000000000000e+00
0.000000000000000000e+00
0.000000000000000000e+00
0.000000000000000000e+00
0.000000000000000000e+00
0.000000000000000000e+00
0.000000000000000000e+00
0.000000000000000000e+00
0.000000000000000000e+00
0.000000000000000000e+00
0.000000000000000000e+00
0.000000000000000000e+00
0.000000000000000000e+00
0.000000000000000000e+00
0.000000000000000000e+00
0.000000000000000000e+00
0.000000000000000000e+00
0.000000000000000000e+00
0.000000000000000000e+00
0.000000000000000000e+00
0.000000000000000000e+00
0.000000000000000000e+00
0.000000000000000000e+00
0.000000000000000000e+00
0.000000000000000000e+00
0.000000000000000000e+00
0.000000000000000000e+00
0.000000000000000000e+00
0.000000000000000000e+00
0.000000000000000000e+00
0.000000000000000000e+00
0.000000000000000000e+00
0.000000000000000000e+00
0.000000000000000000e+00
0.000000000000000000e+00
0.000000000000000000e+00
0.000000000000000000e+00
0.000000000000000000e+00
0.000000000000000000e+00
0.000000000000000000e+00
0.000000000000000000e+00
0.000000000000000000e+00
0.000000000000000000e+00
0.000000000000000000e+00
0.000000000000000000e+00
0.000000000000000000e+00
0.000000000000000000e+00
0.000000000000000000e+00
0.000000000000000000e+00
0.000000000000000000e+00
0.000000000000000000e+00
0.000000000000000000e+00
0.000000000000000000e+00
0.000000000000000000e+00
0.000000000000000000e+00
0.000000000000000000e+00
0.000000000000000000e+00
0.000000000000000000e+00
0.000000000000000000e+00
0.000000000000000000e+00
0.000000000000000000e+00
-3.075952668949081999e+04
-3.000921667824751785e+04
-2.926972091715546776e+04
-2.854129466778400092e+04
-2.782416720200497002e+04
-2.711854240686901903e+04
-2.642459944771029768e+04
-2.574249348242882115e+04
-2.507235642011284654e+04
-2.441429771740818614e+04
-2.376840520631814798e+04
-2.313474594741890905e+04
-2.251336710279347608e+04
-2.190429682332191078e+04
-2.130754514530946108e+04
-2.072310489178323041e+04
-2.015095257414063599e+04
-1.959104929018248367e+04
-1.904334161491162376e+04
-1.850776248081652739e+04
-1.798423204469134362e+04
-1.747265853836375754e+04
-1.697293910101053916e+04
-1.648496059103461448e+04
-1.600860037575837850e+04
-1.554372709745195607e+04
-1.509020141446412708e+04
-1.464787671645796945e+04
-1.421659981296748629e+04
-1.379621159469508166e+04
-1.338654766715203914e+04
-1.298743895641575727e+04
-1.259871228692841760e+04
-1.222019093140495715e+04
-1.185169513303950225e+04
-1.149304260031459125e+04
-1.114404897481398621e+04
-1.080452827252821771e+04
-1.047429329921714816e+04
-1.015315604045827604e+04
-9.840928027064506750e+03
-9.537420676601523155e+03
-9.242445611771427139e+03
-8.955814956458612869e+03
-8.677341610255509295e+03
-8.406839502303735571e+03
-8.144123825293819209e+03
-7.889011250471528001e+03
-7.641320124499864505e+03
-7.400870649019765551e+03
-7.167485043746100928e+03
-6.940987693922065773e+03
-6.721205282943267775e+03
-6.507966910943670882e+03
-6.301104200118900735e+03
-6.100451387540212636e+03
-5.905845406191652728e+03
-5.717125954939728217e+03
-5.534135558119926827e+03
-5.356719615401049850e+03
-5.184726442562871853e+03
-5.018007303796396627e+03
-4.856416436111889197e+03
-4.699811066413524713e+03
-4.548051421773968286e+03
-4.401000733418871278e+03
-4.258525234903769160e+03
-4.120494154945039554e+03
-3.986779705340151395e+03
-3.857257064391064887e+03
-3.731804356221579837e+03
-3.610302626357594818e+03
-3.492635813918789154e+03
-3.378690720749342290e+03
-3.268356977795758212e+03
-3.161527009021791855e+03
-3.058095993131558771e+03
-2.957961823354486569e+03
-2.861025065530858683e+03
-2.767188914718754859e+03
-2.676359150529312501e+03
-2.588444091383522846e+03
-2.503354547867859310e+03
-2.421003775356511596e+03
-2.341307426052071605e+03
-2.264183500588257630e+03
-2.189552299324479463e+03
-2.117336373453901615e+03
-2.047460476035186730e+03
-1.979851513050626636e+03
-1.914438494582542489e+03
-1.851152486193849199e+03
-1.789926560589767860e+03
-1.730695749630622231e+03
-1.673396996759244075e+03
-1.617969109900457170e+03
-1.564352714883497129e+03
-1.512490209432729671e+03
-1.462325717768555705e+03
-1.413805045853472166e+03
-1.366875637315067706e+03
-1.321486530072966161e+03
-1.277588313693734108e+03
-1.235133087493732546e+03
-1.194074419406502329e+03
-1.154367305628573831e+03
-1.115968131054249625e+03
-1.078834630508576083e+03
-1.042925850783628221e+03
-1.008202113482683671e+03
-9.746249786738159173e+02
-9.421572093530974144e+02
-9.107627367160836229e+02
-8.804066262338827755e+02
-8.510550445302405933e+02
-8.226752270534366289e+02
-7.952354465363682721e+02
-7.687049822371881191e+02
-7.430540899517557136e+02
-7.182539727883306568e+02
-6.942767526950591446e+02
-6.710954427282108554e+02
-6.486839200514878030e+02
-6.270168996532577239e+02
-6.060699087704317662e+02
-5.858192620061272464e+02
-5.662420371282994438e+02
-5.473160515367403605e+02
-5.290198393846505951e+02
-5.113326293418164141e+02
-4.942343229861996292e+02
-4.777054738099634505e+02
-4.617272668264063213e+02
-4.462814987649575755e+02
-4.313505588401366708e+02
-4.169174100810375876e+02
-4.029655712084136781e+02
-3.894790990456652366e+02
-3.764425714511388605e+02
-3.638410707581696784e+02
-3.516601677101684800e+02
-3.398859058783887690e+02
-3.285047865493959307e+02
-3.175037540705511674e+02
-3.068701816406401690e+02
-2.965918575339911172e+02
-2.866569717466741736e+02
-2.770541030527940620e+02
-2.677722064599406053e+02
-2.588006010524113663e+02
-2.501289582115076655e+02
-2.417472902022704488e+02
-2.336459391163766952e+02
-2.258155661606494675e+02
-2.182471412814607561e+02
-2.109319331155122370e+02
-2.038614992569299318e+02
-1.970276768320495080e+02
-1.904225733723552025e+02
-1.840385579769815934e+02
-1.778682527558001993e+02
-1.719045245456935902e+02
-1.661404768902540923e+02
-1.605694422764450451e+02
-1.551849746196233184e+02
-1.499808419896650662e+02
-1.449510195705179569e+02
-1.400896828465997146e+02
-1.353912010084627013e+02
-1.308501305716495722e+02
-1.264612092010955848e+02
-1.222193497361204209e+02
-1.181196344083545995e+02
-1.141573092477294722e+02
-1.103277786698215550e+02
-1.066266002392722072e+02
-1.030494796038525038e+02
-9.959226559339981577e+01
-9.625094547874448381e+01
-9.302164038526127854e+01
-8.990060085679888857e+01
-8.688420256413789389e+01
-8.396894215448324417e+01
-8.115143323659347629e+01
-7.842840249782648243e+01
-7.579668594861833242e+01
-7.325322529055664234e+01
-7.079506440332829698e+01
-6.841934594770305011e+01
-6.612330808032743334e+01
-6.390428127630769950e+01
-6.175968525743147808e+01
-5.968702602061972584e+01
-5.768389296537262823e+01
-5.574795611558604236e+01
-5.387696343341596616e+01
-5.206873822186877732e+01
-5.032117661338615733e+01
-4.863224514142487465e+01
-4.699997839250477227e+01
-4.542247673629490379e+01
-4.389790413027576932e+01
-4.242448599820338728e+01
-4.100050717794551502e+01
-3.962430993805550372e+01
-3.829429205997654861e+01
-3.700890498403769158e+01
-3.576665201690838813e+01
-3.456608659882364520e+01
-3.340581062830013792e+01
-3.228447284247266680e+01
-3.120076725162071085e+01
-3.015343162553060097e+01
-2.914124603039212147e+01
-2.816303141427282952e+01
-2.721764823990123716e+01
-2.630399516292035145e+01
-2.542100775414922964e+01
-2.456765726442253950e+01
-2.374294943079321385e+01
-2.294592332234550014e+01
-2.217565022467235636e+01
-2.143123256139352151e+01
-2.071180285192945547e+01
-2.001652270375700127e+01
-1.934458183868445502e+01
-1.869519715122145342e+01
-1.806761179874258261e+01
-1.746109432182116095e+01
-1.687493779422788265e+01
-1.630845900097073553e+01
-1.576099764423641680e+01
-1.523191557542692287e+01
-1.472059605319453013e+01
-1.422644302607741906e+01
-1.374888043940260474e+01
-1.328735156524123440e+01
-1.284131835450227221e+01
-1.241026081114313051e+01
-1.199367638717470008e+01
-1.159107939766515294e+01
-1.120200045577477255e+01
-1.082598592631651435e+01
-1.046259739764878205e+01
-1.011141117177136373e+01
-9.772017770603193654e+00
-9.444021459549345465e+00
-9.127039786755240414e+00
-8.820703137790017578e+00
-8.524654305081671879e+00
-8.238548072222254604e+00
-7.962050811659331373e+00
-7.694840096537123308e+00
-7.436604324762682516e+00
-7.187042356135794563e+00
-6.945863161800691188e+00
-6.712785485116418371e+00
-6.487537513945854428e+00
-6.269856564126835785e+00
-6.059488773200713219e+00
-5.856188804903685430e+00
-5.659719563216685678e+00
-5.469851915941560172e+00
-5.286364427900309693e+00
-5.109043102972497863e+00
-4.937681134379459991e+00
-4.772078664150747329e+00
-4.612042549676143466e+00
-4.457386139063609143e+00
-4.307929053313989343e+00
-4.163496976269454031e+00
-4.023921451292691742e+00
-3.889039684999442859e+00
-3.758694357409983589e+00
-3.632733438745368915e+00
-3.511010012008259018e+00
-3.393382101799924833e+00
-3.279712508868080523e+00
-3.169868650062987125e+00
-3.063722403873852418e+00
-2.961149960911171330e+00
-2.862031679818827890e+00
-2.766251947454761773e+00
-2.673699044340120068e+00
-2.584265014333958721e+00
-2.497845538748529215e+00
-2.414339814743871049e+00
-2.333650437754413609e+00
-2.255683287861574460e+00
-2.180347420241369072e+00
-2.107554958912899679e+00
-2.037220994400574359e+00
-1.969263484686451848e+00
-1.903603159527965660e+00
-1.840163427861482681e+00
-1.778870288872300920e+00
-1.719652245301068971e+00
-1.662440220373637700e+00
-1.607167477010341017e+00
-1.553769540088853596e+00
-1.502184121287532204e+00
-1.452351046530749423e+00
-1.404212185466358287e+00
-1.357711384071997651e+00
-1.312794398970969389e+00
-1.269408834145816067e+00
-1.227504079963585903e+00
-1.187031253921420726e+00
-1.147943143929621490e+00
-1.110194153089246516e+00
-1.073740246362065553e+00
-1.038538899552198691e+00
-1.004549049438223429e+00
-9.717310460341819223e-01
-9.400466061730864409e-01
-9.094587690472957231e-01
-8.799318530068759303e-01
-8.514314138847509650e-01
-8.239242049991677419e-01
-7.973781381345959041e-01
-7.717622463397203481e-01
-7.470466476393553545e-01
-7.232025102408904393e-01
-7.002020190094754293e-01
-6.780183428248709454e-01
-6.566256034650874707e-01
-6.359988452104092804e-01
-6.161140060924784612e-01
-5.969478894014280668e-01
-5.784781369348425129e-01
-5.606832027413118924e-01
-5.435423281864850686e-01
-5.270355174492035166e-01
-5.111435144584073331e-01
-4.958477803138817142e-01
-4.811304716854378771e-01
-4.669744200292481051e-01
-4.533631114708063237e-01
-4.402806675910584389e-01
-4.277118269329191480e-01
-4.156419271959174155e-01
-4.040568881834846748e-01
-3.929431951158109393e-01
-3.822878832867050436e-01
-3.720785224946616676e-01
-3.623032029469559490e-01
-3.529505210669702242e-01
-3.440095663767229195e-01
-3.354699086481982007e-01
-3.273215857965654507e-01
-3.195550922572398811e-01
-3.121613679543043252e-01
-3.051317875162278814e-01
-2.984581505345309527e-01
-2.921326717256819694e-01
-2.861479719854121972e-01
-2.804970697548395675e-01
-2.751733728274250446e-01
-2.701706707795470397e-01
-2.654831275623557030e-01
-2.611052748677734070e-01
-2.570320055590071817e-01
-2.532585679827272229e-01
-2.497805600554530714e-01
-2.465939244358940907e-01
-2.436949437618023129e-01
-2.410802360373534847e-01
-2.387467511279867671e-01
-2.366917667606514286e-01
-2.349128856852720215e-01
-2.334080327501974472e-01
-2.321754523539711068e-01
-2.312137066282384523e-01
-2.305216735991507115e-01
-2.300985459938900690e-01
-2.299438301869711765e-01
-2.300573456733918665e-01
-2.304392248750967986e-01
-2.310899132162415048e-01
-2.320101698113221367e-01
-2.332010681963130883e-01
-2.346639976726702381e-01
-2.364006647696064167e-01
-2.384130955020166420e-01
-2.407036374456190952e-01
-2.432749627260181458e-01
-2.461300708894951783e-01
-2.492722927629856533e-01
-2.527052937872069638e-01
-2.564330788980780373e-01
-2.604599967630172319e-01
-2.647907450924429917e-01
-2.694303759297702050e-01
-2.743843018123208743e-01
-2.796583017817062533e-01
-2.852585282973790770e-01
-2.911915144082346529e-01
-2.974641813542928115e-01
-3.040838466199646817e-01
-3.110582324819130551e-01
-3.183954750407538836e-01
-3.261041336290780301e-01
-3.341932009398595471e-01
-3.426721133591520418e-01
-3.515507621804509486e-01
-3.608395047437919501e-01
-3.705491771123890499e-01
-3.806911061149026998e-01
-3.912771229682561747e-01
-4.023195770294759610e-01
-4.138313498163330162e-01
-4.258258706515393177e-01
-4.383171318231040559e-01
-4.513197050349322947e-01
-4.648487587068337867e-01
-4.789200751670117384e-01
-4.935500693820906726e-01
-5.087558081387301145e-01
-5.245550296553186387e-01
-5.409661646989518680e-01
-5.580083576701541093e-01
-5.757014891498756226e-01
-5.940661991023635791e-01
-6.131239108951864747e-01
-6.328968563407013637e-01
-6.534081015331709708e-01
-6.746815736643149153e-01
-6.967420893548966765e-01
-7.196153831368384823e-01
-7.433281377094211884e-01
-7.679080149373733732e-01
-7.933836883219876901e-01
-8.197848761603674372e-01
-8.471423764787568977e-01
-8.754881028152821099e-01
-9.048551213144377936e-01
-9.352776895956599335e-01
-9.667912965573229878e-01
-9.994327037720383000e-01
-1.033239988301218437e+00
-1.068252587219215011e+00
-1.104511343459954498e+00
-1.142058553770971763e+00
-1.180938017592116474e+00
-1.221195088493244540e+00
-1.262876726923652271e+00
-1.306031555068911665e+00
-1.350709913406523244e+00
-1.396963919530246567e+00
-1.444847529071076719e+00
-1.494416598198768042e+00
-1.545728949187683554e+00
-1.598844437896508097e+00
-1.653825022979033887e+00
-1.710734838782894451e+00
-1.769640269882603256e+00
-1.830610028343608198e+00
-1.893715234211954757e+00
-1.959029498261871893e+00
-2.026629007753927514e+00
-2.096592615343525701e+00
-2.169001931150500884e+00
-2.243941417688748885e+00
-2.321498488634332613e+00
-2.401763610668667948e+00
-2.484830408568816207e+00
-2.570795775179203879e+00
-2.659759983544492723e+00
-2.751826804493729739e+00
-2.847103627159800698e+00
-2.945701584552333774e+00
-3.047735682883061070e+00
-3.153324935675830609e+00
-3.262592502811800355e+00
-3.375665833606637634e+00
-3.492676815758328779e+00
-3.613761929197909506e+00
-3.739062404821614560e+00
-3.868724389394693208e+00
-4.002899115863490564e+00
-4.141743079634902180e+00
-4.285418221038247211e+00
-4.434092113958799430e+00
-4.587938161331114983e+00
-4.747135797169588223e+00
-4.911870695620080163e+00
-5.082334987623983835e+00
-5.258727484560351328e+00
-5.441253909984298254e+00
-5.630127139622959298e+00
-5.825567449059147584e+00
-6.027802770855289261e+00
-6.237068959687616321e+00
-6.453610067576514453e+00
-6.677678627965783598e+00
-6.909535950113093072e+00
-7.149452423361549513e+00
-7.397707832399832206e+00
-7.654591682930289132e+00
-7.920403539067494947e+00
-8.195453372209218657e+00
-8.480061922196952651e+00
-8.774561070680000796e+00
-9.079294227801312900e+00
-9.394616732151330751e+00
-9.720896264323130254e+00
-1.005851327539140172e+01
-1.040786142959482241e+01
-1.076934806283468227e+01
-1.114339465690371966e+01
-1.153043732999350723e+01
-1.193092734446961956e+01
-1.234533163218331886e+01
-1.277413333769614745e+01
-1.321783238065386001e+01
-1.367694603768602946e+01
-1.415200954396037503e+01
-1.464357671612285117e+01
-1.515222059660201381e+01
-1.567853411992278900e+01
-1.622313080276071062e+01
-1.678664545709150602e+01
-1.736973492856493806e+01
-1.797307886019965650e+01
-1.859738048259256615e+01
-1.924336743135228645e+01
-1.991179259274597513e+01
-2.060343497903243914e+01
-2.131910063310531811e+01
-2.205962356563960469e+01
-2.282586672347280299e+01
-2.361872299224206628e+01
-2.443911623314823700e+01
-2.528800235588969869e+01
-2.616637042822840087e+01
-2.707524382430615617e+01
-2.801568141230263009e+01
-2.898877878291873245e+01
-2.999566952073913129e+01
-3.103752651902214410e+01
-3.211556333972345101e+01
-3.323103562089320917e+01
-3.438524253197341096e+01
-3.557952827960833275e+01
-3.681528366518290341e+01
-3.809394769595993324e+01
-3.941700925154732715e+01
-4.078600880798531136e+01
-4.220254022081933698e+01
-4.366825256942723854e+01
-4.518485206517043196e+01
-4.675410402432607526e+01
-4.837783490958485544e+01
-5.005793444098537748e+01
-5.179635777948927000e+01
-5.359512778536883104e+01
-5.545633735410605425e+01
-5.738215183206090586e+01
-5.937481151511303068e+01
-6.143663423269597956e+01
-6.357001801999810198e+01
-6.577744388192120084e+01
-6.806147865092584937e+01
-7.042477794295670890e+01
-7.287008921388857630e+01
-7.540025492024543041e+01
-7.801821578776248600e+01
-8.072701419090901709e+01
-8.352979764799545137e+01
-8.642982243418724408e+01
-8.943045731836058110e+01
-9.253518742582120638e+01
-9.574761823283238016e+01
-9.907147969577972901e+01
-1.025106305209080517e+02
-1.060690625777804144e+02
-1.097509054624484435e+02
-1.135604312142692152e+02
-1.175020591922281596e+02
-1.215803611149511028e+02
-1.258000662710389008e+02
-1.301660669040258540e+02
-1.346834237782516936e+02
-1.393573719317219002e+02
-1.441933266209564692e+02
-1.491968894654496864e+02
-1.543738547967627710e+02
-1.597302162196677102e+02
-1.652721733916648077e+02
-1.710061390280348803e+02
-1.769387461393930039e+02
-1.830768555092705583e+02
-1.894275634185961792e+02
-1.959982096261714162e+02
-2.027963856112380370e+02
-2.098299430880605598e+02
-2.171070027996638601e+02
-2.246359635997248745e+02
-2.324255118317579161e+02
-2.404846310135069416e+02
-2.488226118377484113e+02
-2.574490624965580423e+02
-2.663739193407291737e+02
-2.756074578831265853e+02
-2.851603041565454646e+02
-2.950434464364190603e+02
-3.052682473389114648e+02
-3.158464563052987160e+02
-3.267902224835510765e+02
-3.381121080184382208e+02
-3.498251017617060370e+02
-3.619426334140648578e+02
-3.744785881106452052e+02
-3.874473214623824333e+02
-4.008636750651575085e+02
-4.147429924898328295e+02
-4.291011357651071307e+02
-4.439545023666510133e+02
-4.593200427249846030e+02
-4.752152782656775116e+02
-4.916583199946762193e+02
-5.086678876423927136e+02
-5.262633293798440945e+02
-5.444646421203577802e+02
-5.632924924201224712e+02
-5.827682379916461741e+02
-6.029139498431557058e+02
-6.237524350572562071e+02
-6.453072602227778134e+02
-6.676027755326874740e+02
-6.906641395606051219e+02
-7.145173447298353722e+02
-7.391892434866362009e+02
-7.647075751899591296e+02
-7.911009937298541672e+02
-8.183990958857648366e+02
-8.466324504353465272e+02
-8.758326280244212967e+02
-9.060322318068953109e+02
-9.372649288645208117e+02
-9.695654824133089278e+02
-1.002969784803968651e+03
-1.037514891322371341e+03
-1.073239054794320737e+03
-1.110181760998015534e+03
-1.148383764885870505e+03
-1.187887127616254247e+03
-1.228735254393330024e+03
-1.270972933110693702e+03
-1.314646373794900683e+03
-1.359803248838597710e+03
-1.406492734014500911e+03
-1.454765550256314100e+03
-1.504674006190235787e+03
-1.556272041397078965e+03
-1.609615270383171492e+03
-1.664761027232045990e+03
-1.721768410906947338e+03
-1.780698331168658797e+03
-1.841613555068409596e+03
-1.904578753971740298e+03
-1.969660551061735305e+03
-2.036927569266541695e+03
-2.106450479548318071e+03
-2.178302049484130748e+03
-2.252557192063473849e+03
-2.329293014617994686e+03
-2.408588867791895154e+03
-2.490526394452775094e+03
-2.575189578433038605e+03
-2.662664792983033749e+03
-2.753040848806449503e+03
-2.846409041537342546e+03
-2.942863198507268407e+03
-3.042499724638578755e+03
-3.145417647286981719e+03
-3.251718659842724719e+03
-3.361507163886747549e+03
-3.474890309681574763e+03
-3.591978034762085827e+03
-3.712883100374529022e+03
-3.837721125495669639e+03
-3.966610618144356522e+03
-4.099673003681011323e+03
-4.237032649770136231e+03
-4.378816887660505017e+03
-4.525156029417488753e+03
-4.676183380720126479e+03
-4.832035248812400823e+03
-4.992850945176734967e+03
-5.158772782473070947e+03
-5.329946065262744014e+03
-5.506519074012894635e+03
-5.688643041850770715e+03
-5.876472123513403858e+03
-6.070163355911224244e+03
-6.269876609701066627e+03
-6.475774531234762435e+03
-6.688022474229398540e+03
-6.906788420475902058e+03
-7.132242888881157342e+03
-7.364558832115475525e+03
-7.603911520113872939e+03
-7.850478409660239777e+03
-8.104438999263325968e+03
-8.365974668517606915e+03
-8.635268501125829061e+03
-8.912505090750279123e+03
-9.197870328848806821e+03
-9.491551173648647818e+03
-9.793735399408893500e+03
-1.010461132512693803e+04
-1.042436752185240402e+04
-1.075319249778832273e+04
-1.109127436037852749e+04
-1.143880045461031477e+04
-1.179595697679589648e+04
-1.216292856314153505e+04
-1.253989785246654174e+04
-1.292704502249629513e+04
-1.332454729922957813e+04
-1.373257843896341183e+04
-1.415130818265657035e+04
-1.458090168242368782e+04
-1.502151890007218753e+04
-1.547331397773511344e+04
-1.593643458080141318e+04
-1.641102121351438473e+04
-1.689720650778919298e+04
-1.739511448600118092e+04
-1.790485979870871961e+04
-1.842654693850584954e+04
-1.896026943144681354e+04
-1.950610900774601760e+04
-2.006413475373584879e+04
-2.063440224735570882e+04
-2.121695267975351089e+04
-2.181181196589781393e+04
-2.241898984742929315e+04
-2.303847899131845406e+04
-2.367025408824334954e+04
-2.431427095494917739e+04
-2.497046564520593529e+04
-2.563875357432836972e+04
-2.631902866256941343e+04
-2.701116250303158813e+04
-2.771500356006563743e+04
-2.843037640442682823e+04
-2.915708099174102608e+04
-2.989489199108405592e+04
-3.064355817069333352e+04
-3.140280184800983989e+04
-3.217231841137614174e+04
-3.295177592079693568e+04
-3.374081479518563719e+04
-3.453904759347807703e+04
-3.534605889687795570e+04
-3.616140529930901539e+04
-3.698461551287833572e+04
-3.781519059479870339e+04
-3.865260430177411035e+04
-3.949630357731679396e+04
-4.034570917683476728e+04
-4.120021643460604537e+04
-4.205919617593909061e+04
-4.292199577691102604e+04
-4.378794037307838153e+04
-4.465633421747623652e+04
-4.552646218706451327e+04
-4.639759143555596529e+04
-4.726897318927653396e+04
-4.813984468137922522e+04
-4.900943121836755017e+04
-4.987694837150213425e+04
-5.074160428427749866e+04
-5.160260208578414313e+04
-5.245914239843111136e+04
-5.331042592721588881e+04
-5.415565611651116342e+04
-5.499404185920965392e+04
-5.582480024205112568e+04
-5.664715931006410392e+04
-5.746036083231195516e+04
-5.826366305054889381e+04
-5.905634339198644011e+04
-5.983770112715334835e+04
-6.060705995381357206e+04
-6.136377048809571716e+04
-6.210721264438517392e+04
-6.283679788614119752e+04
-6.355197133062082867e+04
-6.425221369151488034e+04
-6.493704304472053627e+04
-6.560601640387538646e+04
-6.625873109384610143e+04
-6.689482591208127269e+04
-6.751398206958179071e+04
-6.811592390518874163e+04
-6.870041936891543446e+04
0.000000000000000000e+00
0.000000000000000000e+00
0.000000000000000000e+00
0.000000000000000000e+00
0.000000000000000000e+00
0.000000000000000000e+00
0.000000000000000000e+00
0.000000000000000000e+00
0.000000000000000000e+00
0.000000000000000000e+00
0.000000000000000000e+00
0.000000000000000000e+00
0.000000000000000000e+00
0.000000000000000000e+00
0.000000000000000000e+00
0.000000000000000000e+00
0.000000000000000000e+00
0.000000000000000000e+00
0.000000000000000000e+00
0.000000000000000000e+00
0.000000000000000000e+00
0.000000000000000000e+00
0.000000000000000000e+00
0.000000000000000000e+00
0.000000000000000000e+00
0.000000000000000000e+00
0.000000000000000000e+00
0.000000000000000000e+00
0.000000000000000000e+00
0.000000000000000000e+00
0.000000000000000000e+00
0.000000000000000000e+00
0.000000000000000000e+00
0.000000000000000000e+00
0.000000000000000000e+00
0.000000000000000000e+00
0.000000000000000000e+00
0.000000000000000000e+00
0.000000000000000000e+00
0.000000000000000000e+00
0.000000000000000000e+00
0.000000000000000000e+00
0.000000000000000000e+00
0.000000000000000000e+00
0.000000000000000000e+00
0.000000000000000000e+00
0.000000000000000000e+00
0.000000000000000000e+00
0.000000000000000000e+00
0.000000000000000000e+00
0.000000000000000000e+00
0.000000000000000000e+00
0.000000000000000000e+00
0.000000000000000000e+00
0.000000000000000000e+00
0.000000000000000000e+00
0.000000000000000000e+00
0.000000000000000000e+00
0.000000000000000000e+00
0.000000000000000000e+00
0.000000000000000000e+00
0.000000000000000000e+00
0.000000000000000000e+00
0.000000000000000000e+00
0.000000000000000000e+00
0.000000000000000000e+00
0.000000000000000000e+00
0.000000000000000000e+00
0.000000000000000000e+00
0.000000000000000000e+00
0.000000000000000000e+00
0.000000000000000000e+00
0.000000000000000000e+00
0.000000000000000000e+00
0.000000000000000000e+00
0.000000000000000000e+00
0.000000000000000000e+00
0.000000000000000000e+00
0.000000000000000000e+00
0.000000000000000000e+00
0.000000000000000000e+00
0.000000000000000000e+00
0.000000000000000000e+00
0.000000000000000000e+00
0.000000000000000000e+00
0.000000000000000000e+00
0.000000000000000000e+00
0.000000000000000000e+00
0.000000000000000000e+00
0.000000000000000000e+00
0.000000000000000000e+00
0.000000000000000000e+00
0.000000000000000000e+00
0.000000000000000000e+00
0.000000000000000000e+00
0.000000000000000000e+00
0.000000000000000000e+00
0.000000000000000000e+00
0.000000000000000000e+00
0.000000000000000000e+00
0.000000000000000000e+00
