0	0.000000000116372	2	3.93033E-11	0.000000001	1000000000
0.004	8.49009E-11	2	-0.000000000259399	0.000000001	1000000000
0.008	8.27789E-11	2	-0.000000000223184	0.000000001	1000000000
0.012	8.15868E-11	2	-0.000000000190783	0.000000001	1000000000
0.016	8.06689E-11	2	-0.000000000168359	0.000000001	1000000000
0.02	0.000000000080955	2	-0.00000000014559	0.000000001	1000000000
0.024	8.15749E-11	2	-0.000000000123775	0.000000001	1000000000
0.028	8.12054E-11	2	-0.000000000103927	0.000000001	1000000000
0.032	7.85947E-11	2	-8.72374E-11	0.000000001	1000000000
0.036	7.90715E-11	2	-6.91175E-11	0.000000001	1000000000
0.04	0.000000000082159	2	-5.40257E-11	0.000000001	1000000000
0.044	8.01444E-11	2	-4.12345E-11	0.000000001	1000000000
0.048	7.90119E-11	2	-2.59638E-11	0.000000001	1000000000
0.052	7.88808E-11	2	-1.53899E-11	0.000000001	1000000000
0.056	8.14319E-11	2	-4.8995E-12	0.000000001	1000000000
0.06	8.03947E-11	2	6.96182E-12	0.000000001	1000000000
0.064	8.34346E-11	2	0.000000000015521	0.000000001	1000000000
0.068	8.02755E-11	2	2.48075E-11	0.000000001	1000000000
0.072	8.12888E-11	2	3.27349E-11	0.000000001	1000000000
0.076	8.26836E-11	2	4.01974E-11	0.000000001	1000000000
0.08	8.33392E-11	2	4.81844E-11	0.000000001	1000000000
0.084	8.38876E-11	2	5.65529E-11	0.000000001	1000000000
0.088	8.67248E-11	2	6.38604E-11	0.000000001	1000000000
0.092	8.74877E-11	2	0.000000000072515	0.000000001	1000000000
0.096	8.75115E-11	2	7.58529E-11	0.000000001	1000000000
0.1	8.78572E-11	2	8.35896E-11	0.000000001	1000000000
0.104	8.89301E-11	2	8.96573E-11	0.000000001	1000000000
0.108	8.96931E-11	2	0.000000000097692	0.000000001	1000000000
0.112	9.20892E-11	2	0.000000000103164	0.000000001	1000000000
0.116	9.61661E-11	2	0.000000000110018	0.000000001	1000000000
0.12	9.61781E-11	2	0.000000000116622	0.000000001	1000000000
0.124	9.85384E-11	2	0.000000000125563	0.000000001	1000000000
0.128	9.95159E-11	2	0.000000000129914	0.000000001	1000000000
0.132	0.000000000103152	2	0.000000000137174	0.000000001	1000000000
0.136	0.000000000104821	2	0.000000000142348	0.000000001	1000000000
0.14	0.000000000107086	2	0.000000000148547	0.000000001	1000000000
0.144	0.00000000011251	2	0.000000000157893	0.000000001	1000000000
0.148	0.000000000107741	2	0.00000000016377	0.000000001	1000000000
0.152	0.000000000115705	2	0.00000000017066	0.000000001	1000000000
0.156	0.000000000120533	2	0.000000000178599	0.000000001	1000000000
0.16	0.000000000126266	2	0.000000000186086	0.000000001	1000000000
0.164	0.000000000131965	2	0.000000000197184	0.000000001	1000000000
0.168	0.000000000137115	2	0.000000000199068	0.000000001	1000000000
0.172	0.000000000140226	2	0.000000000214922	0.000000001	1000000000
0.176	0.000000000150836	2	0.000000000225472	0.000000001	1000000000
0.18	0.000000000155628	2	0.000000000235701	0.000000001	1000000000
0.184	0.000000000165105	2	0.000000000243068	0.000000001	1000000000
0.188	0.000000000173867	2	0.000000000257921	0.000000001	1000000000
0.192	0.000000000181878	2	0.000000000271261	0.000000001	1000000000
0.196	0.000000000192082	2	0.000000000288999	0.000000001	1000000000
0.2	0.000000000204194	2	0.000000000298393	0.000000001	1000000000
0.204	0.000000000217283	2	0.00000000031904	0.000000001	1000000000
0.208	0.000000000230253	2	0.000000000337982	0.000000001	1000000000
0.212	0.000000000244713	2	0.000000000357926	0.000000001	1000000000
0.216	0.000000000262499	2	0.000000000381529	0.000000001	1000000000
0.22	0.000000000281835	2	0.000000000407934	0.000000001	1000000000
0.224	0.000000000305128	2	0.000000000432622	0.000000001	1000000000
0.228	0.000000000323188	2	0.000000000460863	0.000000001	1000000000
0.232	0.000000000350511	2	0.000000000490701	0.000000001	1000000000
0.236	0.000000000377834	2	0.00000000052371	0.000000001	1000000000
0.24	0.000000000410092	2	0.000000000561833	0.000000001	1000000000
0.244	0.000000000443399	2	0.000000000602102	0.000000001	1000000000
0.248	0.000000000481462	2	0.000000000648379	0.000000001	1000000000
0.252	0.00000000052191	2	0.000000000696516	0.000000001	1000000000
0.256	0.000000000569487	2	0.00000000075326	0.000000001	1000000000
0.26	0.00000000061909	2	0.000000000813997	0.000000001	1000000000
0.264	0.000000000673568	2	0.000000000880885	0.000000001	1000000000
0.268	0.000000000737762	2	0.000000000951672	0.000000001	1000000000
0.272	0.000000000802314	2	0.00000000103598	0.000000001	1000000000
0.276	0.000000000880241	2	0.00000000111907	0.000000001	1000000000
0.28	0.000000000961816	2	0.00000000122553	0.000000001	1000000000
0.284	0.00000000105213	2	0.00000000131809	0.000000001	1000000000
0.288	0.00000000115453	2	0.00000000144379	0.000000001	1000000000
0.292	0.00000000126393	2	0.00000000158123	0.000000001	1000000000
0.296	0.00000000138594	2	0.00000000172206	0.000000001	1000000000
0.3	0.00000000152117	2	0.00000000188352	0.000000001	1000000000
0.304	0.0000000016741	2	0.00000000205852	0.000000001	1000000000
0.308	0.00000000183811	2	0.00000000225242	0.000000001	1000000000
0.312	0.00000000202125	2	0.00000000247041	0.000000001010625	989486703.772418
0.316	0.00000000222175	2	0.00000000270241	0.000000001110875	900191290.649263
0.32	0.00000000244279	2	0.00000000296156	0.000000001221395	818735953.561297
0.324	0.00000000269052	2	0.00000000325351	0.00000000134526	743350727.740363
0.328	0.00000000296441	2	0.00000000357684	0.000000001482205	674670507.790758
0.332	0.00000000326453	2	0.00000000393058	0.000000001632265	612645618.205377
0.336	0.00000000357252	2	0.00000000432171	0.00000000178626	559828916.283184
0.34	0.0000000039641	2	0.00000000475671	0.00000000198205	504528140.057012
0.344	0.00000000436778	2	0.00000000523502	0.00000000218389	457898520.52988
0.348	0.00000000481714	2	0.0000000057678	0.00000000240857	415184113.395085
0.352	0.0000000053106	2	0.00000000634326	0.0000000026553	376605280.006026
0.356	0.00000000585687	2	0.00000000699133	0.000000002928435	341479322.57332
0.36	0.00000000642143	2	0.00000000771335	0.000000003210715	311457105.348809
0.364	0.00000000713085	2	0.00000000844357	0.000000003565425	280471472.545349
0.368	0.0000000078717	2	0.00000000936471	0.00000000393585	254074723.376145
0.372	0.00000000868355	2	0.0000000103301	0.000000004341775	230320548.623547
0.376	0.00000000958942	2	0.0000000113985	0.00000000479471	208563187.346054
0.38	0.0000000105862	2	0.0000000125679	0.0000000052931	188925204.511534
0.384	0.0000000116859	2	0.0000000138775	0.00000000584295	171146424.32333
0.388	0.0000000129077	2	0.0000000153111	0.00000000645385	154946272.380052
0.392	0.0000000142507	2	0.0000000168993	0.00000000712535	140343983.102584
0.396	0.0000000157234	2	0.0000000186528	0.0000000078617	127198951.880637
0.4	0.000000017262	2	0.0000000205845	0.000000008631	115861429.730043
0.404	0.0000000190783	2	0.000000022662	0.00000000953915	104831143.236033
0.408	0.000000021162	2	0.0000000250783	0.000000010581	94509025.6119459
0.412	0.0000000233548	2	0.0000000276078	0.0000000116774	85635501.0533167
0.416	0.0000000258085	2	0.0000000303941	0.00000001290425	77493848.9257415
0.42	0.0000000285167	2	0.000000033755	0.00000001425835	70134342.3327384
0.424	0.0000000313	2	0.000000037042	0.00000001565	63897763.5782748
0.428	0.0000000347432	2	0.0000000409704	0.0000000173716	57565221.3958415
0.432	0.0000000381841	2	0.0000000454039	0.00000001909205	52377822.1825315
0.436	0.0000000423673	2	0.0000000501584	0.00000002118365	47206218.0030354
0.44	0.0000000467316	2	0.0000000553158	0.0000000233658	42797593.0633661
0.444	0.0000000512758	2	0.0000000610195	0.0000000256379	39004754.6795954
0.448	0.0000000569267	2	0.0000000670151	0.00000002846335	35132898.9735924
0.452	0.0000000628135	2	0.0000000743339	0.00000003140675	31840289.1098251
0.456	0.0000000689388	2	0.0000000820203	0.0000000344694	29011238.9539708
0.46	0.0000000764557	2	0.0000000904835	0.00000003822785	26158939.0980659
0.464	0.0000000842193	2	0.0000000993908	0.00000004210965	23747525.8046552
0.468	0.0000000928774	2	0.000000113878	0.0000000464387	21533763.8650522
0.472	0.000000103945	2	0.000000120521	0.0000000519725	19240944.7303863
0.476	0.000000113159	2	0.000000133915	0.0000000565795	17674245.9724812
0.48	0.000000124484	2	0.000000147444	0.000000062242	16066321.7762925
0.484	0.000000137063	2	0.000000162433	0.0000000685315	14591830.0343638
0.488	0.000000150815	2	0.000000178808	0.0000000754075	13261280.3766204
0.492	0.000000165879	2	0.000000196787	0.0000000829395	12056981.2935935
0.496	0.000000182383	2	0.000000216352	0.0000000911915	10965934.3250193
0.5	0.00000020046	2	0.000000236859	0.00000010023	9977052.7786092
0.504	0.000000220066	2	0.00000026135	0.000000110033	9088182.63611826
0.508	0.00000024151	2	0.000000287193	0.000000120755	8281230.5908658
0.512	0.000000265035	2	0.000000315167	0.0000001325175	7546173.14694286
0.516	0.000000290596	2	0.000000346085	0.000000145298	6882407.19073903
0.52	0.000000318419	2	0.000000379256	0.0000001592095	6281032.22483583
0.524	0.000000346709	2	0.000000415226	0.0000001733545	5768526.34341768
0.528	0.00000038114	2	0.000000454606	0.00000019057	5247415.64779346
0.532	0.000000416583	2	0.000000495217	0.0000002082915	4800964.03357794
0.536	0.000000455179	2	0.000000543798	0.0000002275895	4393875.81588782
0.54	0.000000496802	2	0.000000594069	0.000000248401	4025748.68861236
0.544	0.000000541772	2	0.000000648342	0.000000270886	3691589.82007191
0.548	0.000000590486	2	0.00000070715	0.000000295243	3387040.50561741
0.552	0.000000642746	2	0.000000767673	0.000000321373	3111649.08066328
0.556	0.000000698238	2	0.000000839217	0.000000349119	2864352.84244054
0.56	0.00000075961	2	0.000000912345	0.000000379805	2632930.05621306
0.564	0.000000821827	2	0.000000991733	0.0000004109135	2433602.20581704
0.568	0.000000894058	2	0.00000107309	0.000000447029	2236991.33613255
0.572	0.000000969055	2	0.000001167	0.0000004845275	2063866.34401556
0.576	0.00000104809	2	0.00000126392	0.000000524045	1908233.07158736
0.58	0.00000113323	2	0.00000136797	0.000000566615	1764866.79667852
0.584	0.000001223	2	0.00000147711	0.0000006115	1635322.97628782
0.588	0.00000131848	2	0.00000159529	0.00000065924	1516898.24646563
0.592	0.00000142076	2	0.00000172132	0.00000071038	1407697.28877502
0.596	0.00000152896	2	0.00000185437	0.00000076448	1308078.69401423
0.6	0.00000164394	2	0.00000199587	0.00000082197	1216589.41323893
0.604	0.00000176155	2	0.00000214615	0.000000880775	1135363.74215889
0.608	0.00000189412	2	0.00000230401	0.00000094706	1055899.30944185
0.612	0.00000202901	2	0.00000247103	0.000001014505	985702.38687833
0.616	0.00000217159	2	0.00000264854	0.000001085795	920984.163677306
0.62	0.00000232229	2	0.00000283467	0.000001161145	861218.883085231
0.624	0.00000248037	2	0.00000303133	0.000001240185	806331.313473393
0.628	0.00000264618	2	0.00000323216	0.00000132309	755806.483308014
0.632	0.00000281971	2	0.00000345438	0.000001409855	709292.799614145
0.636	0.00000300267	2	0.00000368197	0.000001501335	666073.860930439
0.64	0.00000319145	2	0.00000391717	0.000001595725	626674.39565088
0.644	0.00000339004	2	0.00000416513	0.00000169502	589963.540253212
0.648	0.00000359755	2	0.00000442577	0.000001798775	555933.899459354
0.652	0.00000381311	2	0.0000046913	0.000001906555	524506.242935557
0.656	0.00000404068	2	0.00000498059	0.00000202034	494966.193808963
0.66	0.00000427422	2	0.00000526982	0.00000213711	467921.632484991
0.664	0.00000451997	2	0.00000558339	0.000002259985	442480.812925749
0.668	0.00000477373	2	0.00000590342	0.000002386865	418959.597631202
0.672	0.00000503751	2	0.00000623504	0.000002518755	397021.544374105
0.676	0.00000531072	2	0.00000657977	0.00000265536	376596.770306098
0.68	0.00000558883	2	0.00000693843	0.000002794415	357856.653360363
0.684	0.00000588733	2	0.00000730562	0.000002943665	339712.569195204
0.688	0.00000619225	2	0.00000769127	0.000003096125	322984.375630829
0.692	0.00000650388	2	0.00000809004	0.00000325194	307508.748623898
0.696	0.00000682773	2	0.00000849978	0.000003413865	292923.123790777
0.7	0.00000715937	2	0.00000891986	0.000003579685	279354.188985902
0.704	0.00000750454	2	0.00000935554	0.00000375227	266505.342099582
0.708	0.00000785921	2	0.00000980767	0.000003929605	254478.503564608
0.712	0.00000821984	2	0.000010274	0.00000410992	243313.738466929
0.716	0.00000860431	2	0.0000107504	0.000004302155	232441.648429682
0.72	0.00000898412	2	0.0000112393	0.00000449206	222615.014047007
0.724	0.0000093901	2	0.0000117457	0.00000469505	212990.276993855
0.728	0.0000097985	2	0.0000122727	0.00000489925	204112.874419554
0.732	0.0000102429	2	0.0000128107	0.00000512145	195257.202550059
0.736	0.0000106723	2	0.000013363	0.00000533615	187401.028831648
0.74	0.0000111144	2	0.0000139182	0.0000055572	179946.735766213
0.744	0.0000115685	2	0.0000145083	0.00000578425	172883.260578295
0.748	0.0000120334	2	0.0000151039	0.0000060167	166204.065351438
0.752	0.0000125116	2	0.0000157132	0.0000062558	159851.65766169
0.756	0.000013	2	0.0000163409	0.0000065	153846.153846154
0.76	0.0000134942	2	0.0000169714	0.0000067471	148211.824339346
0.764	0.0000140048	2	0.0000176261	0.0000070024	142808.180052553
0.768	0.000014526	2	0.0000182934	0.000007263	137684.152554041
0.772	0.0000150607	2	0.00001897	0.00000753035	132795.952379371
0.776	0.0000155996	2	0.0000196761	0.0000077998	128208.4156004
0.78	0.0000161638	2	0.0000203923	0.0000080819	123733.280540467
0.784	0.0000167324	2	0.0000211225	0.0000083662	119528.579283307
0.788	0.0000173108	2	0.0000218676	0.0000086554	115534.810638445
0.792	0.0000178969	2	0.0000226288	0.00000894845	111751.197134699
0.796	0.000018511	2	0.0000234065	0.0000092555	108043.865809519
0.8	0.0000191267	2	0.0000241998	0.00000956335	104565.868654812
