0	-0.000000000022316	-5	3.31163E-11	0.000000001	1000000000
-0.25	-1.72019E-11	-5	2.26378E-11	0.000000001	1000000000
-0.5	-0.000000000013411	-5	1.54495E-11	0.000000001	1000000000
-0.75	-1.05143E-11	-5	8.07047E-12	0.000000001	1000000000
-1	-9.56058E-12	-5	6.41346E-12	0.000000001	1000000000
-1.25	-8.35657E-12	-5	-6.79493E-13	0.000000001	1000000000
-1.5	-7.65324E-12	-5	-5.81622E-11	0.000000001	1000000000
-1.75	-3.02911E-11	-5	-0.000000000310934	0.000000001	1000000000
-2	-0.000000000190973	-5	-0.000000000629973	0.000000001	1000000000
-2.25	-0.000000000524032	-5	-0.000000000431061	0.000000001	1000000000
-2.5	-0.00000000105643	-5	-0.000000000193965	0.000000001	1000000000
-2.75	-0.00000000190282	-5	-8.73685E-11	0.000000001	1000000000
-3	-0.00000000305704	-5	-5.06878E-11	0.000000001	1000000000
-3.25	-0.00000000449034	-5	-3.43323E-11	0.000000001	1000000000
-3.5	-0.00000000618572	-5	-2.98262E-11	0.000000001237144	808313341.050031
-3.75	-0.00000000812937	-5	-2.55466E-11	0.000000001625874	615053811.05793
-4	-0.0000000103025	-5	-2.32458E-11	0.0000000020605	485319097.306479
-4.25	-0.0000000126852	-5	-2.72512E-11	0.00000000253704	394160123.608615
-4.5	-0.0000000152587	-5	-3.08752E-11	0.00000000305174	327681912.613788
-4.75	-0.0000000180109	-5	-2.66194E-11	0.00000000360218	277609669.700015
-5	-0.0000000209204	-5	-2.76566E-11	0.00000000418408	239001166.325692
-5.25	-0.0000000239831	-5	-2.86818E-11	0.00000000479662	208480138.097243
-5.5	-0.0000000272256	-5	-2.21848E-11	0.00000000544512	183650681.711331
-5.75	-0.0000000306033	-5	-2.23041E-11	0.00000000612066	163381073.282947
-6	-0.0000000341255	-5	-0.000000000029707	0.0000000068251	146517999.736268
-6.25	-0.0000000377856	-5	-5.06163E-11	0.00000000755712	132325542.00542
-6.5	-0.0000000415619	-5	-1.70112E-11	0.00000000831238	120302488.577279
-6.75	-0.0000000453755	-5	-3.83258E-11	0.0000000090751	110191623.232802
-7	-0.0000000491492	-5	-4.63843E-11	0.00000000982984	101731055.642818
-7.25	-0.0000000528272	-5	-3.85761E-11	0.00000001056544	94648211.527395
-7.5	-0.0000000563939	-5	-5.07593E-11	0.00000001127878	88662071.6070355
-7.75	-0.0000000598365	-5	-3.61323E-11	0.0000000119673	83561037.1595932
-8	-0.000000063192	-5	-3.96729E-11	0.0000000126384	79123939.7392075
-8.25	-0.0000000664986	-5	-1.70231E-11	0.00000001329972	75189552.862767
-8.5	-0.000000069717	-5	-0.000000000040555	0.0000000139434	71718519.1560165
-8.75	-0.0000000728458	-5	-0.000000000044477	0.00000001456916	68638136.9962304
-9	-0.0000000759	-5	-4.52876E-11	0.00000001518	65876152.8326746
-9.25	-0.0000000789034	-5	-5.48601E-11	0.00000001578068	63368625.4331246
-9.5	-0.0000000819213	-5	-3.29614E-11	0.00000001638426	61034187.6898926
-9.75	-0.0000000848679	-5	-1.04427E-11	0.00000001697358	58915090.3934232
-10	-0.0000000877918	-5	-3.94106E-11	0.00000001755836	56952927.2665556
-10.25	-0.0000000906444	-5	-3.56913E-11	0.00000001812888	55160605.6193212
-10.5	-0.0000000935075	-5	-2.20537E-11	0.0000000187015	53471646.6593589
-10.75	-0.0000000961844	-5	-3.01361E-11	0.00000001923688	51983481.7288458
-11	-0.0000000989035	-5	-3.68237E-11	0.0000000197807	50554328.2088096
-11.25	-0.000000103256	-5	-3.80039E-11	0.0000000206512	48423336.1741691
-11.5	-0.000000103996	-5	-4.43935E-11	0.0000000207992	48078772.2604716
-11.75	-0.000000106677	-5	-3.29256E-11	0.0000000213354	46870459.4242433
-12	-0.000000109352	-5	-2.12312E-11	0.0000000218704	45723900.7974248
-12.25	-0.000000111933	-5	-4.52518E-11	0.0000000223866	44669579.1232255
-12.5	-0.000000114407	-5	-2.28286E-11	0.0000000228814	43703619.5337698
-12.75	-0.000000117018	-5	-7.96318E-11	0.0000000234036	42728469.1244082
-13	-0.000000119478	-5	-6.17266E-11	0.0000000238956	41848708.5488542
-13.25	-0.000000122074	-5	-5.52058E-11	0.0000000244148	40958762.7176958
-13.5	-0.00000012469	-5	-0.000000000042522	0.000000024938	40099446.6276365
-13.75	-0.000000127082	-5	-3.88145E-11	0.0000000254164	39344675.0916731
-14	-0.000000129517	-5	-2.69532E-11	0.0000000259034	38604970.7760371
-14.25	-0.000000131932	-5	-4.29749E-11	0.0000000263864	37898311.2512506
-14.5	-0.000000134272	-5	-1.80721E-11	0.0000000268544	37237845.5672069
-14.75	-0.00000013685	-5	-0.000000000022471	0.00000002737	36536353.6719035
-15	-0.000000139098	-5	-8.64744E-11	0.0000000278196	35945879.8832478
-15.25	-0.0000001414	-5	-0.000000000093174	0.00000002828	35360678.9250354
-15.5	-0.000000143744	-5	-0.000000000018239	0.0000000287488	34784060.5520926
-15.75	-0.000000145958	-5	-1.3113E-13	0.0000000291916	34256429.9318982
-16	-0.000000148204	-5	-3.99947E-11	0.0000000296408	33737281.045046
-16.25	-0.000000150308	-5	-3.80874E-11	0.0000000300616	33265029.1401655
-16.5	-0.000000153022	-5	-2.75254E-11	0.0000000306044	32675040.1902994
-16.75	-0.000000155253	-5	-4.18782E-11	0.0000000310506	32205496.8341997
-17	-0.000000157662	-5	-4.34876E-11	0.0000000315324	31713412.236303
-17.25	-0.000000159902	-5	-2.52008E-11	0.0000000319804	31269152.3558179
-17.5	-0.000000162775	-5	0.000000000230801	0.000000032555	30717247.734603
-17.75	-0.000000163917	-5	-0.000000000221109	0.0000000327834	30503242.4946772
-18	-0.000000166484	-5	-4.81606E-12	0.0000000332968	30032916.0760193
-18.25	-0.000000168846	-5	-3.67761E-11	0.0000000337692	29612783.2462718
-18.5	-0.000000170802	-5	-0.000000000101721	0.0000000341604	29273661.9009145
-18.75	-0.000000173118	-5	-9.04441E-11	0.0000000346236	28882034.2194341
-19	-0.000000175358	-5	-2.98142E-11	0.0000000350716	28513098.9176428
-19.25	-0.000000177411	-5	-3.15309E-11	0.0000000354822	28183145.3517538
-19.5	-0.000000179811	-5	-1.76191E-11	0.0000000359622	27806975.1016345
-19.75	-0.00000018183	-5	-4.42982E-11	0.000000036366	27498212.6161799
-20	-0.000000183816	-5	-0.000000000043571	0.0000000367632	27201114.1576359
-20.25	-0.00000018582	-5	-4.91619E-11	0.000000037164	26907760.1980411
-20.5	-0.000000187825	-5	-5.02348E-11	0.000000037565	26620524.4243312
-20.75	-0.000000190036	-5	-8.44598E-11	0.0000000380072	26310804.2686649
-21	-0.000000192028	-5	-8.44836E-11	0.0000000384056	26037869.4773679
-21.25	-0.000000194211	-5	-8.92878E-11	0.0000000388422	25745194.6594168
-21.5	-0.000000196343	-5	-2.81572E-11	0.0000000392686	25465639.2130099
-21.75	-0.000000198412	-5	-5.28574E-11	0.0000000396824	25200088.7043122
-22	-0.000000200581	-5	-0.000000000109565	0.0000000401162	24927585.3645161
-22.25	-0.000000202665	-5	-6.37412E-11	0.000000040533	24671255.5201934
-22.5	-0.000000204537	-5	-8.94666E-11	0.0000000409074	24445454.8565785
-22.75	-0.000000206657	-5	-0.000000000111723	0.0000000413314	24194680.0737454
-23	-0.000000208566	-5	-0.000000000102627	0.0000000417132	23973226.700421
-23.25	-0.000000210714	-5	-4.29511E-11	0.0000000421428	23728845.7340281
-23.5	-0.000000212585	-5	-5.25355E-11	0.000000042517	23520003.7632006
-23.75	-0.000000214605	-5	-9.83834E-11	0.000000042921	23298618.3919294
-24	-0.000000216304	-5	-6.00696E-11	0.0000000432608	23115615.0602855
-24.25	-0.000000218282	-5	-0.000000000137675	0.0000000436564	22906148.9266179
-24.5	-0.000000220857	-5	-5.04613E-11	0.0000000441714	22639083.2076864
-24.75	-0.000000221833	-5	0.000000000051558	0.0000000443666	22539477.895534
-25	-0.0000002241	-5	-3.77417E-11	0.00000004482	22311468.0946006
-25.25	-0.000000225999	-5	-0.000000000045383	0.0000000451998	22123991.6990783
-25.5	-0.000000227863	-5	-0.000000000148082	0.0000000455726	21943009.6154268
-25.75	-0.000000229525	-5	-2.40207E-11	0.000000045905	21784119.3769742
-26	-0.000000231698	-5	-6.05226E-11	0.0000000463396	21579815.1041442
-26.25	-0.000000233322	-5	-9.46164E-11	0.0000000466644	21429612.2954543
-26.5	-0.000000234929	-5	-6.48141E-11	0.0000000469858	21283025.9354954
-26.75	-0.000000236693	-5	-5.08189E-11	0.0000000473386	21124410.1008479
-27	-0.000000238493	-5	-0.000000000103903	0.0000000476986	20964975.9112427
-27.25	-0.000000240881	-5	-4.51922E-11	0.0000000481762	20757137.3416749
-27.5	-0.000000242261	-5	-6.81758E-11	0.0000000484522	20638897.7177507
-27.75	-0.000000243858	-5	-9.02534E-11	0.0000000487716	20503735.7806592
-28	-0.000000246066	-5	-7.30991E-11	0.0000000492132	20319751.6113563
-28.25	-0.000000247762	-5	-4.52638E-11	0.0000000495524	20180657.2436451
-28.5	-0.000000249892	-5	-6.85334E-11	0.0000000499784	20008643.7340931
-28.75	-0.000000251335	-5	-0.000000000134325	0.000000050267	19893767.2827103
-29	-0.000000253048	-5	-6.02126E-11	0.0000000506096	19759097.0882995
-29.25	-0.000000254937	-5	-0.000000000109529	0.0000000509874	19612688.6250329
-29.5	-0.000000256659	-5	-0.000000000048697	0.0000000513318	19481101.3835478
-29.75	-0.0000002588	-5	-0.000000000133073	0.00000005176	19319938.1761978
-30	-0.00000025987	-5	1.40548E-11	0.000000051974	19240389.425482
-30.25	-0.00000026178	-5	-0.000000000104868	0.000000052356	19100007.6400031
-30.5	-0.000000263596	-5	0.000000000010848	0.0000000527192	18968421.3720997
-30.75	-0.000000264696	-5	-1.68681E-11	0.0000000529392	18889594.100402
-31	-0.000000266923	-5	-0.00000000011692	0.0000000533846	18731993.8708916
-31.25	-0.000000268838	-5	-0.000000000112045	0.0000000537676	18598561.2153044
-31.5	-0.000000270212	-5	-0.000000000105965	0.0000000540424	18503989.4601276
-31.75	-0.000000271571	-5	-0.000000000059104	0.0000000543142	18411391.4961465
-32	-0.000000273021	-5	-7.04169E-11	0.0000000546042	18313609.5758202
-32.25	-0.000000274818	-5	-8.74043E-11	0.0000000549636	18193859.2086399
-32.5	-0.000000276183	-5	2.97904E-11	0.0000000552366	18103938.3307445
-32.75	-0.000000278008	-5	-0.00000000010668	0.0000000556016	17985093.9541308
-33	-0.000000279943	-5	-8.39233E-11	0.0000000559886	17860778.8013989
-33.25	-0.0000002821	-5	-4.34518E-11	0.00000005642	17724211.2725984
-33.5	-0.000000283304	-5	3.20673E-12	0.0000000566608	17648886.0023155
-33.75	-0.000000285588	-5	3.19719E-11	0.0000000571176	17507738.4203818
-34	-0.000000287048	-5	-5.94258E-11	0.0000000574096	17418689.5571472
-34.25	-0.000000288105	-5	-0.000000000092411	0.000000057621	17354783.8461672
-34.5	-0.000000289731	-5	-0.00000000011586	0.0000000579462	17257387.0245158
-34.75	-0.000000291303	-5	-7.66754E-11	0.0000000582606	17164258.5211961
-35	-0.000000292773	-5	-5.34296E-11	0.0000000585546	17078077.5549658
-35.25	-0.000000294108	-5	-5.69344E-11	0.0000000588216	17000557.6182899
-35.5	-0.000000295598	-5	-8.48293E-11	0.0000000591196	16914864.1059818
-35.75	-0.000000297222	-5	-9.77039E-11	0.0000000594444	16822442.4840691
-36	-0.000000298672	-5	-0.000000000120497	0.0000000597344	16740772.4862056
-36.25	-0.000000300296	-5	-8.11815E-11	0.0000000600592	16650238.4314143
-36.5	-0.000000301443	-5	-5.50985E-11	0.0000000602886	16586883.7558013
-36.75	-0.000000302862	-5	-7.48634E-11	0.0000000605724	16509169.1925696
-37	-0.000000304599	-5	-8.02398E-11	0.0000000609198	16415024.3434811
-37.25	-0.000000306025	-5	2.12431E-11	0.000000061205	16338534.4334613
-37.5	-0.000000307251	-5	-1.92881E-11	0.0000000614502	16273340.0379494
-37.75	-0.000000308781	-5	-0.000000000111747	0.0000000617562	16192706.1574384
-38	-0.000000309301	-5	-8.15034E-11	0.0000000618602	16165482.8144752
-38.25	-0.00000031225	-5	-4.13895E-11	0.00000006245	16012810.2481986
-38.5	-0.00000031338	-5	-4.98533E-11	0.000000062676	15955070.5214117
-38.75	-0.00000031486	-5	3.29971E-11	0.000000062972	15880073.6835419
-39	-0.00000031626	-5	-0.000000000222969	0.000000063252	15809776.7659521
-39.25	-0.000000317756	-5	-1.99437E-11	0.0000000635512	15735344.1005048
-39.5	-0.000000318799	-5	-8.45313E-11	0.0000000637598	15683863.5001992
-39.75	-0.000000320775	-5	-7.22408E-11	0.000000064155	15587249.6298028
-40	-0.000000321896	-5	-0.000000000110066	0.0000000643792	15532967.1695206
-40.25	-0.000000323431	-5	-8.02994E-11	0.0000000646862	15459247.8766723
-40.5	-0.00000032455	-5	-8.51154E-11	0.00000006491	15405946.6954244
-40.75	-0.000000325792	-5	-0.000000000153649	0.0000000651584	15347215.4012376
-41	-0.000000327485	-5	-0.000000000163543	0.000000065497	15267874.8644976
-41.25	-0.000000328648	-5	-8.22067E-11	0.0000000657296	15213845.816801
-41.5	-0.000000330206	-5	-0.000000000105309	0.0000000660412	15142062.8335039
-41.75	-0.000000331293	-5	-7.63297E-11	0.0000000662586	15092380.4608006
-42	-0.000000333456	-5	-6.81877E-11	0.0000000666912	14994482.0306127
-42.25	-0.000000334141	-5	-0.000000000128317	0.0000000668282	14963742.8510719
-42.5	-0.000000335212	-5	-1.54853E-11	0.0000000670424	14915933.7971194
-42.75	-0.000000337388	-5	-9.45926E-11	0.0000000674776	14819732.7705787
-43	-0.000000338622	-5	-4.62055E-11	0.0000000677244	14765726.9758019
-43.25	-0.000000339449	-5	-0.000000000131166	0.0000000678898	14729753.2177146
-43.5	-0.000000341035	-5	-0.000000000126529	0.000000068207	14661251.7776768
-43.75	-0.000000342601	-5	-9.72986E-11	0.0000000685202	14594236.4441435
-44	-0.000000344288	-5	-0.000000000146294	0.0000000688576	14522725.1603309
-44.25	-0.000000345854	-5	-0.000000000139248	0.0000000691708	14456967.3908644
-44.5	-0.000000347773	-5	-0.000000000105822	0.0000000695546	14377194.319283
-44.75	-0.000000348713	-5	-0.000000000154698	0.0000000697426	14338438.7734326
-45	-0.000000351224	-5	-0.000000000191092	0.0000000702448	14235929.2075712
-45.25	-0.000000352123	-5	-0.000000000107729	0.0000000704246	14199583.6682068
-45.5	-0.000000352974	-5	-8.12888E-11	0.0000000705948	14165349.2891828
-45.75	-0.000000353766	-5	-5.72801E-11	0.0000000707532	14133636.3584969
-46	-0.000000355387	-5	-5.05209E-11	0.0000000710774	14069169.6657447
-46.25	-0.000000356358	-5	-8.40306E-11	0.0000000712716	14030834.1611525
-46.5	-0.000000358383	-5	-0.000000000212014	0.0000000716766	13951554.6217315
-46.75	-0.000000358858	-5	-0.000000000153792	0.0000000717716	13933087.7394401
-47	-0.000000360403	-5	-0.000000000049305	0.0000000720806	13873358.4348632
-47.25	-0.00000036129	-5	-9.72271E-11	0.000000072258	13839298.0708019
-47.5	-0.000000362726	-5	-0.000000000110161	0.0000000725452	13784509.5195823
-47.75	-0.00000036401	-5	-0.000000000110865	0.000000072802	13735886.3767479
-48	-0.000000365666	-5	-7.62343E-11	0.0000000731332	13673680.3531091
-48.25	-0.000000366817	-5	-0.00000000009408	0.0000000733634	13630775.018606
-48.5	-0.000000366993	-5	-4.02093E-11	0.0000000733986	13624238.0644862
-48.75	-0.000000368815	-5	-0.000000000123823	0.000000073763	13556932.3373507
-49	-0.000000370926	-5	-0.000000000172508	0.0000000741852	13479777.6375881
-49.25	-0.000000370632	-5	-0.000000000153971	0.0000000741264	13490470.3317576
-49.5	-0.000000372961	-5	-0.000000000121474	0.0000000745922	13406227.4607801
-49.75	-0.000000373685	-5	-8.87036E-11	0.000000074737	13380253.4219998
-50	-0.000000374877	-5	-0.000000000122201	0.0000000749754	13337708.1015907
