-10	-0.00000000638038	0	0	2.17895097	4.59326216	2.41431119	0	-411939616655.172	0	0
-10.5	-3.24011E-11	0	0	2.52519628	3.99864823	1.47345195	0	-432536597487.93	0	0
-11	-1.36495E-11	0	0	2.95068264	3.48731861	0.53663597	0	-453133578320.689	0	0
-11.5	6.60419E-12	0	0	3.45492876	3.9886225	0.53369374	0	-473730559153.448	0	0
-12	5.37038E-11	0	0	3.81940456	4.26569182	0.44628726	0	-494327539986.206	0	0
-12.5	-7.76649E-11	0	0	4.08290658	4.54300655	0.46009997	0	-514924520818.965	0	0
-13	-8.90493E-12	0	0	4.34508553	4.81928755	0.47420202	0	-535521501651.723	0	0
-13.5	-1.21117E-11	0	0	4.6092113	5.09619534	0.48698404	0	-556118482484.482	0	0
-14	-8.89421E-11	0	0	4.86997683	5.37012337	0.50014654	0	-576715463317.24	0	0
-14.5	-7.44462E-11	0	0	5.12901029	5.64242846	0.51341817	0	-597312444149.999	0	0
-15	-9.58204E-11	0	0	5.38394471	5.90972172	0.525777010000001	0	-617909424982.758	0	0
-15.5	-0.000000000102496	0	0	5.63563402	6.17671878	0.54108476	0	-638506405815.516	0	0
-16	-5.28932E-11	0	0	5.88512459	6.43963777	0.55451318	0	-659103386648.275	0	0
-16.5	7.15256E-14	0	0	6.13288337	6.70292357	0.5700402	0	-679700367481.033	0	0
-17	4.44889E-11	0	0	6.38062359	6.96281529	0.5821917	0	-700297348313.792	0	0
-17.5	-0.000000000108349	0	0	6.62621943	7.22380925	0.59758982	0	-720894329146.551	0	0
-18	-0.000000000140345	0	0	6.8669164	7.47751605	0.61059965	0	-741491309979.309	0	0
-18.5	-2.09212E-11	0	0	7.10383913	7.72858877	0.62474964	0	-762088290812.068	0	0
-19	4.14848E-11	0	0	7.3371408	7.9778479	0.6407071	0	-782685271644.827	0	0
-19.5	-0.00000000242306	-0.0000002	-33.5572	7.63447119	8.284169	0.64969781	-6.79194531993266E-08	-803282252477.585	0.527734679093447	0
-20	-0.00000000284158	-0.0000002	-12.5606	7.66757034	8.14767576	0.48010542	-9.19113139776676E-08	-823879233310.344	0.696297833164149	0
-20.5	-0.00000000162703	-0.0000002	-11.3137	7.3190158	7.65318228	0.33416648	-1.3205130568452E-07	-844476214143.102	0.975988955539687	0
-21	-0.00000000116121	-0.0000002	-10.4824	6.74549046	7.05550966	0.3100192	-1.42336732692685E-07	-865073194975.861	1.02696055333827	0
-21.5	-0.00000000111427	-0.0000002	-9.7789	6.33965071	6.62526953	0.28561882	-1.54496541929555E-07	-885670175808.619	1.08877055623365	0
-22	-0.000000000608265	-0.0000002	-9.24948	6.00273461	6.26447086	0.26173625	-1.68593842083395E-07	-906267156641.378	1.16111461489941	0
-22.5	-0.000000000683093	-0.0000002	-8.75114	5.70111294	5.94706042	0.24594748	-1.79416841351658E-07	-926864137474.137	1.20819421785628	0
-23	-0.000000000565386	-0.0000002	-8.34852	5.43229312	5.658733	0.22643988	-1.94873447203735E-07	-947461118306.895	1.28375129910234	0
-23.5	-0.000000000450099	-0.0000002	-7.9694	5.18045933	5.39564918	0.215189850000001	-2.0506134466844E-07	-968058099139.654	1.32212343435487	0
-24	-0.000000000436533	-0.0000002	-7.65436	4.95630178	5.16073295	0.204431169999999	-2.1585318911984E-07	-988655079972.412	1.36270952727172	0
-24.5	-0.000000000493503	-0.0000002	-7.35644	4.75782683	4.95258997	0.19476314	-2.26568127829527E-07	-1009252060805.17	1.40116343741204	0
-25	-0.000000000456607	-0.0000002	-7.10238	4.57525372	4.76266096	0.18740724	-2.35461127328912E-07	-1029849041637.93	1.42703713532674	0
-25.5	-0.000000000179136	-0.0000002	-6.86726	4.40404254	4.58263799	0.17859545	-2.47078634982022E-07	-1050446022470.69	1.46808458099835	0
-26	-0.000000000491869	-0.0000002	-6.63736	4.24921254	4.42080117	0.17158863	-2.57168088584891E-07	-1071043003303.45	1.49864853487699	0
-26.5	-0.000000000187898	-0.0000002	-6.43885	4.11292077	4.27854207	0.165621300000001	-2.66433846371208E-07	-1091639984136.21	1.52334960761125	0
-27	-0.000000000152934	-0.0000002	-6.27081	3.98571947	4.14651414	0.16079467	-2.7443148457595E-07	-1112236964968.96	1.54001955429826	0
-27.5	-0.000000000198412	-0.0000002	-6.13853	3.87858619	4.03724364	0.15865745	-2.78128256819961E-07	-1132833945801.72	1.53238708991714	0
-28	-9.15766E-11	-0.0000002	-5.98572	3.78396289	3.93848442	0.15452153	-2.85572631852662E-07	-1153430926634.48	1.54530644941917	0
-28.5	-0.000000000133204	-0.0000002	-5.86091	3.70133531	3.85171075	0.15037544	-2.93446323415579E-07	-1174027907467.24	1.56005488259213	0
-29	0.000000000223458	-0.0000002	-5.76351	3.62734703	3.77506577	0.14771874	-2.9872391275474E-07	-1194624888300	1.56073099662873	0
-29.5	-0.000000000140309	-0.0000002	-5.65086	3.56318263	3.70650401	0.14332138	-3.07889304442924E-07	-1215221869132.76	1.58135235974794	0
-30	-0.000000000126004	-0.0000002	-5.54653	3.49987323	3.63838392	0.13851069	-3.18582775091222E-07	-1235818849965.52	1.60900391460213	0
-30.5	-6.14762E-11	-0.0000002	-5.45569	3.4378871	3.57365732	0.13577022	-3.25013246645693E-07	-1256415830798.27	1.61457151835913	0
-31	-0.000000000194597	-0.0000002	-5.38447	3.38572681	3.51787052	0.13214371	-3.33932806941776E-07	-1277012811631.03	1.63212515611816	0
-31.5	0.000000000114799	-0.0000002	-5.27703	3.33397702	3.46175564	0.12777862	-3.45340402017176E-07	-1297609792463.79	1.66108899479161	0
-32	-0.000000000206172	-0.0000002	-5.20953	3.28307057	3.4070397	0.12396913	-3.55952485913227E-07	-1318206773296.55	1.6853810886043	0
-32.5	-3.35455E-11	-0.0000002	-5.14581	3.23803494	3.3612074	0.12317246	-3.58254759221338E-07	-1338803754129.31	1.67018535767524	0
-33	2.12669E-11	-0.0000002	-5.05869	3.1942833	3.31341076	0.11912746	-3.70419381056223E-07	-1359400734962.07	1.70073177711764	0
-33.5	2.40803E-11	-0.0000002	-4.99277	3.15052053	3.26573432	0.11521379	-3.83002069457137E-07	-1379997715794.83	1.73225721147507	0
-34	-0.000000000208139	-0.0000002	-4.92816	3.10649053	3.21982835	0.11333782	-3.89341527832457E-07	-1400594696627.58	1.73503354649045	0
-34.5	-0.000000000131333	-0.0000002	-4.85064	3.06276741	3.17262868	0.10986127	-4.01662205434182E-07	-1421191677460.34	1.76399738881942	0
-35	-4.59552E-11	-0.0000002	-4.80349	3.02485454	3.13443087	0.10957633	-4.02706679444366E-07	-1441788658293.1	1.74331895863362	0
-35.5	-0.000000000173807	-0.0000002	-4.74071	2.99264324	3.09939106	0.10674782	-4.13377247422946E-07	-1462385639125.86	1.76430750073814	0
-36	-7.01189E-11	-0.0000002	-4.68631	2.95916683	3.06308263	0.1039158	-4.24643028297911E-07	-1482982619958.62	1.78721813256697	0
-36.5	-0.000000000224888	-0.0000002	-4.62894	2.9267602	3.02994976	0.10318956	-4.27631632502357E-07	-1503579600791.38	1.77514168743195	0
-37	6.12736E-11	-0.0000002	-4.58348	2.89922909	2.99964264	0.10041355	-4.39453838650262E-07	-1524176581624.14	1.79956526883809	0
-37.5	-7.91073E-11	-0.0000002	-4.53712	2.86987545	2.96641107	0.09653562	-4.57107127918171E-07	-1544773562456.89	1.84689748653807	0
-38	-4.14371E-11	-0.0000002	-4.48166	2.83794133	2.9340871	9.61457700000001E-02	-4.58960597018464E-07	-1565370543289.65	1.82998643149308	0
-38.5	-0.000000000156403	-0.0000002	-4.44872	2.81142742	2.90541938	9.39919600000003E-02	-4.69477602126819E-07	-1585967524122.41	1.8476096108887	0
-39	-0.000000000167191	-0.0000002	-4.40025	2.78681348	2.87865447	9.18409899999997E-02	-4.8047304368126E-07	-1606564504955.17	1.86663964134134	0
-39.5	-0.000000000233853	-0.0000002	-4.35677	2.76066585	2.85084162	9.01757700000001E-02	-4.89345641295882E-07	-1627161485787.93	1.8770450375753	0
-40	-0.000000000137389	-0.0000002	-4.32466	2.73419273	2.82337311	8.91803799999997E-02	-4.94807490167682E-07	-1647758466620.69	1.8742707960897	0
-40.5	-0.000000000332391	-0.0000002	-4.27565	2.7116591	2.79866627	8.70071700000001E-02	-5.07166478348852E-07	-1668355447453.45	1.89736804470203	0
-41	-0.000000000157857	-0.0000002	-4.24484	2.68966971	2.77561817	0.08594846	-5.13413736557932E-07	-1688952428286.2	1.89731609962281	0
-41.5	-7.28726E-11	-0.0000002	-4.21563	2.66887967	2.75366697	8.47872999999999E-02	-5.204449251244E-07	-1709549409118.96	1.90012751049434	0
-42	-0.000000000150418	-0.0000002	-4.17093	2.64859759	2.73105128	8.24536899999999E-02	-5.35174593156474E-07	-1730146389951.72	1.93064427545626	0
-42.5	-3.93033E-11	-0.0000002	-4.13377	2.62659926	2.70644387	7.98446100000003E-02	-5.52662477780276E-07	-1750743370784.48	1.97027621312041	0
-43	-5.63264E-11	-0.0000002	-4.10271	2.60193611	2.68129689	0.07936078	-5.56031833356476E-07	-1771340351617.24	1.95923831344777	0
-43.5	-2.96712E-11	-0.0000002	-4.06994	2.58107171	2.65961232	7.85406100000001E-02	-5.61838264306833E-07	-1791937332450	1.95694275272321	0
-44	-0.000000000297785	-0.0000002	-4.03838	2.56247016	2.64042016	0.07795	-5.66095189223862E-07	-1812534313282.76	1.94936359925572	0
-44.5	-1.53422E-11	-0.0000002	-4.00995	2.54482664	2.62086327	7.60366299999999E-02	-5.8034029125173E-07	-1833131294115.51	1.97596285751355	0
-45	-0.000000000143886	-0.0000002	-3.97995	2.52623961	2.60160607	7.53664599999997E-02	-5.85500765194493E-07	-1853728274948.27	1.97138304779291	0
-45.5	-0.00000000019815	-0.0000002	-3.93916	2.50573828	2.5793589	7.36206199999998E-02	-5.99385335249827E-07	-1874325255781.03	1.99595516233709	0
-46	2.37226E-11	-0.0000002	-3.90889	2.4863506	2.5594095	7.30588999999999E-02	-6.03993763935674E-07	-1894922236613.79	1.98943927515044	0
-46.5	-0.000000000162065	-0.0000002	-3.89004	2.47054273	2.54302117	7.24784399999998E-02	-6.08830984772853E-07	-1915519217446.55	1.9838090087092	0
-47	-8.08716E-11	-0.0000002	-3.86499	2.45550253	2.52715513	7.16526000000002E-02	-6.15848133912794E-07	-1936116198279.31	1.98532602808767	0
-47.5	-0.000000000179791	-0.0000002	-3.8374	2.44180721	2.51102818	6.92209699999999E-02	-6.37481965363965E-07	-1956713179112.07	2.03343529621679	0
-48	4.98295E-12	-0.0000002	-3.81299	2.42463174	2.49362227	6.89905299999998E-02	-6.3961126258923E-07	-1977310159944.82	2.01897494504176	0
-48.5	-0.000000000152254	-0.0000002	-3.78461	2.40924537	2.47697488	6.77295100000004E-02	-6.51519847109476E-07	-1997907140777.58	2.03536347113238	0
-49	-0.000000000243151	-0.0000002	-3.76226	2.39579324	2.46320415	0.06741091	-6.54599084925571E-07	-2018504121610.34	2.02411590886076	0
-49.5	-9.38296E-11	-0.0000002	-3.73933	2.38078457	2.44629216	6.55075900000002E-02	-6.73618431085617E-07	-2039101102443.1	2.06188684140073	0
-50	-0.000000000195622	-0.0000002	-3.71016	2.36450904	2.42853964	6.40305999999997E-02	-6.89156746930377E-07	-2059698083275.86	2.0883537785769	0
-50.5	-0.000000000352728	-0.0000002	-3.68364	2.3479849	2.41217721	6.41923099999997E-02	-6.87420658331196E-07	-2080295064108.62	2.06246822181577	0
-51	-0.000000000172949	-0.0000002	-3.66671	2.3340616	2.39807309	6.40114899999999E-02	-6.89362487890846E-07	-2100892044941.38	2.04801689807144	0
-51.5	-0.00000000010587	-0.0000002	-3.64517	2.32320909	2.3871307	0.06392161	-6.90331798588928E-07	-2121489025774.13	2.03098499143551	0
-52	7.53403E-12	-0.0000002	-3.63119	2.31295316	2.37534093	0.06238777	-7.07304011667672E-07	-2142086006606.89	2.0609091249058	0
-52.5	-0.000000000287044	-0.0000002	-3.61319	2.30303687	2.36458555	0.06154868	-7.169466510086E-07	-2162682987439.65	2.06911010392092	0
-53	7.24554E-11	-0.0000002	-3.59757	2.29369278	2.35392406	0.06023128	-7.32627963410374E-07	-2183279968272.41	2.09441956378037	0
-53.5	-0.000000000213635	-0.0000002	-3.58323	2.28404031	2.34331522	5.92749100000001E-02	-7.44448536488709E-07	-2203876949105.17	2.10832210843588	0
-54	-0.000000000111353	-0.0000002	-3.55686	2.27270077	2.33112276	5.84219899999998E-02	-7.55316961986405E-07	-2224473929937.93	2.11929562846915	0
-54.5	-9.60827E-11	-0.0000002	-3.53479	2.26028742	2.31736702	5.70795999999998E-02	-7.73080400002806E-07	-2245070910770.69	2.14923658605173	0
-55	4.18544E-11	-0.0000002	-3.51731	2.24608384	2.30301902	0.05693518	-7.75041371608907E-07	-2265667891603.45	2.13510019726972	0
-55.5	1.70827E-11	-0.0000002	-3.49627	2.23346815	2.28904574	0.05557759	-7.93973254327869E-07	-2286264872436.2	2.16754915186423	0
-56	-0.000000000181127	-0.0000002	-3.47134	2.2198017	2.27577477	5.59730699999998E-02	-7.88363404044125E-07	-2306861853268.96	2.13301786808476	0
-56.5	-6.47664E-11	-0.0000002	-3.45567	2.2090325	2.26377186	5.47393599999997E-02	-8.06131456414548E-07	-2327458834101.72	2.16178990725274	0
-57	-0.000000000159907	-0.0000002	-3.45295	2.20065978	2.25612568	5.54658999999997E-02	-7.95572054181041E-07	-2348055814934.48	2.11475825141159	0
-57.5	-0.000000000186396	-0.0000002	-3.4317	2.19416679	2.24905464	5.48878500000001E-02	-8.03950601089311E-07	-2368652795767.24	2.1184469066912	0
-58	-6.09279E-11	-0.0000002	-3.41912	2.18767652	2.24020404	5.25275199999999E-02	-8.40076211479241E-07	-2389249776600	2.19455645631986	0
-58.5	-1.86801E-11	-0.0000002	-3.40537	2.17815655	2.2306584	5.25018499999996E-02	-8.40486954269236E-07	-2409846757432.76	2.17686338842071	0
-59	-4.34756E-11	-0.0000002	-3.38791	2.16787325	2.2190859	5.12126500000001E-02	-8.61644925618962E-07	-2430443738265.51	2.21275019419353	0
-59.5	-0.0000000001894	-0.0000002	-3.37558	2.15866249	2.21023407	5.15715799999996E-02	-8.55648013886725E-07	-2451040719098.27	2.17888468012917	0
-60	-0.00000000029912	-0.0000002	-3.35677	2.15184523	2.20417578	5.23305499999998E-02	-8.43238223179389E-07	-2471637699931.03	2.12938945247321	0
