0	1.23024E-11	0	0.000000000244582	0	0
0.02	0.000000000104904	0	9.77993E-11	0.0000000052452	190650499.504309
0.04	0.000000000167406	0	0.000000000136375	0.00000000418515	238940061.885476
0.06	2.69055E-11	0	0.000000000192904	0.000000000448425	2230027317.83464
0.08	0.000000000119293	0	0.000000000266635	1.4911625E-09	670617722.749868
0.1	0.000000000450647	0	0.000000000362611	0.00000000450647	221903174.768721
0.12	0.00000000035696	0	0.000000000473082	2.97466666666667E-09	336172120.125504
0.14	0.000000000696611	0	0.000000000596118	4.97579285714286E-09	200972996.40689
0.16	0.00000000078783	0	0.000000000733125	4.9239375E-09	203089499.003592
0.18	0.000000000957012	0	0.000000000876904	5.31673333333333E-09	188085415.856854
0.2	0.00000000115699	0	0.00000000102072	0.00000000578495	172862341.074685
0.22	0.00000000135574	0	0.00000000116265	6.16245454545455E-09	162273002.198062
0.24	0.00000000171716	0	0.00000000128748	7.15483333333333E-09	139765659.577442
0.26	0.00000000239493	0	0.00000000136383	9.21126923076923E-09	108562671.977887
0.28	0.00000000304124	0	0.00000000136534	1.08615714285714E-08	92067709.2238692
0.3	0.00000000374002	0	0.00000000123017	1.24667333333333E-08	80213474.7942524
0.32	0.00000000506413	0	0.000000000876176	1.582540625E-08	63189531.0744392
0.34	0.00000000703928	0	0.000000000160885	2.07037647058824E-08	48300394.3585139
0.36	0.0000000104412	0	-0.00000000112467	2.90033333333333E-08	34478795.5407424
0.38	0.0000000158169	0	-0.00000000328289	4.16234210526316E-08	24024935.3539568
0.4	0.0000000248106	0	-0.00000000667048	0.0000000620265	16122141.3428132
0.42	0.0000000399088	0	-0.0000000118958	9.50209523809524E-08	10523994.7079341
0.44	0.0000000649387	0	-0.0000000202038	1.47587954545455E-07	6775620.70075317
0.46	0.000000102141	0	-0.0000000331413	2.22045652173913E-07	4503578.3867399
0.48	0.000000156797	0	-0.000000050625	3.26660416666667E-07	3061283.06026263
0.5	0.000000203945	0	-0.0000000670141	0.00000040789	2451641.37389983
0.52	0.000000226839	0	-0.0000000753985	4.36228846153846E-07	2292374.76800726
0.54	0.000000240707	0	-0.0000000821278	4.45753703703704E-07	2243391.34300207
0.56	0.00000025446	0	-0.0000000874678	4.54392857142857E-07	2200738.81946082
0.58	0.000000266216	0	-0.0000000927867	4.58993103448276E-07	2178681.97253358
0.6	0.000000277886	0	-0.0000000977947	4.63143333333333E-07	2159158.79173474
0.62	0.000000290259	0	-0.000000101482	4.68159677419355E-07	2136023.34466804
0.64	0.000000301115	0	-0.000000105733	4.704921875E-07	2125433.80436046
0.66	0.000000313976	0	-0.000000109236	4.75721212121212E-07	2102071.49591052
0.68	0.000000323801	0	-0.000000112828	4.76177941176471E-07	2100055.28086695
0.7	0.000000337694	0	-0.000000116043	0.00000048242	2072882.55047469
0.72	0.000000348608	0	-0.000000119088	4.84177777777778E-07	2065357.07729025
0.74	0.000000360631	0	-0.000000121659	4.87339189189189E-07	2051958.92754644
0.76	0.000000373216	0	-0.00000012361	4.91073684210526E-07	2036354.28277459
0.78	0.000000384153	0	-0.000000127103	4.92503846153846E-07	2030440.99616559
0.8	0.000000397088	0	-0.000000130255	0.00000049636	2014666.77411556
0.82	0.00000041091	0	-0.000000132071	5.01109756097561E-07	1995570.80625928
0.84	0.000000423047	0	-0.000000138055	5.03627380952381E-07	1985594.9811723
0.86	0.000000434811	0	-0.000000140533	5.05594186046512E-07	1977870.84503382
0.88	0.000000446661	0	-0.000000140915	5.07569318181818E-07	1970174.24847927
0.9	0.00000046226	0	-0.000000145385	5.13622222222222E-07	1946956.25838273
0.92	0.000000475777	0	-0.000000147127	5.17148913043478E-07	1933679.01348741
0.94	0.000000489179	0	-0.000000148005	5.20403191489362E-07	1921586.98554108
0.96	0.000000502385	0	-0.000000151288	5.23317708333333E-07	1910885.0781771
0.98	0.000000512462	0	-0.000000156712	5.22920408163265E-07	1912336.91473709
1	0.000000531492	0	-0.000000156347	0.000000531492	1881495.86447209
1.02	0.000000544889	0	-0.000000157247	5.34204901960784E-07	1871940.89071352
1.04	0.000000558498	0	-0.000000162468	5.37017307692308E-07	1862137.37560385
1.06	0.000000572292	0	-0.000000166597	5.39898113207547E-07	1852201.32379974
1.08	0.000000587511	0	-0.000000170791	5.43991666666667E-07	1838263.45379065
1.1	0.000000602714	0	-0.000000173158	5.47921818181818E-07	1825077.897643
1.12	0.000000617407	0	-0.000000177489	0.00000055125625	1814038.38958742
1.14	0.000000633568	0	-0.000000179924	5.55761403508772E-07	1799333.2996616
1.16	0.00000064835	0	-0.000000183075	5.58922413793103E-07	1789157.09107735
1.18	0.000000664157	0	-0.000000191248	5.62844915254237E-07	1776688.34326823
1.2	0.000000677969	0	-0.000000191823	5.64974166666667E-07	1769992.43328235
1.22	0.00000069401	0	-0.000000195688	5.68860655737705E-07	1757899.74207864
1.24	0.000000709518	0	-0.000000201212	5.72191935483871E-07	1747665.31645427
1.26	0.000000725484	0	-0.000000200099	5.75780952380952E-07	1736771.58972493
1.28	0.000000743418	0	-0.000000203183	5.807953125E-07	1721776.98145592
1.3	0.000000762043	0	-0.000000205277	5.86186923076923E-07	1705940.47842445
1.32	0.000000778134	0	-0.000000211227	5.89495454545454E-07	1696365.92155079
1.34	0.000000791467	0	-0.000000213879	5.90647014925373E-07	1693058.58614446
1.36	0.000000809564	0	-0.000000221259	5.95267647058823E-07	1679916.59708189
1.38	0.000000830731	0	-0.000000222974	6.01978985507246E-07	1661187.55650144
1.4	0.000000845541	0	-0.000000226785	6.03957857142857E-07	1655744.66524982
1.42	0.000000865359	0	-0.000000233274	6.09407746478873E-07	1640937.46063772
1.44	0.000000880531	0	-0.00000023764	6.11479861111111E-07	1635376.83511427
1.46	0.000000898887	0	-0.000000244975	6.1567602739726E-07	1624230.8543788
1.48	0.000000918153	0	-0.000000243442	6.20373648648649E-07	1611931.78043311
1.5	0.000000937028	0	-0.000000248456	6.24685333333333E-07	1600805.95243685
1.52	0.000000954202	0	-0.000000252422	6.2776447368421E-07	1592954.1124416
1.54	0.000000974076	0	-0.000000259063	6.32516883116883E-07	1580985.46725307
1.56	0.000000990324	0	-0.000000262891	6.34823076923077E-07	1575242.04199838
1.58	0.00000101173	0	-0.00000027268	6.40335443037975E-07	1561681.4762832
1.6	0.00000103008	0	-0.000000279358	0.0000006438	1553277.41534638
1.62	0.00000105049	0	-0.000000281461	6.48450617283951E-07	1542137.47870042
1.64	0.00000107499	0	-0.000000285668	6.55481707317073E-07	1525595.58693569
1.66	0.00000109011	0	-0.000000291835	6.56692771084337E-07	1522782.10455826
1.68	0.00000111537	0	-0.000000293446	6.63910714285714E-07	1506226.63331451
1.7	0.00000113463	0	-0.000000305706	6.67429411764706E-07	1498285.78479328
1.72	0.00000115542	0	-0.000000304202	6.71755813953488E-07	1488636.16693497
1.74	0.00000117754	0	-0.000000308984	6.76747126436782E-07	1477656.80995975
1.76	0.00000119588	0	-0.000000320162	6.79477272727273E-07	1471719.57052547
1.78	0.00000121747	0	-0.000000328318	6.8397191011236E-07	1462048.34616048
1.8	0.00000123992	0	-0.000000328892	6.88844444444444E-07	1451706.56171366
1.82	0.00000126138	0	-0.000000335785	6.93065934065934E-07	1442864.16464507
1.84	0.00000127979	0	-0.000000342456	6.95538043478261E-07	1437735.87854257
1.86	0.00000130266	0	-0.000000351513	7.00354838709677E-07	1427847.63483948
1.88	0.00000132309	0	-0.000000351318	7.03771276595745E-07	1420916.18861907
1.9	0.00000135022	0	-0.000000361851	7.10642105263158E-07	1407178.08949653
1.92	0.00000137137	0	-0.000000353418	7.14255208333333E-07	1400059.79422038
1.94	0.00000139452	0	-0.000000376478	7.18824742268041E-07	1391159.68218455
1.96	0.00000142391	0	-0.000000378969	7.26484693877551E-07	1376491.49173754
1.98	0.0000014472	0	-0.000000384178	7.30909090909091E-07	1368159.2039801
2	0.00000146669	0	-0.000000387826	0.000000733345	1363614.66976662
2.02	0.00000149167	0	-0.000000394617	7.38450495049505E-07	1354186.91801806
2.04	0.0000015196	0	-0.000000401951	7.44901960784314E-07	1342458.54172151
2.06	0.00000154053	0	-0.000000408649	7.47830097087379E-07	1337202.13173388
2.08	0.00000156689	0	-0.000000408458	0.0000007533125	1327470.33933461
2.1	0.00000158769	0	-0.000000424049	7.56042857142857E-07	1322676.34109933
2.12	0.00000159214	0	-0.00000043269	7.51009433962264E-07	1331541.19612597
2.14	0.00000164044	0	-0.000000444515	7.66560747663551E-07	1304528.05344907
2.16	0.00000166684	0	-0.00000044602	7.71685185185185E-07	1295865.23001608
2.18	0.00000169376	0	-0.000000467686	7.76954128440367E-07	1287077.27186851
2.2	0.0000017143	0	-0.000000477005	7.79227272727273E-07	1283322.63897801
2.22	0.0000017385	0	-0.000000476439	7.83108108108108E-07	1276962.89905091
2.24	0.0000017691	0	-0.000000482997	7.89776785714286E-07	1266180.54377932
2.26	0.00000179389	0	-0.000000485091	7.93756637168142E-07	1259831.98523878
2.28	0.00000181836	0	-0.000000501769	7.97526315789474E-07	1253877.12004224
2.3	0.00000185591	0	-0.000000500833	8.06917391304348E-07	1239284.23253283
2.32	0.00000187686	0	-0.000000507452	8.08991379310345E-07	1236107.11507518
2.34	0.00000190968	0	-0.000000518394	8.16102564102564E-07	1225336.18197813
2.36	0.00000193656	0	-0.000000527851	8.20576271186441E-07	1218655.76073037
2.38	0.00000196004	0	-0.000000529658	8.23546218487395E-07	1214260.93345034
2.4	0.00000198853	0	-0.000000541959	8.28554166666667E-07	1206921.69592614
2.42	0.00000201847	0	-0.000000553394	8.34078512396694E-07	1198927.90083578
2.44	0.00000204701	0	-0.000000565159	8.38938524590164E-07	1191982.45245504
2.46	0.00000207623	0	-0.000000572026	8.4399593495935E-07	1184839.82988397
2.48	0.00000209812	0	-0.000000572263	8.46016129032258E-07	1182010.56183631
2.5	0.00000212659	0	-0.000000581606	0.000000850636	1175590.96958041
2.52	0.00000215979	0	-0.000000597452	8.57059523809524E-07	1166780.10362119
2.54	0.00000218737	0	-0.000000600032	8.61169291338583E-07	1161211.8663052
2.56	0.00000222529	0	-0.000000621224	8.6925390625E-07	1150411.8564322
2.58	0.00000225039	0	-0.000000638284	8.72244186046512E-07	1146467.9455561
2.6	0.00000228437	0	-0.000000649132	8.78603846153846E-07	1138169.38587006
2.62	0.0000023112	0	-0.000000657174	8.82137404580153E-07	1133610.24575978
2.64	0.00000234473	0	-0.000000655995	8.88155303030303E-07	1125929.21146571
2.66	0.00000237424	0	-0.0000006659	8.92571428571428E-07	1120358.51472471
2.68	0.00000240157	0	-0.000000683837	8.96108208955224E-07	1115936.65810282
2.7	0.00000243528	0	-0.000000674303	9.01955555555556E-07	1108702.07943234
2.72	0.00000247505	0	-0.000000688631	9.09944852941176E-07	1098967.69762227
2.74	0.00000250621	0	-0.000000695366	9.14675182481752E-07	1093284.2818439
2.76	0.00000256226	0	-0.000000699468	9.28355072463768E-07	1077174.05727756
2.78	0.0000025621	0	-0.000000718877	9.21618705035971E-07	1085047.42203661
2.8	0.00000260292	0	-0.000000726923	9.29614285714286E-07	1075714.96626865
2.82	0.00000262441	0	-0.00000074562	9.30641843971631E-07	1074527.22707199
2.84	0.00000266997	0	-0.000000756603	9.40130281690141E-07	1063682.36347225
2.86	0.00000270203	0	-0.000000758173	9.44765734265734E-07	1058463.45155309
2.88	0.00000275158	0	-0.00000078312	9.55409722222222E-07	1046671.36699642
2.9	0.00000277541	0	-0.000000776733	9.57037931034483E-07	1044890.66480268
2.92	0.00000280768	0	-0.000000791564	9.61534246575343E-07	1040004.55892409
2.94	0.00000284141	0	-0.000000794133	9.66465986394558E-07	1034697.56212585
2.96	0.00000286669	0	-0.000000819471	9.68476351351351E-07	1032549.7350603
2.98	0.00000290208	0	-0.000000840933	9.73852348993289E-07	1026849.70779579
3	0.00000294621	0	-0.000000835783	0.00000098207	1018257.35436374
3.02	0.00000297517	0	-0.000000857607	9.85155629139073E-07	1015068.04653179
3.04	0.00000301591	0	-0.000000855296	9.92075657894737E-07	1007987.63888843
3.06	0.00000304351	0	-0.000000863348	9.94611111111111E-07	1005418.08635424
3.08	0.00000307822	0	-0.000000867778	9.99422077922078E-07	1000578.25626498
3.1	0.00000311723	0	-0.000000893482	1.00555806451613E-06	994472.656813902
3.12	0.00000315643	0	-0.000000896855	1.01167628205128E-06	988458.479991636
3.14	0.00000318734	0	-0.000000911471	1.01507643312102E-06	985147.489756349
3.16	0.00000323039	0	-0.000000918653	1.0222753164557E-06	978210.061323865
3.18	0.00000327065	0	-0.000000942227	1.02850628930818E-06	972283.796798801
3.2	0.0000033134	0	-0.000000946925	0.0000010354375	965775.336512344
3.22	0.00000335482	0	-0.000000976871	1.04186956521739E-06	959813.045111213
3.24	0.00000339707	0	-0.000000984286	1.04847839506173E-06	953763.09584436
3.26	0.00000344216	0	-0.00000099552	1.0558773006135E-06	947079.740627978
3.28	0.00000347748	0	-0.00000102078	1.06020731707317E-06	943211.751038108
3.3	0.00000351701	0	-0.00000102997	1.06576060606061E-06	938297.019343135
3.32	0.00000355021	0	-0.00000102639	1.06934036144578E-06	935155.948521355
3.34	0.00000360799	0	-0.00000104484	1.08023652694611E-06	925723.186594198
3.36	0.00000362401	0	-0.00000105414	1.0785744047619E-06	927149.759520531
3.38	0.00000366284	0	-0.00000105088	1.08368047337278E-06	922781.22986535
3.4	0.00000368193	0	-0.00000107679	1.08292058823529E-06	923428.745250453
3.42	0.0000037378	0	-0.00000110295	1.09292397660819E-06	914976.724276312
3.44	0.00000375511	0	-0.00000109803	1.09160174418605E-06	916085.014819806
3.46	0.000003807	0	-0.00000112192	1.10028901734104E-06	908852.114525873
3.48	0.00000386307	0	-0.00000113552	1.1100775862069E-06	900837.93459606
3.5	0.00000391193	0	-0.00000115686	1.11769428571429E-06	894699.036025696
3.52	0.00000395432	0	-0.00000116506	1.12338636363636E-06	890165.692204981
3.54	0.00000397455	0	-0.00000117913	1.12275423728814E-06	890666.867947315
3.56	0.0000040174	0	-0.00000117865	1.12848314606742E-06	886145.268083835
3.58	0.00000406053	0	-0.00000119844	1.13422625698324E-06	881658.305689159
3.6	0.00000413387	0	-0.00000120324	1.14829722222222E-06	870854.671288647
3.62	0.00000414389	0	-0.00000121843	1.14472099447514E-06	873575.312085987
3.64	0.00000419788	0	-0.0000012279	1.15326373626374E-06	867104.347908944
3.66	0.00000426244	0	-0.00000124947	1.16460109289617E-06	858663.113146461
3.68	0.0000042886	0	-0.00000126127	1.16538043478261E-06	858088.88681621
3.7	0.00000435419	0	-0.0000012772	1.17680810810811E-06	849756.21183274
3.72	0.00000437693	0	-0.00000130871	1.17659408602151E-06	849910.782214932
3.74	0.00000444342	0	-0.00000132101	1.18808021390374E-06	841694.010469413
3.76	0.0000044884	0	-0.00000131422	1.19372340425532E-06	837714.998663221
3.78	0.0000045181	0	-0.00000133322	1.19526455026455E-06	836634.868639472
3.8	0.00000455716	0	-0.00000135404	1.19925263157895E-06	833852.662623213
3.82	0.00000460267	0	-0.00000138277	1.20488743455497E-06	829953.048991129
3.84	0.00000465605	0	5.16057E-11	1.21251302083333E-06	824733.411368005
