-10	2.31749333333333E-07	-0.0000002	-47.0128	-0.158701343	-0.597978017333333	-0.439276674333333	8.82273894892737E-08	-360620539832.81	-1.52701251039128	0
-10.2	0.00000004615115	0	0	-0.4390756036	-1.686879025	-1.2478034214	0	-367832950629.467	0	0
-10.4	0.0000000389179	0	0	-0.2764421855	-2.576272585	-2.2998303995	0	-375045361426.123	0	0
-10.6	0.000000036182	0	0	-0.1402951745	-2.899516215	-2.7592210405	0	-382257772222.779	0	0
-10.8	0.00000003387005	0	0	-0.11688917	-2.991703175	-2.874814005	0	-389470183019.435	0	0
-11	0.0000000320759	0	0	-0.136745876	-3.07778071	-2.941034834	0	-396682593816.091	0	0
-11.2	0.0000000304769	0	0	-0.1244614845	-3.161627495	-3.0371660105	0	-403895004612.748	0	0
-11.4	0.00000002801765	0	0	-0.120922295	-3.24479485	-3.123872555	0	-411107415409.404	0	0
-11.6	0.0000000272588	0	0	-0.136096026	-3.327269495	-3.191173469	0	-418319826206.06	0	0
-11.8	0.0000000258183	0	0	-0.125215957	-3.409758145	-3.284542188	0	-425532237002.716	0	0
-12	0.0000000249245	0	0	-0.115998911	-3.49231854	-3.376319629	0	-432744647799.372	0	0
-12.2	0.0000000242908	0	0	-0.1359243555	-3.574336945	-3.4384125895	0	-439957058596.029	0	0
-12.4	0.0000000235973	0	0	-0.10577803285	-3.68628548	-3.58050744715	0	-447169469392.685	0	0
-12.6	0.0000000222661	0	0	-0.11052528425	-3.756363805	-3.64583852075	0	-454381880189.341	0	0
-12.8	0.0000000216161	0	0	-0.1155221685	-3.85071125	-3.7351890815	0	-461594290985.997	0	0
-13	0.0000000209719	0	0	-0.133843219	-3.919708475	-3.785865256	0	-468806701782.654	0	0
-13.2	0.00000002060475	0	0	-0.115376025	-3.989020665	-3.87364464	0	-476019112579.31	0	0
-13.4	0.0000000199063	0	0	-0.128411513	-4.06491683	-3.936505317	0	-483231523375.966	0	0
-13.6	0.00000001954705	0	0	-0.1252757075	-4.14570757	-4.0204318625	0	-490443934172.622	0	0
-13.8	0.00000001910635	0	0	-0.1046231559	-4.25605118	-4.1514280241	0	-497656344969.278	0	0
-14	0.0000000184592	0	0	-0.122859713	-4.338447865	-4.215588152	0	-504868755765.935	0	0
-14.2	0.00000001828385	0	0	-0.4199687025	-4.409921305	-3.9899526025	0	-512081166562.591	0	0
-14.4	0.00000001770675	0	0	-0.2359264165	-4.476643645	-4.2407172285	0	-519293577359.247	0	0
-14.6	0.0000000175829	0	0	-0.1194352745	-4.57725242	-4.4578171455	0	-526505988155.903	0	0
-14.8	0.0000000172786	0	0	-0.1311632535	-4.65904703	-4.5278837765	0	-533718398952.559	0	0
-15	0.00000001659425	0	0	-0.405586397	-4.73029568	-4.324709283	0	-540930809749.216	0	0
-15.2	0.00000001643605	0	0	-0.120511362	-4.795812375	-4.675301013	0	-548143220545.872	0	0
-15.4	0.0000000161007	0	0	-0.136899339	-4.868256445	-4.731357106	0	-555355631342.528	0	0
-15.6	0.00000001599955	0	0	-0.106946662	-4.97049182	-4.863545158	0	-562568042139.184	0	0
-15.8	0.0000000158082	0	0	-0.1250108955	-5.04940078	-4.9243898845	0	-569780452935.84	0	0
-16	0.00000001575555	0	0	-0.4065441055	-5.119020865	-4.7124767595	0	-576992863732.497	0	0
-16.2	0.0000000153923	0	0	-0.2358869155	-5.18412298	-4.9482360645	0	-584205274529.153	0	0
-16.4	0.00000001518125	0	0	-0.1071733185	-5.28050492	-5.1733316015	0	-591417685325.809	0	0
-16.6	0.00000001497255	0	0	-0.126945171	-5.356982825	-5.230037654	0	-598630096122.465	0	0
-16.8	0.0000000142022	-0.0000003	-68.9401	-0.36800241175	-5.42000314	-5.05200072825	1.31657720497036E-08	-605842506919.121	-0.135636387874694	0
-17	0.000000008845775	-0.0000003	-56.89965	-0.57589008725	-5.45920478	-4.88331469275	1.36775520677906E-08	-613054917715.778	-0.139251095712801	0
-17.2	0.000000000862302	-0.0000003	-35.76875	-0.13316549895	-5.4612057	-5.32804020105	1.24307525251379E-08	-620267328512.434	-0.125085837126835	0
-17.4	-0.000000003619585	-0.0000003	-12.72635	-0.124436764	-5.423819295	-5.299382531	1.24903216177914E-08	-627479739309.09	-0.124240599646466	0
-17.6	-0.00000000180832	-0.0000003	-11.7375	-0.0672170467	-5.28829265	-5.2210756033	1.26781232909149E-08	-634692150105.746	-0.124675600544399	0
-17.8	-0.000000001544365	-0.0000003	-11.07755	-0.410735563	-5.18515561	-4.774420047	1.38800183023057E-08	-641904560902.402	-0.134961284270475	0
-18	-0.00000000150583	-0.0000003	-10.5606	-0.06151015855	-5.000669135	-4.93915897645	1.34016440761239E-08	-649116971699.059	-0.128861962270422	0
-18.2	-0.00000000139333	-0.0000003	-10.1373	-0.236409307	-4.915345205	-4.678935898	1.41470876817132E-08	-656329382495.715	-0.134534857497273	0
-18.4	-0.000000001383055	-0.0000003	-9.775255	-0.16181278255	-4.8031502	-4.64133741745	1.42659078880736E-08	-663541793292.371	-0.134190187074271	0
-18.6	-0.00000000132881	-0.0000003	-9.45726	-0.1487157413	-4.69608691	-4.5473711687	1.45601073047141E-08	-670754204089.027	-0.135484869460739	0
-18.8	-0.000000001335805	-0.0000003	-9.17926	-0.4942878375	-4.62419857	-4.1299107325	1.60791939387604E-08	-677966614885.683	-0.148028585770093	0
-19	-0.00000000128253	-0.0000003	-8.922245	-0.14873919625	-4.524718915	-4.37597971875	1.51326937872567E-08	-685179025682.34	-0.137848425187561	0
-19.2	-0.00000000125455	-0.0000003	-8.69195	-0.37649339275	-4.4310965	-4.05460310725	1.64277716641656E-08	-692391436478.996	-0.148086883991877	0
-19.4	-0.00000000117845	-0.0000003	-8.48236	-0.495823947	-4.366593795	-3.870769848	1.71743331728374E-08	-699603847275.652	-0.153220656775909	0
-19.6	-0.00000000126362	-0.0000003	-8.287675	-0.1846941303	-4.282755095	-4.0980609647	1.61582231445577E-08	-706816258072.308	-0.142684466543386	0
-19.8	-0.000000001194885	-0.0000003	-8.10802	-0.0718043746	-4.190633595	-4.1188292204	1.60704929379291E-08	-714028668868.964	-0.14047633687001	0
-20	-0.00000000116381	-0.0000003	-7.934025	-0.4049013873	-4.12867877	-3.7237773827	1.79278957839721E-08	-721241079665.621	-0.155145251976682	0
-20.2	-0.000000001204005	-0.0000003	-7.77826	-0.1801612194	-4.07024899	-3.8900877706	1.7019888795193E-08	-728453490462.277	-0.14582920711799	0
-20.4	-0.00000000114626	-0.0000003	-7.63365	-0.0628726831	-3.996294655	-3.9334219719	1.68277610139532E-08	-735665901258.933	-0.142769465616119	0
-20.6	-0.000000001193	-0.0000003	-7.491125	-0.06834595965	-3.930926885	-3.86258092535	1.7136467963968E-08	-742878312055.589	-0.143977046000478	0
-20.8	-0.00000000113264	-0.0000003	-7.3622	-0.08234970735	-3.87471143	-3.79236172265	1.74537672056087E-08	-750090722852.245	-0.145232900194599	0
-21	-0.000000001170225	-0.0000003	-7.237425	-0.07544644185	-3.82197632	-3.74652987815	1.76672064172745E-08	-757303133648.902	-0.145608844098416	0
-21.2	-0.00000000113078	-0.0000003	-7.111735	-0.0680862629	-3.769978475	-3.7018922121	1.78811626697912E-08	-764515544445.558	-0.145981915845537	0
-21.4	-0.000000001111325	-0.0000003	-7.002635	-0.0767307904	-3.72030866	-3.6435778696	1.81666155284643E-08	-771727955242.214	-0.1469262578686	0
-21.6	-0.000000001144165	-0.0000003	-6.89325	-0.0785388314	-3.67253643	-3.5939975986	1.84179320898088E-08	-778940366038.87	-0.147579584052955	0
-21.8	-0.00000000110718	-0.0000003	-6.789675	-0.06833426265	-3.62591821	-3.55758394735	1.86056287220132E-08	-786152776835.527	-0.147715824363196	0
-22	-0.000000001102365	-0.0000003	-6.688645	-0.08940024825	-3.58176282	-3.49236257175	1.89534193051983E-08	-793365187632.183	-0.149109067960476	0
-22.2	-0.00000000108457	-0.0000003	-6.596975	-0.0550397039	-3.53946061	-3.4844209061	1.89962800313927E-08	-800577598428.839	-0.148099896294642	0
-22.4	-0.00000000108255	-0.0000003	-6.50531	-0.0998718524	-3.49855211	-3.3986802576	1.94755851281819E-08	-807790009225.495	-0.150480997728054	0
-22.6	-0.00000000111093	-0.0000003	-6.416795	-0.0561932549	-3.45784646	-3.4016532051	1.94585913419838E-08	-815002420022.151	-0.149019164463797	0
-22.8	-0.00000000109683	-0.0000003	-6.33573	-0.0984401384	-3.418904325	-3.3204641866	1.99342645161695E-08	-822214830818.808	-0.151322858169303	0
-23	-0.000000001071125	-0.0000003	-6.256685	-0.0589127164	-3.382501825	-3.3235891086	1.99155577336768E-08	-829427241615.464	-0.14986623712633	0
-23.2	-1.0759375E-09	-0.0000003	-6.177265	-0.0779935522	-3.347570705	-3.2695771528	2.02456464633499E-08	-836639652412.12	-0.151036818774991	0
-23.4	-0.000000001074125	-0.0000003	-6.099425	-0.09482393555	-3.31336591	-3.21854197445	2.05654614651128E-08	-843852063208.776	-0.152111401369177	0
-23.6	-0.00000000109684	-0.0000003	-6.03369	-0.06720218025	-3.27914552	-3.21194333975	2.06077653769598E-08	-851064474005.433	-0.151132568768447	0
-23.8	-0.000000001059535	-0.0000003	-5.960725	-0.0773924197	-3.245813545	-3.1684211253	2.08907844108444E-08	-858276884802.089	-0.151920701113122	0
-24	-9.947695E-10	-0.0000003	-5.89261	-0.0711838395	-3.21406357	-3.1428797305	2.10605773729171E-08	-865489295598.745	-0.151879163746999	0
-24.2	-0.00000000106028	-0.0000003	-5.82589	-0.0917121942	-3.18372858	-3.0920163858	2.14070185671901E-08	-872701706395.401	-0.153101690324786	0
-24.4	-0.000000001083975	-0.0000003	-5.764995	-0.0876408051	-3.15392465	-3.0662838449	2.15869367134958E-08	-879914117192.057	-0.153122974796234	0
-24.6	-0.00000000110362	-0.0000003	-5.70227	-0.0757593222	-3.124840035	-3.0490807128	2.17094117820343E-08	-887126527988.714	-0.152739763944894	0
-24.8	-0.000000001066395	-0.0000003	-5.64431	-0.09294915515	-3.096642705	-3.00369354985	2.20364372419972E-08	-894338938785.37	-0.153790272315427	0
-25	-0.000000001067065	-0.0000003	-5.58736	-0.0727077151	-3.068579055	-2.9958713399	2.20944723077247E-08	-901551349582.026	-0.152961731361171	0
-25.2	-0.000000001076655	-0.0000003	-5.532	-0.08636158405	-3.04206069	-2.95569910595	2.23948284480554E-08	-908763760378.682	-0.153810634945436	0
-25.4	-0.000000001112535	-0.0000003	-5.477175	-0.08541377625	-3.01672853	-2.93131475375	2.25808051118407E-08	-915976171175.338	-0.153866782258152	0
-25.6	-0.00000000110862	-0.0000003	-5.41974	-0.07411881435	-2.990191085	-2.91607227065	2.2699230179314E-08	-923188581971.995	-0.153465348267597	0
-25.8	-1.0407315E-09	-0.0000003	-5.370505	-0.0959630425	-2.963909535	-2.8679464925	2.30795509453341E-08	-930400992768.651	-0.154827041225408	0
-26	-0.00000000108468	-0.0000003	-5.315645	-0.08754901165	-2.93926004	-2.85171102835	2.32112363755038E-08	-937613403565.307	-0.154512668180129	0
-26.2	-0.000000001093535	-0.0000003	-5.27021	-0.07792144325	-2.915978325	-2.83805688175	2.33225456291744E-08	-944825814361.963	-0.154068489916742	0
-26.4	-0.00000000106492	-0.0000003	-5.22391	-0.0871562539	-2.893245165	-2.8060889111	2.35889313281091E-08	-952038225158.619	-0.154647714126589	0
-26.6	-0.000000001103945	-0.0000003	-5.17577	-0.0651463909	-2.86973176	-2.8045853691	2.36008903100226E-08	-959250635955.276	-0.153562762283258	0
-26.8	-0.00000000106806	-0.0000003	-5.128	-0.1040056961	-2.845885315	-2.7418796189	2.41406292743402E-08	-966463046751.932	-0.155902456565056	0
-27	-0.00000000114864	-0.0000003	-5.0846	-0.0932598647	-2.8240475	-2.7307876353	2.42390149846626E-08	-973675457548.588	-0.155378301183735	0
-27.2	-0.00000000109849	-0.0000003	-5.044605	-0.0944648219	-2.803812725	-2.7093479031	2.44307559055174E-08	-980887868345.244	-0.155455884579791	0
-27.4	-0.00000000113331	-0.0000003	-5.000765	-0.09733958305	-2.78287327	-2.68553368695	2.4647421808135E-08	-988100279141.9	-0.155689778406243	0
-27.6	-0.000000001123465	-0.0000003	-4.95999	-0.07476016855	-2.762091475	-2.68733130645	2.46309268840128E-08	-995312689938.557	-0.15445815353687	0
-27.8	-0.000000001093555	-0.0000003	-4.920625	-0.0914962365	-2.74327235	-2.6517761135	2.49614850357746E-08	-1002525100735.21	-0.155404928972034	0
-28	-0.000000001100445	-0.0000003	-4.883515	-0.0769996652	-2.72537101	-2.6483713448	2.4993020887572E-08	-1009737511531.87	-0.154489826914937	0
-28.2	-0.000000001128535	-0.0000003	-4.8461	-0.09342272815	-2.70671386	-2.61329113185	2.53298148249098E-08	-1016949922328.53	-0.155461220283816	0
-28.4	-0.000000001145535	-0.0000003	-4.80661	-0.113049781	-2.687964725	-2.574914944	2.57059937386225E-08	-1024162333125.18	-0.156658954257586	0
-28.6	-0.00000000120445	-0.0000003	-4.77401	-0.09541085365	-2.67037018	-2.57495932635	2.57070004268035E-08	-1031374743921.84	-0.15556952921008	0
-28.8	-0.00000000116787	-0.0000003	-4.73731	-0.102935164	-2.65345759	-2.550522426	2.59520572979891E-08	-1038587154718.49	-0.155961882800416	0
-29	-0.000000001148355	-0.0000003	-4.70079	-0.0965996679	-2.635596175	-2.5389965071	2.60696310825901E-08	-1045799565515.15	-0.155587983914663	0
-29.2	-0.00000000112296	-0.0000003	-4.664655	-0.0758228595	-2.617629755	-2.5418068955	2.60409393983206E-08	-1053011976311.81	-0.154352248804588	0
-29.4	-0.00000000117174	-0.0000003	-4.63137	-0.1109289915	-2.60016848	-2.4892394885	2.65907572550457E-08	-1060224387108.46	-0.156538994829547	0
-29.6	-0.000000001162955	-0.0000003	-4.5986	-0.0961896886	-2.583838205	-2.4876485164	2.66094884808541E-08	-1067436797905.12	-0.155590824017468	0
-29.8	-0.000000001234825	-0.0000003	-4.56671	-0.109779436	-2.56821501	-2.458435574	2.69239607033003E-08	-1074649208701.77	-0.156373029381584	0
-30	-0.00000000120427	-0.0000003	-4.536045	-0.1056067636	-2.55240329	-2.4467965264	2.70521870928734E-08	-1081861619498.43	-0.156070310151192	0
