0	0.00000000182637	-30	-0.00000000189606	0	0
-0.1	-0.000000000391793	-30	-0.000000000740123	0.00000000391793	255236821.484815
-0.2	-0.000000000892413	-30	-0.000000000637198	0.000000004462065	224111482.015614
-0.3	-0.00000000159895	-30	-0.000000000564528	5.32983333333333E-09	187623127.677538
-0.4	-0.00000000252749	-30	-0.000000000533247	0.000000006318725	158259775.508508
-0.5	-0.00000000366484	-30	-0.000000000520205	0.00000000732968	136431604.108228
-0.6	-0.00000000494883	-30	-0.000000000613093	0.00000000824805	121240778.123314
-0.7	-0.00000000635502	-30	-0.000000000596261	0.0000000090786	110149141.938184
-0.8	-0.00000000784366	-30	-0.000000000503635	0.000000009804575	101993202.153077
-0.9	-0.00000000943198	-30	-0.000000000587475	1.04799777777778E-08	95420049.6608347
-1	-0.0000000110771	-30	-0.000000000542402	0.0000000110771	90276335.86408
-1.1	-0.0000000127588	-30	-0.000000000547564	1.15989090909091E-08	86215004.5458821
-1.2	-0.0000000144574	-30	-0.000000000536919	1.20478333333333E-08	83002476.2405412
-1.3	-0.0000000161874	-30	-0.000000000518072	1.24518461538462E-08	80309376.4285803
-1.4	-0.0000000178951	-30	-0.000000000508308	1.27822142857143E-08	78233706.4336047
-1.5	-0.0000000196841	-30	-0.00000000049516	1.31227333333333E-08	76203636.4375308
-1.6	-0.0000000215152	-30	-0.000000000476706	0.000000013447	74366029.5976798
-1.7	-0.0000000233854	-30	-0.000000000478828	1.37561176470588E-08	72694929.3148717
-1.8	-0.0000000251674	-30	-0.000000000469518	1.39818888888889E-08	71521094.749557
-1.9	-0.0000000271346	-30	-0.000000000541592	1.42813684210526E-08	70021301.2168965
-2	-0.0000000289932	-30	-0.000000000540078	0.0000000144966	68981692.2588745
-2.1	-0.0000000308933	-30	-0.000000000556147	1.47110952380952E-08	67975904.160449
-2.2	-0.0000000328778	-30	-0.000000000546503	1.49444545454545E-08	66914452.9135161
-2.3	-0.0000000348334	-30	-0.000000000561225	1.51449565217391E-08	66028581.7634799
-2.4	-0.000000036688	-30	-0.000000000567675	1.52866666666667E-08	65416484.9542085
-2.5	-0.0000000386727	-30	-0.000000000494385	0.00000001546908	64645085.5513062
-2.6	-0.0000000407148	-30	-0.000000000465989	1.56595384615385E-08	63858842.4847967
-2.7	-0.0000000428586	-30	-0.000000000466955	1.58735555555556E-08	62997858.0728255
-2.8	-0.0000000448816	-30	-0.000000000464177	1.60291428571429E-08	62386367.6874265
-2.9	-0.0000000469435	-30	-0.000000000499904	1.61874137931034E-08	61776390.7676249
-3	-0.0000000491681	-30	-0.000000000466669	1.63893666666667E-08	61015170.4052017
-3.1	-0.000000051266	-30	-0.000000000475502	1.65374193548387E-08	60468926.7740803
-3.2	-0.0000000534618	-30	-0.000000000561702	1.67068125E-08	59855822.2880636
-3.3	-0.0000000557323	-30	-0.000000000549293	1.68885757575758E-08	59211624.1389643
-3.4	-0.0000000580621	-30	-0.000000000512731	1.70770882352941E-08	58557992.2186762
-3.5	-0.0000000601753	-30	-0.000000000488293	1.71929428571429E-08	58163399.2684706
-3.6	-0.0000000625743	-30	-0.000000000502384	0.00000001738175	57531606.4262804
-3.7	-0.0000000648438	-30	-0.000000000534415	1.75253513513514E-08	57060196.9656313
-3.8	-0.0000000672365	-30	-0.000000000497377	1.76938157894737E-08	56516921.612517
-3.9	-0.0000000697556	-30	-0.000000000529838	1.78860512820513E-08	55909489.7040524
-4	-0.0000000722626	-30	-0.000000000488853	0.00000001806565	55353668.4259908
-4.1	-0.0000000744987	-30	-0.000000000464964	1.81704146341463E-08	55034517.3808402
-4.2	-0.0000000768094	-30	-0.000000000456083	1.82879523809524E-08	54680807.2970235
-4.3	-0.0000000791297	-30	-0.000000000518668	1.84022558139535E-08	54341163.9371816
-4.4	-0.0000000814252	-30	-0.000000000456774	1.85057272727273E-08	54037325.0541601
-4.5	-0.0000000839319	-30	-0.000000000372767	1.86515333333333E-08	53614894.9326776
-4.6	-0.0000000865191	-30	-0.000000000455403	0.0000000188085	53167450.8865672
-4.7	-0.0000000891464	-30	-0.000000000467348	1.89673191489362E-08	52722263.602344
-4.8	-0.0000000916806	-30	-0.000000000412762	0.000000019100125	52355678.3005347
-4.9	-0.000000094199	-30	-0.000000000490809	1.92242857142857E-08	52017537.3411607
-5	-0.0000000969711	-30	-0.000000000460994	0.00000001939422	51561753.9658723
-5.1	-0.0000000993491	-30	-0.000000000556147	1.94802156862745E-08	51334133.877408
-5.2	-0.000000103901	-30	-0.000000000499666	1.99809615384615E-08	50047641.5048941
-5.3	-0.000000104165	-30	-0.000000000447559	1.96537735849057E-08	50880814.0930255
-5.4	-0.000000106755	-30	-0.000000000394619	1.97694444444444E-08	50583110.861318
-5.5	-0.000000109394	-30	-0.00000000053227	1.98898181818182E-08	50276980.4559665
-5.6	-0.000000111943	-30	-0.000000000502717	1.99898214285714E-08	50025459.3855802
-5.7	-0.000000114182	-30	-0.000000000413418	2.00319298245614E-08	49920302.6746773
-5.8	-0.000000117328	-30	-0.000000000481224	2.02289655172414E-08	49434065.1847811
-5.9	-0.000000119513	-30	-0.000000000399542	2.02564406779661E-08	49367014.4670454
-6	-0.000000122536	-30	-0.000000000508714	2.04226666666667E-08	48965202.0630672
-6.1	-0.000000125181	-30	-0.000000000369263	2.05214754098361E-08	48729439.7712113
-6.2	-0.000000127581	-30	-0.000000000452673	2.05775806451613E-08	48596577.8603397
-6.3	-0.000000129914	-30	-0.000000000353205	2.06212698412698E-08	48493618.8555506
-6.4	-0.000000132699	-30	-0.000000000397086	2.073421875E-08	48229451.6160634
-6.5	-0.000000135627	-30	-0.000000000379348	2.08656923076923E-08	47925560.5447293
-6.6	-0.000000138077	-30	-0.00000000049479	2.09207575757576E-08	47799416.2677347
-6.7	-0.000000140913	-30	-0.000000000501883	2.10317910447761E-08	47547068.0490799
-6.8	-0.000000143343	-30	-0.000000000281811	2.10798529411765E-08	47438661.1135528
-6.9	-0.000000146251	-30	-0.000000000492799	2.11957971014493E-08	47179164.5869088
-7	-0.000000149016	-30	-0.00000000041101	0.000000021288	46974821.4956783
-7.1	-0.000000151707	-30	-0.000000000417435	2.13671830985916E-08	46800740.9018701
-7.2	-0.000000153984	-30	-0.000000000488722	2.13866666666667E-08	46758104.7381546
-7.3	-0.000000156561	-30	-0.000000000517881	2.14467123287671E-08	46627193.2345859
-7.4	-0.000000159805	-30	-0.000000000578213	2.15952702702703E-08	46306435.968837
-7.5	-0.000000162092	-30	-0.000000000434864	2.16122666666667E-08	46270019.4951015
-7.6	-0.000000164464	-30	-0.000000000527775	0.00000002164	46210720.8872458
-7.7	-0.000000167272	-30	-0.000000000392735	2.17236363636364E-08	46032808.8382993
-7.8	-0.000000170117	-30	-0.000000000552833	2.18098717948718E-08	45850796.8045522
-7.9	-0.000000173254	-30	-0.000000000437951	2.19308860759494E-08	45597792.8359518
-8	-0.00000017551	-30	-0.000000000424862	0.00000002193875	45581448.3505213
-8.1	-0.000000178398	-30	-0.000000000379467	2.20244444444444E-08	45404096.4584805
-8.2	-0.000000180759	-30	-0.000000000554431	2.20437804878049E-08	45364269.5522768
-8.3	-0.000000183246	-30	-0.000000000483596	2.20778313253012E-08	45294303.8320073
-8.4	-0.000000186196	-30	-0.000000000546217	2.21661904761905E-08	45113751.1009904
-8.5	-0.000000189013	-30	-0.000000000475705	2.22368235294118E-08	44970451.7678678
-8.6	-0.000000191607	-30	-0.000000000419652	2.22798837209302E-08	44883537.65781
-8.7	-0.000000194408	-30	-0.00000000041244	2.23457471264368E-08	44751244.8047405
-8.8	-0.000000196875	-30	-0.000000000415814	2.23721590909091E-08	44698412.6984127
-8.9	-0.00000019929	-30	-0.000000000361264	2.23921348314607E-08	44658537.8092227
-9	-0.000000202177	-30	-0.000000000552976	2.24641111111111E-08	44515449.3339994
-9.1	-0.000000204679	-30	-0.000000000437403	2.24921978021978E-08	44459861.5392883
-9.2	-0.000000207169	-30	-0.000000000205779	2.25183695652174E-08	44408188.4837983
-9.3	-0.000000209604	-30	-0.000000000461471	2.2538064516129E-08	44369382.2636973
-9.4	-0.000000212365	-30	-0.000000000416303	2.25920212765957E-08	44263414.4044452
-9.5	-0.000000214376	-30	-0.00000000049578	2.25658947368421E-08	44314662.0890398
-9.6	-0.000000217114	-30	-0.000000000289261	2.26160416666667E-08	44216402.4429562
-9.7	-0.000000219735	-30	-0.000000000488567	2.26530927835052E-08	44144082.6450042
-9.8	-0.000000222254	-30	-0.000000000409925	2.26789795918367E-08	44093694.601672
-9.9	-0.000000224581	-30	-0.000000000324881	2.26849494949495E-08	44082090.6488082
-10	-0.000000227133	-30	-0.000000000501359	0.0000000227133	44027067.8413088
-10.1	-0.000000229615	-30	-0.000000000335622	2.27341584158416E-08	43986673.3445115
-10.2	-0.000000232093	-30	-0.000000000560641	2.27542156862745E-08	43947900.1951804
-10.3	-0.000000234835	-30	-0.000000000434721	2.27995145631068E-08	43860582.9625056
-10.4	-0.000000237158	-30	-0.000000000412142	2.28036538461538E-08	43852621.4591116
-10.5	-0.000000239804	-30	-0.000000000399447	2.28384761904762E-08	43785758.369335
-10.6	-0.000000242463	-30	-0.000000000260913	2.28738679245283E-08	43718010.583058
-10.7	-0.000000245307	-30	-0.000000000428224	2.29258878504673E-08	43618812.3453469
-10.8	-0.00000024746	-30	-0.000000000357926	2.2912962962963E-08	43643417.117918
-10.9	-0.000000249909	-30	-0.000000000335264	2.29274311926606E-08	43615876.1789291
-11	-0.000000252567	-30	-0.000000000388515	2.29606363636364E-08	43552799.8511286
-11.1	-0.0000002553	-30	-0.000000000513601	0.000000023	43478260.8695652
-11.2	-0.000000257889	-30	-0.000000000371373	2.30258035714286E-08	43429537.5142018
-11.3	-0.000000260028	-30	-0.000000000417149	2.30113274336283E-08	43456858.4921624
-11.4	-0.000000262449	-30	-0.000000000271082	2.30218421052632E-08	43437010.619206
-11.5	-0.000000264899	-30	-0.000000000612474	2.30346956521739E-08	43412772.4151469
-11.6	-0.000000268151	-30	-0.000000000475049	2.31164655172414E-08	43259208.4310706
-11.7	-0.00000026977	-30	-0.000000000336564	2.3057264957265E-08	43370278.3852912
-11.8	-0.000000272281	-30	-0.000000000519824	2.30746610169492E-08	43337581.3956905
-11.9	-0.000000275001	-30	-0.000000000341225	2.31093277310924E-08	43272569.9179276
-12	-0.000000277841	-30	-0.000000000378823	2.31534166666667E-08	43190169.9173268
-12.1	-0.000000280034	-30	-0.000000000369656	2.3143305785124E-08	43209038.902419
-12.2	-0.00000028273	-30	-0.000000000350487	2.31745901639344E-08	43150709.1571464
-12.3	-0.000000284606	-30	-0.000000000320065	2.31386991869919E-08	43217641.2303325
-12.4	-0.000000287423	-30	-0.00000000049535	2.31792741935484E-08	43141989.3327952
-12.5	-0.000000289598	-30	-0.000000000144947	0.00000002316784	43163281.5143751
-12.6	-0.000000291792	-30	-0.000000000556707	2.31580952380952E-08	43181444.3164994
-12.7	-0.000000294032	-30	-0.000000000388491	2.3152125984252E-08	43192577.67862
-12.8	-0.00000029676	-30	-0.000000000423634	0.000000023184375	43132497.6411915
-12.9	-0.00000029875	-30	-0.000000000340509	2.31589147286822E-08	43179916.3179916
-13	-0.000000301023	-30	-0.0000000003685	2.31556153846154E-08	43186068.8385937
-13.1	-0.000000303391	-30	-0.0000000002195	2.31596183206107E-08	43178604.5070553
-13.2	-0.000000305906	-30	-0.000000000496292	2.3174696969697E-08	43150510.2874739
-13.3	-0.000000307929	-30	-0.00000000039866	2.31525563909774E-08	43191774.727291
-13.4	-0.000000310353	-30	-0.000000000441611	2.3160671641791E-08	43176640.7929036
-13.5	-0.000000312794	-30	-0.000000000430357	2.31699259259259E-08	43159395.6405813
-13.6	-0.000000315307	-30	-0.000000000289345	2.31843382352941E-08	43132566.038813
-13.7	-0.000000317376	-30	-0.000000000323319	2.31661313868613E-08	43166465.0131075
-13.8	-0.000000319494	-30	-0.000000000454211	2.31517391304348E-08	43193299.4046837
-13.9	-0.00000032184	-30	-0.000000000479829	2.31539568345324E-08	43189162.3166791
-14	-0.000000324194	-30	-0.000000000310695	2.31567142857143E-08	43184019.445147
-14.1	-0.000000325986	-30	-0.000000000373411	2.31195744680851E-08	43253391.249931
-14.2	-0.000000328322	-30	-0.000000000373328	2.31212676056338E-08	43250223.8655954
-14.3	-0.000000330487	-30	-0.00000000040381	2.3110979020979E-08	43269478.0732676
-14.4	-0.000000332798	-30	-0.00000000030545	2.31109722222222E-08	43269490.8022284
-14.5	-0.00000033527	-30	-0.000000000436652	2.31220689655172E-08	43248724.9082829
-14.6	-0.000000337515	-30	-0.000000000392854	2.31174657534247E-08	43257336.710961
-14.7	-0.000000340119	-30	-0.000000000495601	2.31373469387755E-08	43220167.0591763
-14.8	-0.000000341643	-30	-0.000000000402033	2.30839864864865E-08	43320073.8782882
-14.9	-0.000000345283	-30	-0.000000000290596	2.3173355704698E-08	43153007.8225687
-15	-0.000000346689	-30	-0.000000000375354	0.0000000231126	43266443.4118187
-15.1	-0.000000348673	-30	-0.000000000351894	2.30909271523179E-08	43307052.7399598
-15.2	-0.000000350991	-30	-0.000000000572228	2.30915131578947E-08	43305953.7139129
-15.3	-0.000000353291	-30	-0.00000000062089	2.30909150326797E-08	43307075.470363
-15.4	-0.000000355302	-30	-0.000000000426066	2.30715584415584E-08	43343409.2687348
-15.5	-0.000000357123	-30	-0.000000000342131	2.30401935483871E-08	43402413.1741725
-15.6	-0.00000035916	-30	-0.00000000051074	2.30230769230769E-08	43434680.9221517
-15.7	-0.000000361074	-30	-0.000000000254345	2.29983439490446E-08	43481391.6260933
-15.8	-0.000000363155	-30	-0.000000000481915	2.29844936708861E-08	43507593.1764674
-15.9	-0.000000364952	-30	-0.000000000318754	2.29529559748428E-08	43567373.2436046
-16	-0.000000367187	-30	-0.00000000039494	2.29491875E-08	43574527.4206331
-16.1	-0.000000369184	-30	-0.000000000269735	2.29306832298137E-08	43609690.5608044
-16.2	-0.000000371442	-30	-0.000000000628805	2.29285185185185E-08	43613807.8084869
-16.3	-0.000000373833	-30	-0.000000000369358	2.29345398773006E-08	43602357.2022802
-16.4	-0.000000375984	-30	-0.000000000388229	2.29258536585366E-08	43618877.3990383
-16.5	-0.000000378007	-30	-0.000000000465393	2.29095151515152E-08	43649985.3177322
-16.6	-0.000000379611	-30	-0.000000000617838	2.28681325301205E-08	43728975.187758
-16.7	-0.000000381876	-30	-0.000000000381649	2.28668263473054E-08	43731473.0436058
-16.8	-0.000000383485	-30	-0.000000000481856	2.28264880952381E-08	43808753.9277938
-16.9	-0.000000385679	-30	-0.000000000471818	2.28212426035503E-08	43818823.4256986
-17	-0.000000387698	-30	-0.000000000187135	2.28057647058824E-08	43848562.5409468
-17.1	-0.0000003896	-30	-0.000000000342178	2.27836257309942E-08	43891170.4312115
-17.2	-0.000000391757	-30	-0.000000000238276	2.27765697674419E-08	43904767.4961775
-17.3	-0.000000393671	-30	-0.000000000397289	2.2755549132948E-08	43945324.9032822
-17.4	-0.000000395625	-30	-4.41313E-11	2.27370689655172E-08	43981042.6540284
-17.5	-0.000000396879	-30	-0.000000000532401	0.0000000226788	44094043.7765667
-17.6	-0.000000399217	-30	-0.000000000483286	2.26827840909091E-08	44086298.9301558
-17.7	-0.000000401107	-30	-0.000000000303209	2.26614124293785E-08	44127876.1028853
-17.8	-0.000000402979	-30	-0.000000000564301	2.26392696629213E-08	44171036.2078421
-17.9	-0.000000405162	-30	-0.000000000364673	2.2634748603352E-08	44179858.9206293
-18	-0.000000406627	-30	-0.000000000331366	2.25903888888889E-08	44266612.8909295
-18.1	-0.000000408439	-30	-0.000000000582445	2.25656906077348E-08	44315062.9592179
-18.2	-0.000000410347	-30	-0.000000000343394	2.25465384615385E-08	44352706.3680251
-18.3	-0.000000412817	-30	-0.000000000394404	2.2558306010929E-08	44329569.7609352
-18.4	-0.00000041336	-30	-0.000000000298834	2.24652173913043E-08	44513257.2092123
-18.5	-0.000000414917	-30	-0.00000000041914	2.24279459459459E-08	44587230.6991519
-18.6	-0.000000416374	-30	-0.000000000436699	2.23856989247312E-08	44671377.1753279
-18.7	-0.000000418971	-30	-0.00000000032711	2.24048663101604E-08	44633160.7676904
-18.8	-0.000000420018	-30	-0.000000000609601	2.23413829787234E-08	44759986.47677
-18.9	-0.000000422176	-30	2.94447E-12	2.23373544973545E-08	44768058.8190707
-19	-0.000000424719	-30	-0.000000000357533	2.23536315789474E-08	44735460.3867498
-19.1	-0.000000425473	-30	-0.000000000416303	2.22760732984293E-08	44891215.1887429
-19.2	-0.000000426719	-30	-0.000000000359118	2.22249479166667E-08	44994481.145672
-19.3	-0.000000429098	-30	-4.88281E-11	2.22330569948186E-08	44978070.2776522
-19.4	-0.000000431037	-30	-0.00000000067631	2.22184020618557E-08	45007737.154815
-19.5	-0.000000432662	-30	-0.000000000391102	2.21877948717949E-08	45069823.557419
-19.6	-0.000000434004	-30	-0.000000000340784	2.21430612244898E-08	45160874.0933263
-19.7	-0.000000436338	-30	-0.00000000046941	2.21491370558376E-08	45148485.8068745
-19.8	-0.000000437901	-30	-0.000000000352728	2.21162121212121E-08	45215699.4389143
-19.9	-0.000000438649	-30	-0.00000000035013	2.20426633165829E-08	45366568.7143935
-20	-0.000000440228	-30	-0.000000000319076	0.0000000220114	45431003.9343249
-20.1	-0.000000442336	-30	-0.000000000416875	2.20067661691542E-08	45440570.0643854
-20.2	-0.000000444048	-30	-0.000000000253475	2.19825742574257E-08	45490577.5952149
-20.3	-0.000000445424	-30	-0.000000000433505	2.19420689655172E-08	45574553.6836812
-20.4	-0.00000044768	-30	-0.000000000284588	2.19450980392157E-08	45568263.0450322
-20.5	-0.000000449175	-30	-0.000000000531638	2.19109756097561E-08	45639227.4725886
-20.6	-0.000000451136	-30	-0.000000000298548	2.18998058252427E-08	45662505.3199035
-20.7	-0.00000045289	-30	-0.000000000352645	2.18787439613527E-08	45706462.9380203
-20.8	-0.000000454126	-30	-0.000000000482011	2.18329807692308E-08	45802266.3313706
-20.9	-0.000000456105	-30	-0.00000000038588	2.18232057416268E-08	45822782.0348385
-21	-0.0000004574	-30	-0.000000000610924	2.17809523809524E-08	45911674.6829908
-21.1	-0.000000458239	-30	-0.000000000352132	2.17174881516588E-08	46045840.7075784
-21.2	-0.000000459407	-30	-0.000000000346315	2.1670141509434E-08	46146445.3088438
-21.3	-0.000000461022	-30	-0.000000000337458	2.16442253521127E-08	46201699.7019665
-21.4	-0.000000463639	-30	-0.000000000231838	2.16653738317757E-08	46156600.2859984
-21.5	-0.000000464772	-30	-0.000000000214946	2.16173023255814E-08	46259241.090255
-21.6	-0.000000466258	-30	-0.000000000122201	2.15860185185185E-08	46326282.8734306
-21.7	-0.000000468655	-30	-0.000000000215304	2.15970046082949E-08	46302717.3507164
-21.8	-0.000000469491	-30	-0.000000000269341	2.15362844036697E-08	46433264.9614157
-21.9	-0.000000471153	-30	-0.000000000564921	2.15138356164384E-08	46481716.130429
-22	-0.000000472439	-30	-0.000000000211799	0.0000000214745	46566858.3669003
-22.1	-0.000000473431	-30	-0.000000000585544	2.14222171945701E-08	46680508.880914
-22.2	-0.000000474511	-30	-0.000000000306535	2.13743693693694E-08	46785006.0377947
-22.3	-0.000000475811	-30	-0.00000000024755	2.13368161434978E-08	46867348.5900914
-22.4	-0.000000477265	-30	-0.00000000028193	2.13064732142857E-08	46934093.2186521
-22.5	-0.000000478464	-30	-0.000000000188053	2.12650666666667E-08	47025481.540931
-22.6	-0.000000479761	-30	-0.000000000326622	2.12283628318584E-08	47106788.5884847
-22.7	-0.000000481001	-30	-0.000000000432277	2.11894713656388E-08	47193249.0784842
-22.8	-0.000000482576	-30	-0.000000000578201	2.11656140350877E-08	47246444.083419
-22.9	-0.000000483995	-30	-0.000000000134885	2.1135152838428E-08	47314538.3733303
-23	-0.00000048477	-30	-0.000000000508153	2.10769565217391E-08	47445180.188543
-23.1	-0.00000048646	-30	-0.0000000006248	2.10588744588745E-08	47485918.6777947
-23.2	-0.000000487902	-30	-0.000000000366426	2.10302586206897E-08	47550532.6889416
-23.3	-0.000000489144	-30	-9.29952E-11	2.099330472103E-08	47634234.4994521
-23.4	-0.000000490521	-30	-0.000000000198174	2.09624358974359E-08	47704379.6290067
-23.5	-0.000000491361	-30	-0.000000000514519	2.09089787234043E-08	47826343.5641005
-23.6	-0.000000492654	-30	-0.000000000209856	2.08751694915254E-08	47903802.6688102
-23.7	-0.000000493857	-30	-0.000000000502324	2.08378481012658E-08	47989600.2284062
-23.8	-0.000000495258	-30	-0.000000000357521	2.08091596638655E-08	48055760.8357664
-23.9	-0.000000496647	-30	-0.000000000549448	2.07802092050209E-08	48122710.8992906
-24	-0.000000498026	-30	-0.000000000400949	2.07510833333333E-08	48190255.1272423
-24.1	-0.000000498589	-30	-0.000000000200653	2.06883402489627E-08	48336405.3358578
-24.2	-0.000000500428	-30	-9.75847E-11	2.06788429752066E-08	48358605.0340908
-24.3	-0.000000501316	-30	-0.000000000549316	2.06302880658436E-08	48472420.5890097
-24.4	-0.000000502621	-30	-0.000000000467455	2.05992213114754E-08	48545524.3612981
-24.5	-0.000000503545	-30	-0.000000000464976	2.05528571428571E-08	48655035.7962049
-24.6	-0.000000504875	-30	-0.000000000387478	2.05233739837398E-08	48724931.9138401
-24.7	-0.000000505763	-30	-0.000000000414538	2.04762348178138E-08	48837103.5445456
-24.8	-0.00000050669	-30	-0.000000000219619	2.04310483870968E-08	48945114.369733
-24.9	-0.000000508319	-30	-0.000000000372529	2.04144176706827E-08	48984987.7734257
-25	-0.000000509618	-30	-0.000000000278187	0.00000002038472	49056352.012684
-25.1	-0.000000510368	-30	-0.000000000216675	2.03333864541833E-08	49180199.3855414
-25.2	-0.00000051106	-30	-0.000000000173116	2.02801587301587E-08	49309278.7539623
-25.3	-0.000000511844	-30	-0.000000000496232	2.02309881422925E-08	49429122.9358945
-25.4	-0.000000512534	-30	-0.000000000425351	2.01785039370079E-08	49557687.8802187
-25.5	-0.000000513378	-30	-0.000000000283289	2.01324705882353E-08	49671002.6530159
-25.6	-0.000000514549	-30	-0.000000000192344	2.00995703125E-08	49752307.3604263
-25.7	-0.000000515126	-30	-0.000000000302446	2.0043813229572E-08	49890706.3514558
-25.8	-0.000000515988	-30	-0.000000000683713	1.99995348837209E-08	50001162.8177399
-25.9	-0.000000517031	-30	-0.000000000527632	1.99625868725869E-08	50093708.1142137
-26	-0.000000517985	-30	-0.000000000607586	0.0000000199225	50194503.7018447
-26.1	-0.000000518692	-30	-0.000000000249791	1.98732567049808E-08	50318879.0264743
-26.2	-0.000000519365	-30	-0.000000000435805	1.98230916030534E-08	50446217.9777228
-26.3	-0.00000052036	-30	-0.000000000376701	1.97855513307985E-08	50541932.5082635
-26.4	-0.0000005208	-30	-0.000000000669575	1.97272727272727E-08	50691244.2396313
-26.5	-0.000000520526	-30	-2.72393E-11	1.96424905660377E-08	50910040.9969915
-26.6	-0.000000521388	-30	-0.000000000187385	1.96010526315789E-08	51017668.2240481
-26.7	-0.000000521751	-30	-0.000000000217497	1.95412359550562E-08	51173835.7952356
-26.8	-0.000000523229	-30	-0.000000000272548	1.95234701492537E-08	51220402.5388501
-26.9	-0.000000523508	-30	-0.000000000348222	1.94612639405204E-08	51384124.0248478
-27	-0.000000524542	-30	-0.000000000215268	1.94274814814815E-08	51473475.9085068
-27.1	-0.000000525112	-30	-0.000000000589025	1.93768265682657E-08	51608037.9042947
-27.2	-0.000000528087	-30	-0.000000000132775	1.94149632352941E-08	51506664.6215491
-27.3	-0.000000527573	-30	-0.000000000222385	1.93250183150183E-08	51746393.390109
-27.4	-0.000000528313	-30	-9.81569E-11	1.9281496350365E-08	51863194.7349393
-27.5	-0.00000052966	-30	-0.00000000031451	1.92603636363636E-08	51920099.6865914
-27.6	-0.000000529542	-30	-0.000000000450146	1.91863043478261E-08	52120511.6874582
-27.7	-0.00000053045	-30	-0.000000000409281	1.91498194945848E-08	52219813.36601
-27.8	-0.000000531901	-30	-0.000000000223339	1.91331294964029E-08	52265365.1713383
-27.9	-0.000000532852	-30	-0.000000000464094	1.90986379928315E-08	52359754.6785974
-28	-0.000000534232	-30	-0.000000000332713	1.90797142857143E-08	52411686.3085701
-28.1	-0.000000534067	-30	-0.000000000582993	1.90059430604982E-08	52615121.323729
-28.2	-0.000000534768	-30	-0.000000000356042	1.89634042553192E-08	52733147.832331
-28.3	-0.000000535653	-30	-0.000000000441098	1.8927667844523E-08	52832710.728774
-28.4	-0.000000535469	-30	-0.000000000331521	1.88545422535211E-08	53037617.4904616
-28.5	-0.000000536115	-30	-0.000000000179005	1.88110526315789E-08	53160236.1433648
-28.6	-0.000000537292	-30	-0.000000000444007	1.87864335664336E-08	53229901.0593867
-28.7	-0.000000538247	-30	-0.000000000277483	1.87542508710801E-08	53321244.7073555
-28.8	-0.000000539269	-30	-1.49846E-11	1.87246180555556E-08	53405628.7307448
-28.9	-0.00000053952	-30	-0.000000000268245	1.86685121107266E-08	53566132.8588375
-29	-0.000000540706	-30	-0.000000000120258	1.86450344827586E-08	53633582.7603171
-29.1	-0.000000541347	-30	-0.00000000063715	1.86029896907217E-08	53754800.5253562
-29.2	-0.000000541538	-30	-0.000000000215292	1.85458219178082E-08	53920500.5004266
-29.3	-0.000000542906	-30	-0.000000000287008	1.85292150170648E-08	53968827.0160949
-29.4	-0.000000543302	-30	-0.000000000394571	1.84796598639456E-08	54113550.1065706
-29.5	-0.000000544325	-30	-0.000000000345826	1.84516949152542E-08	54195563.3123593
-29.6	-0.000000543663	-30	-0.000000000307286	1.83669932432432E-08	54445492.8880575
-29.7	-0.000000544047	-30	-0.000000000198519	1.83180808080808E-08	54590871.7445368
-29.8	-0.000000545716	-30	-0.000000000112975	1.83126174496644E-08	54607158.3021205
-29.9	-0.000000544802	-30	-0.000000000653672	1.82208026755853E-08	54882324.2205425
-30	-0.000000546499	-30	-0.00000000034833	1.82166333333333E-08	54894885.4435232
-30.1	-0.000000545742	-30	-0.000000000183558	1.81309634551495E-08	55154267.0346061
-30.2	-0.000000547036	-30	-0.000000000380266	1.81137748344371E-08	55206604.3185458
-30.3	-0.000000547722	-30	-0.000000000240207	1.80766336633663E-08	55320034.6161009
-30.4	-0.000000547915	-30	-0.000000000249052	1.80235197368421E-08	55483058.5036
-30.5	-0.000000548943	-30	2.99692E-11	1.7998131147541E-08	55561324.2176328
-30.6	-0.000000549166	-30	-0.000000000540459	1.79466013071895E-08	55720856.7172767
-30.7	-0.000000550026	-30	-0.000000000401366	1.79161563517915E-08	55815543.2652275
-30.8	-0.000000550946	-30	-0.000000000367808	1.78878571428571E-08	55903845.3859362
-30.9	-0.000000550984	-30	-3.68476E-11	1.78311974110032E-08	56081483.3098602
-31	-0.000000551404	-30	-0.000000000295603	1.77872258064516E-08	56220121.7256313
-31.1	-0.000000547896	-30	-0.000000000452602	1.76172347266881E-08	56762597.2812359
-31.2	-0.000000548622	-30	-7.77245E-11	1.75840384615385E-08	56869757.3192471
-31.3	-0.000000549706	-30	-0.000000000315261	1.75624920127796E-08	56939527.6747934
-31.4	-0.000000551343	-30	-0.000000000412631	1.75586942675159E-08	56951843.0450736
-31.5	-0.000000551628	-30	-0.000000000271297	0.000000017512	57103700.3197807
-31.6	-0.00000055362	-30	-0.000000000250018	1.75196202531646E-08	57078862.7578483
-31.7	-0.000000553854	-30	-5.66483E-11	1.74717350157729E-08	57235300.2776905
-31.8	-0.000000554818	-30	-0.000000000296307	1.7447106918239E-08	57316092.8448608
-31.9	-0.000000554493	-30	-9.02772E-11	1.73822257053292E-08	57530031.9390867
-32	-0.00000055502	-30	-0.000000000615156	0.000000017344375	57655579.9790999
-32.1	-0.000000556331	-30	-0.000000000256097	1.73311838006231E-08	57699463.0894198
-32.2	-0.000000556323	-30	-0.000000000562477	1.72771118012422E-08	57880044.5065187
-32.3	-0.000000556293	-30	-0.000000000155365	1.7222693498452E-08	58062927.2703413
-32.4	-0.000000555804	-30	-0.000000000433266	1.71544444444444E-08	58293930.9540773
-32.5	-0.00000055716	-30	-0.000000000272059	1.71433846153846E-08	58331538.5167636
-32.6	-0.000000557547	-30	-0.000000000346804	1.71026687116564E-08	58470406.9791426
-32.7	-0.00000055806	-30	-9.77635E-11	1.70660550458716E-08	58595849.908612
-32.8	-0.000000559409	-30	-7.61747E-12	1.70551524390244E-08	58633307.6514679
-32.9	-0.000000559225	-30	-0.000000000336516	1.69977203647416E-08	58831418.4809334
-33	-0.000000559473	-30	4.32014E-11	1.69537272727273E-08	58984079.6606807
-33.1	-0.000000556164	-30	-0.000000000276387	1.68025377643505E-08	59514819.3698262
-33.2	-0.000000558074	-30	-7.15733E-11	1.68094578313253E-08	59490318.4882292
-33.3	-0.000000558424	-30	-0.000000000428963	1.67694894894895E-08	59632107.5025429
-33.4	-0.00000055849	-30	-0.000000000590801	1.67212574850299E-08	59804114.6663324
-33.5	-0.000000557873	-30	-0.000000000294924	1.66529253731343E-08	60049509.4761711
-33.6	-0.000000559224	-30	-0.000000000691783	1.66435714285714E-08	60083258.2292605
-33.7	-0.000000557518	-30	-0.000000000713921	1.65435608308605E-08	60446478.8580817
-33.8	-0.000000557529	-30	-0.000000000463367	1.64949408284024E-08	60624649.121391
-33.9	-0.000000558771	-30	-0.000000000321221	1.64829203539823E-08	60668860.767649
-34	-0.000000558863	-30	-0.000000000426984	1.64371470588235E-08	60837808.1927055
-34.1	-0.000000558686	-30	-0.000000000238824	1.63837536656891E-08	61036073.9306158
-34.2	-0.000000560081	-30	-0.000000000469983	1.63766374269006E-08	61062596.3030347
-34.3	-0.000000560839	-30	-0.000000000252604	1.63509912536443E-08	61158371.6538971
-34.4	-0.000000561864	-30	-0.00000000061487	1.63332558139535E-08	61224780.3738983
-34.5	-0.00000056195	-30	-0.000000000391352	1.62884057971015E-08	61393362.3987899
-34.6	-0.000000562694	-30	-0.000000000498962	1.62628323699422E-08	61489903.926468
-34.7	-0.000000563377	-30	-0.000000000146484	1.62356484149856E-08	61592858.7784024
-34.8	-0.000000562822	-30	-0.00000000041666	1.61730459770115E-08	61831271.6986898
-34.9	-0.000000563669	-30	-0.000000000458443	1.61509742120344E-08	61915769.7159148
-35	-0.000000563947	-30	0.000000000164235	1.61127714285714E-08	62062569.7095649
-35.1	-0.000000563312	-30	-0.000000000354385	1.60487749287749E-08	62310051.9782998
-35.2	-0.000000565752	-30	-0.000000000116336	0.0000000160725	62218074.3505989
-35.3	-0.00000056631	-30	-0.000000000405455	1.6042776203966E-08	62333350.9915064
-35.4	-0.000000567344	-30	-9.14335E-11	1.60266666666667E-08	62396006.655574
-35.5	-0.000000566498	-30	-0.000000000452089	1.59576901408451E-08	62665711.0881239
-35.6	-0.000000567625	-30	-0.000000000381958	1.59445224719101E-08	62717463.1138516
-35.7	-0.000000566733	-30	-0.000000000193536	1.58748739495798E-08	62992626.157291
-35.8	-0.000000569822	-30	-0.000000000473034	1.59168156424581E-08	62826637.090179
-35.9	-0.000000569527	-30	-0.000000000100791	1.58642618384401E-08	63034763.935687
-36	-0.000000570207	-30	-0.000000000545704	1.58390833333333E-08	63134966.7752237
-36.1	-0.00000057041	-30	-0.000000000483835	1.58008310249307E-08	63287810.5222559
-36.2	-0.000000570282	-30	-0.00000000013293	1.57536464088398E-08	63477367.3375628
-36.3	-0.000000570929	-30	-0.000000000330794	1.57280716253444E-08	63580585.3267219
-36.4	-0.000000571864	-30	-0.000000000791311	1.57105494505495E-08	63651497.5588601
-36.5	-0.000000572814	-30	-0.000000000434673	1.56935342465753E-08	63720509.6244156
-36.6	-0.000000572068	-30	-0.000000000392592	1.56302732240437E-08	63978408.1612675
-36.7	-0.00000057193	-30	0.000000000216973	1.55839237057221E-08	64168691.9727939
-36.8	-0.000000574271	-30	-0.000000000503159	1.56051902173913E-08	64081243.8726664
-36.9	-0.00000057348	-30	-0.000000000384057	1.55414634146341E-08	64344005.0219711
-37	-0.000000573626	-30	-0.00000000015955	1.55034054054054E-08	64501957.7215817
-37.1	-0.000000574215	-30	-0.000000000379479	1.54774932614555E-08	64609945.7520267
-37.2	-0.000000574224	-30	-0.000000000446463	1.54361290322581E-08	64783081.1669314
-37.3	-0.000000573391	-30	-0.000000000260782	1.53724128686327E-08	65051596.5545326
-37.4	-0.000000575518	-30	-0.000000000187707	1.53881818181818E-08	64984935.3104508
-37.5	-0.000000575344	-30	-0.000000000208414	1.53425066666667E-08	65178397.6195111
-37.6	-0.000000576343	-30	-0.00000000042218	1.53282712765957E-08	65238928.901713
-37.7	-0.00000057567	-30	-0.00000000027045	1.52697612732095E-08	65488908.5760939
-37.8	-0.000000577059	-30	-0.000000000337052	1.52661111111111E-08	65504567.1239856
-37.9	-0.000000576715	-30	-0.000000000117087	1.52167546174143E-08	65717035.27739
-38	-0.000000578084	-30	-0.000000000302446	1.52127368421053E-08	65734391.5417137
-38.1	-0.000000578884	-30	-0.00000000016036	1.51938057742782E-08	65816294.8017219
-38.2	-0.000000577932	-30	-0.000000000187171	1.5129109947644E-08	66097741.6028183
-38.3	-0.000000578066	-30	-0.000000000158095	1.50931070496084E-08	66255410.2818709
-38.4	-0.000000578935	-30	-0.000000000276208	1.50764322916667E-08	66328689.749281
-38.5	-0.000000579465	-30	-0.000000000749373	1.5051038961039E-08	66440596.0670619
-38.6	-0.000000580153	-30	-0.000000000395811	1.50298704663212E-08	66534172.8819811
-38.7	-0.000000580613	-30	-0.000000000248158	1.50029198966408E-08	66653691.8739332
-38.8	-0.000000581833	-30	-0.000000000234175	1.49956958762887E-08	66685801.5959906
-38.9	-0.000000583897	-30	-0.000000000515211	1.5010205655527E-08	66621339.0375357
-39	-0.000000583763	-30	-0.000000000206912	1.49682820512821E-08	66807934.0417258
-39.1	-0.000000583742	-30	-0.000000000168383	1.4929462915601E-08	66981646.0011443
-39.2	-0.000000583426	-30	-0.000000000169408	1.48833163265306E-08	67189326.4955624
-39.3	-0.000000583821	-30	-0.000000000397027	1.48554961832061E-08	67315153.1034341
-39.4	-0.000000584188	-30	-0.000000000487006	1.48271065989848E-08	67444041.9864838
-39.5	-0.000000584477	-30	-0.000000000312781	1.47968860759494E-08	67581786.7940056
-39.6	-0.000000584376	-30	-7.08938E-11	1.47569696969697E-08	67764589.9215574
-39.7	-0.000000585469	-30	1.71542E-11	1.47473299748111E-08	67808884.84275
-39.8	-0.000000585585	-30	-0.000000000330234	1.47131909547739E-08	67966221.8123757
-39.9	-0.00000058556	-30	-0.000000000142288	1.46756892230576E-08	68139900.2664116
-40	-0.000000586492	-30	-0.000000000446248	0.0000000146623	68202123.8141356
