0	-5.23448E-11	-5	-0.0000000017221	0	0
-0.2	-0.000000000287569	-5	-0.00000000024544	0.000000001437845	695485257.451255
-0.4	-0.000000000739229	-5	-0.000000000132179	1.8480725E-09	541104312.736649
-0.6	-0.00000000128021	-5	-0.00000000010643	2.13368333333333E-09	468673108.318166
-0.8	-0.00000000180895	-5	-0.00000000015415	2.2611875E-09	442245501.534039
-1	-0.0000000023149	-5	-0.000000000205028	0.0000000023149	431984102.98501
-1.2	-0.00000000282686	-5	-0.00000000013057	2.35571666666667E-09	424499267.738763
-1.4	-0.00000000330468	-5	-0.000000000191307	2.36048571428571E-09	423641623.394701
-1.6	-0.0000000036718	-5	-9.80377E-11	0.000000002294875	435753581.349747
-1.8	-0.00000000403647	-5	-0.000000000161695	2.24248333333333E-09	445934194.977295
-2	-0.00000000433258	-5	-0.000000000105786	0.00000000216629	461618712.176117
-2.2	-0.00000000455651	-5	-0.000000000123346	2.07114090909091E-09	482825671.402016
-2.4	-0.00000000475993	-5	-6.54578E-11	1.98330416666667E-09	504209095.511909
-2.6	-0.00000000489914	-5	-0.000000000176954	1.88428461538462E-09	530705389.109109
-2.8	-0.0000000050145	-5	-7.37309E-11	1.79089285714286E-09	558380695.981653
-3	-0.00000000509622	-5	-9.25064E-11	0.00000000169874	588671603.659183
-3.2	-0.00000000514758	-5	-0.000000000082922	1.60861875E-09	621651339.075838
-3.4	-0.00000000519267	-5	-4.71592E-11	1.52725588235294E-09	654769126.480212
-3.6	-0.00000000522642	-5	-5.03063E-11	1.45178333333333E-09	688808017.725326
-3.8	-0.0000000052492	-5	-7.35998E-11	1.38136842105263E-09	723919835.40349
-4	-0.00000000527085	-5	-0.000000000113726	1.3177125E-09	758890880.977451
-4.2	-0.0000000052902	-5	-0.000000000151098	1.25957142857143E-09	793920834.751049
-4.4	-0.0000000053115	-5	-6.25849E-11	1.20715909090909E-09	828391226.583828
-4.6	-0.00000000532167	-5	-0.000000000107229	1.1568847826087E-09	864390313.566982
-4.8	-0.00000000534245	-5	-4.70996E-11	1.11301041666667E-09	898464187.779015
-5	-0.00000000535045	-5	-6.79851E-11	0.00000000107009	934500836.378248
-5.2	-0.00000000536807	-5	-0.000000000119412	1.03232115384615E-09	968690795.76086
-5.4	-0.00000000536718	-5	-0.000000000126112	9.93922222222222E-10	1006114943.04272
-5.6	-0.0000000053781	-5	-0.000000000124848	0.000000000960375	1041259924.50866
-5.8	-0.00000000539517	-5	-0.000000000133705	9.30201724137931E-10	1075035633.72424
-6	-0.00000000540212	-5	-3.24249E-11	9.00353333333333E-10	1110675068.30652
-6.2	-0.00000000540612	-5	-3.83973E-11	8.71954838709677E-10	1146848386.64329
-6.4	-0.00000000542138	-5	-0.000000000138283	8.47090625E-10	1180511235.14677
-6.6	-0.00000000542119	-5	-0.000000000118041	8.21392424242424E-10	1217444878.33852
-6.8	-0.0000000054368	-5	-6.90341E-11	7.99529411764706E-10	1250735726.89818
-7	-0.00000000543646	-5	-0.000000000110769	7.76637142857143E-10	1287602594.33528
-7.2	-0.00000000544602	-5	-0.000000000077939	7.56391666666667E-10	1322066389.76721
-7.4	-0.00000000545388	-5	-0.000000000123155	7.37010810810811E-10	1356832200.19509
-7.6	-0.00000000545648	-5	-0.000000000019145	7.17957894736842E-10	1392839339.64754
-7.8	-0.00000000546163	-5	-0.000000000107932	7.00208974358974E-10	1428145077.56842
-8	-0.00000000547169	-5	-1.76311E-11	6.8396125E-10	1462071133.41582
-8.2	-0.0000000054798	-5	-5.31077E-11	6.68268292682927E-10	1496404978.28388
-8.4	-0.00000000547951	-5	-2.16126E-11	6.52322619047619E-10	1532983788.69643
-8.6	-0.00000000548111	-5	-0.00000000004915	6.37338372093023E-10	1569025252.18432
-8.8	-0.00000000548909	-5	-7.21455E-11	6.23760227272727E-10	1603180126.39618
-9	-0.00000000549446	-5	-7.30038E-11	6.10495555555555E-10	1638013562.7523
-9.2	-0.00000000549964	-5	-5.42879E-11	5.97786956521739E-10	1672836767.49751
-9.4	-0.00000000550524	-5	-3.33786E-12	5.85663829787234E-10	1707464161.41712
-9.6	-0.00000000551217	-5	-3.56555E-11	5.74184375E-10	1741600857.73842
-9.8	-0.00000000552021	-5	-4.81486E-11	5.63286734693878E-10	1775294780.45219
-10	-0.0000000055215	-5	-2.39491E-11	0.00000000055215	1811102055.60083
-10.2	-0.00000000552981	-5	-0.000000000101006	5.42138235294118E-10	1844548004.36181
-10.4	-0.00000000552962	-5	-2.47359E-11	5.31694230769231E-10	1880780234.44649
-10.6	-0.00000000553582	-5	-1.66655E-11	5.22247169811321E-10	1914802143.13327
-10.8	-0.00000000554676	-5	-0.000000000105512	5.13588888888889E-10	1947082621.20589
-11	-0.00000000554545	-5	-4.76837E-14	5.04131818181818E-10	1983608183.2854
-11.2	-0.00000000555378	-5	-4.42028E-11	4.95873214285714E-10	2016644519.58846
-11.4	-0.00000000555854	-5	-1.86205E-11	4.87591228070176E-10	2050898257.45609
-11.6	-0.00000000555922	-5	-0.000000000058496	4.79243103448276E-10	2086623663.03186
-11.8	-0.00000000556928	-5	-2.03848E-12	4.71972881355932E-10	2118765800.9653
-12	-0.00000000557052	-5	-8.16703E-11	0.00000000046421	2154197453.73861
-12.2	-0.00000000558015	-5	-7.35521E-11	4.57389344262295E-10	2186321156.24132
-12.4	-0.00000000557888	-5	4.95911E-12	4.49909677419355E-10	2222668349.20271
-12.6	-0.00000000558057	-5	-2.07186E-11	4.42902380952381E-10	2257833877.18459
-12.8	-0.00000000558609	-5	-2.16246E-11	4.3641328125E-10	2291405974.48305
-13	-0.00000000559125	-5	-2.25902E-11	4.30096153846154E-10	2325061479.99106
-13.2	-0.00000000559424	-5	-5.03302E-11	4.23806060606061E-10	2359569843.26736
-13.4	-0.00000000559875	-5	-4.87447E-11	4.17817164179104E-10	2393391382.00491
-13.6	-0.00000000560575	-5	-3.58224E-11	4.121875E-10	2426080363.91205
-13.8	-0.00000000561002	-5	-0.000000000033319	4.06523188405797E-10	2459884278.48742
-14	-0.00000000561609	-5	-8.81672E-11	4.01149285714286E-10	2492837543.55788
-14.2	-0.00000000562571	-5	-2.49267E-11	3.9617676056338E-10	2524125843.67129
-14.4	-0.00000000562009	-5	8.33273E-12	3.90284027777778E-10	2562236547.81329
-14.6	-0.00000000562674	-5	-2.47002E-11	3.85393150684932E-10	2594752911.98811
-14.8	-0.00000000562706	-5	-4.19617E-12	3.80206756756757E-10	2630147892.50515
-15	-0.00000000563902	-5	-0.000000000055325	3.75934666666667E-10	2660036673.03893
-15.2	-0.00000000564024	-5	-5.70059E-11	3.71068421052632E-10	2694920783.51276
-15.4	-0.00000000564445	-5	-1.95265E-11	3.66522727272727E-10	2728343771.31519
-15.6	-0.00000000564598	-5	4.02927E-12	3.61921794871795E-10	2763027853.44617
-15.8	-0.00000000565009	-5	-4.03523E-11	3.57600632911392E-10	2796415632.31736
-16	-0.00000000566343	-5	-5.83291E-11	3.53964375E-10	2825143067.01063
-16.2	-0.00000000565767	-5	1.53303E-11	3.49238888888889E-10	2863369549.6556
-16.4	-0.00000000567379	-5	-5.86867E-11	3.45962804878049E-10	2890484138.46829
-16.6	-0.00000000567101	-5	-1.14918E-11	3.41627108433735E-10	2927168176.39186
-16.8	-0.00000000568017	-5	-2.77281E-11	3.38105357142857E-10	2957657957.42029
-17	-0.00000000567532	-5	-6.27995E-11	3.33842352941176E-10	2995425808.58877
-17.2	-0.00000000567631	-5	3.06606E-11	3.30018023255814E-10	3030137536.53342
-17.4	-0.000000005685	-5	2.93136E-11	3.26724137931035E-10	3060686015.83113
-17.6	-0.00000000569669	-5	-1.88231E-11	3.23675568181818E-10	3089513384.08795
-17.8	-0.0000000056995	-5	-5.58138E-11	3.20196629213483E-10	3123080972.01509
-18	-0.00000000570532	-5	-2.58565E-11	3.16962222222222E-10	3154950116.73315
-18.2	-0.00000000570456	-5	-3.98636E-11	3.13437362637363E-10	3190430112.05071
-18.4	-0.00000000570308	-5	-3.65138E-11	0.00000000030995	3226326826.90757
-18.6	-0.00000000570796	-5	-0.000000000030005	3.06879569892473E-10	3258607278.25703
-18.8	-0.0000000057104	-5	-2.83718E-12	3.03744680851064E-10	3292238722.33119
-19	-0.00000000571623	-5	-7.65324E-12	3.00854210526316E-10	3323869053.55453
-19.2	-0.0000000057261	-5	1.15633E-11	2.98234375E-10	3353067532.87578
-19.4	-0.00000000571806	-5	-1.18971E-11	2.94745360824742E-10	3392759082.62593
-19.6	-0.0000000057261	-5	4.96507E-11	2.92147959183673E-10	3422923106.47736
-19.8	-0.00000000572978	-5	-4.05908E-11	2.89382828282828E-10	3455630059.09476
-20	-0.00000000573715	-5	-3.19362E-11	2.868575E-10	3486051436.68895
-20.2	-0.00000000573511	-5	-5.61476E-12	2.83916336633663E-10	3522164352.55819
-20.4	-0.00000000574651	-5	2.53201E-11	2.81691666666667E-10	3549980770.93749
-20.6	-0.00000000574497	-5	3.31402E-11	2.78882038834951E-10	3585745443.40527
-20.8	-0.00000000574775	-5	2.55108E-12	2.76334134615385E-10	3618807359.40151
-21	-0.00000000576503	-5	0.000000000021112	2.74525238095238E-10	3642652336.58801
-21.2	-0.00000000576299	-5	-7.30753E-12	2.71839150943396E-10	3678645980.64546
-21.4	-0.00000000575826	-5	-1.82152E-11	2.69077570093458E-10	3716400440.41082
-21.6	-0.00000000576282	-5	-1.88112E-11	2.66797222222222E-10	3748164960.90456
-21.8	-0.0000000057803	-5	4.95911E-11	2.65151376146789E-10	3771430548.58744
-22	-0.00000000577992	-5	1.41978E-11	2.62723636363636E-10	3806281055.79316
-22.2	-0.00000000577337	-5	2.11954E-11	2.60061711711712E-10	3845241167.63693
-22.4	-0.00000000578303	-5	-1.97887E-11	2.58170982142857E-10	3873402005.52306
-22.6	-0.00000000578198	-5	-9.50098E-12	2.5583982300885E-10	3908695637.13468
-22.8	-0.000000005795	-5	-1.8239E-12	2.54166666666667E-10	3934426229.5082
-23	-0.00000000579187	-5	0.000000000025034	2.51820434782609E-10	3971083605.12235
-23.2	-0.00000000579929	-5	4.50134E-11	2.49969396551724E-10	4000489715.1203
-23.4	-0.00000000580041	-5	3.83854E-11	2.47880769230769E-10	4034197582.58468
-23.6	-0.00000000580816	-5	2.17915E-11	2.46108474576271E-10	4063248946.31002
-23.8	-0.00000000581386	-5	1.87397E-11	2.44279831932773E-10	4093665826.14648
-24	-0.00000000582279	-5	0.000000000032711	2.4261625E-10	4121735456.71405
-24.2	-0.00000000581412	-5	-4.66108E-12	2.40252892561983E-10	4162280792.27811
-24.4	-0.0000000058338	-5	3.83973E-11	2.39090163934426E-10	4182522541.05386
-24.6	-0.00000000582551	-5	1.98245E-11	2.36809349593496E-10	4222806243.57352
-24.8	-0.00000000582731	-5	3.07322E-11	2.34972177419355E-10	4255823012.67652
-25	-0.00000000584161	-5	6.11782E-11	2.336644E-10	4279642084.97315
-25.2	-0.00000000583271	-5	-9.4533E-12	2.31456746031746E-10	4320461672.19011
-25.4	-0.00000000585035	-5	0.00000000006212	2.3032874015748E-10	4341620586.8025
-25.6	-0.00000000584891	-5	3.60012E-11	2.28473046875E-10	4376883898.02544
-25.8	-0.00000000584594	-5	-3.69549E-12	2.26586821705426E-10	4413319329.31231
-26	-0.00000000586321	-5	6.64234E-11	2.25508076923077E-10	4434430968.70144
-26.2	-0.00000000586191	-5	0.000000000042057	2.23737022900763E-10	4469532967.92342
-26.4	-0.00000000585802	-5	8.66652E-12	2.21894696969697E-10	4506642176.02535
-26.6	-0.00000000585918	-5	0.000000000033474	2.2026992481203E-10	4539884420.68685
-26.8	-0.00000000586457	-5	4.90189E-11	2.1882723880597E-10	4569815007.74993
-27	-0.00000000588429	-5	6.65665E-11	2.17936666666667E-10	4588489010.56882
-27.2	-0.00000000587829	-5	6.41704E-11	2.16113602941176E-10	4627196004.28016
-27.4	-0.00000000588082	-5	3.13282E-11	2.14628467153285E-10	4659214191.21823
-27.6	-0.00000000589677	-5	7.78914E-11	2.13651086956522E-10	4680528492.7172
-27.8	-0.00000000588586	-5	7.36713E-12	2.11721582733813E-10	4723184037.67674
-28	-0.00000000589484	-5	7.23004E-11	0.00000000021053	4749916876.45466
-28.2	-0.00000000589722	-5	2.79784E-11	2.09121276595745E-10	4781914190.076
-28.4	-0.00000000590091	-5	5.95212E-11	2.07778521126761E-10	4812817006.19057
-28.6	-0.00000000590911	-5	4.23908E-11	2.06612237762238E-10	4839984363.12744
-28.8	-0.0000000059129	-5	6.02841E-11	2.05309027777778E-10	4870706421.55288
-29	-0.00000000591823	-5	9.25183E-11	2.04076896551724E-10	4900113716.43211
-29.2	-0.00000000591693	-5	3.33428E-11	2.02634589041096E-10	4934991625.72483
-29.4	-0.00000000592173	-5	5.18203E-11	2.01419387755102E-10	4964765364.17567
-29.6	-0.00000000593188	-5	7.04646E-11	2.00401351351351E-10	4989986311.25377
-29.8	-0.00000000592915	-5	2.26498E-13	1.98964765100671E-10	5026015533.42385
-30	-0.00000000594509	-5	0.000000000103951	1.98169666666667E-10	5046180966.14181
-30.2	-0.00000000593799	-5	1.88351E-11	1.96622185430464E-10	5085896069.2086
-30.4	-0.00000000594251	-5	6.20127E-11	1.95477302631579E-10	5115683440.16249
-30.6	-0.00000000595142	-5	0.000000000106931	1.94490849673203E-10	5141630064.75766
-30.8	-0.00000000594766	-5	8.83341E-12	1.93105844155844E-10	5178507177.61271
-31	-0.00000000595657	-5	6.73294E-11	1.92147419354839E-10	5204337395.51453
-31.2	-0.00000000596185	-5	0.00000000006603	1.91084935897436E-10	5233274906.27909
-31.4	-0.0000000059616	-5	2.90036E-11	1.89859872611465E-10	5267042404.72356
-31.6	-0.00000000597541	-5	0.000000000101769	1.89095253164557E-10	5288340046.95912
-31.8	-0.00000000597286	-5	6.22869E-11	1.87825786163522E-10	5324082600.29534
-32	-0.00000000597231	-5	1.80244E-11	1.866346875E-10	5358060783.8508
-32.2	-0.00000000598652	-5	0.0000000001086	1.85916770186335E-10	5378750927.08285
-32.4	-0.00000000598137	-5	2.74301E-11	1.84610185185185E-10	5416819223.68956
-32.6	-0.00000000598432	-5	8.67248E-11	1.83568098159509E-10	5447569648.68189
-32.8	-0.00000000599864	-5	0.000000000104928	1.82885365853659E-10	5467906058.70664
-33	-0.00000000599405	-5	2.66314E-11	1.81637878787879E-10	5505459580.75091
-33.2	-0.00000000600008	-5	4.99249E-11	1.80725301204819E-10	5533259556.53925
-33.4	-0.00000000600111	-5	6.14405E-11	1.79673952095808E-10	5565637023.81726
-33.6	-0.00000000601999	-5	0.000000000111759	1.79166369047619E-10	5581404620.27346
-33.8	-0.00000000600773	-5	3.71218E-11	1.7774349112426E-10	5626085060.41383
-34	-0.00000000602024	-5	8.04186E-11	1.77065882352941E-10	5647615377.46004
-34.2	-0.00000000601453	-5	8.34823E-11	1.75863450292398E-10	5686229846.72119
-34.4	-0.00000000603157	-5	8.07881E-11	1.75336337209302E-10	5703324341.75513
-34.6	-0.00000000603521	-5	8.89897E-11	1.74428034682081E-10	5733023374.49732
-34.8	-0.0000000060262	-5	4.66347E-11	1.73166666666667E-10	5774783445.62079
-35	-0.00000000604615	-5	0.000000000105202	1.72747142857143E-10	5788807753.6945
-35.2	-0.00000000603396	-5	4.91142E-11	1.71419318181818E-10	5833648217.75418
-35.4	-0.00000000604838	-5	0.000000000085187	1.70858192090395E-10	5852806867.29339
-35.6	-0.00000000604825	-5	7.69496E-11	1.69894662921348E-10	5886000082.66854
-35.8	-0.00000000605055	-5	0.000000000067544	1.69009776536313E-10	5916817479.4027
-36	-0.00000000606726	-5	9.73582E-11	0.000000000168535	5933485626.13107
-36.2	-0.0000000060534	-5	5.25355E-11	1.67220994475138E-10	5980110351.20759
-36.4	-0.00000000607756	-5	0.00000000011673	1.66965934065934E-10	5989245684.12323
-36.6	-0.0000000060618	-5	5.27859E-11	1.65622950819672E-10	6037810551.32139
-36.8	-0.00000000608653	-5	0.000000000117815	1.65394836956522E-10	6046137947.23759
-37	-0.00000000606934	-5	5.63979E-11	1.64036216216216E-10	6096214744.93108
-37.2	-0.00000000609077	-5	0.000000000115991	1.63730376344086E-10	6107602158.67616
-37.4	-0.00000000607764	-5	7.26104E-11	1.62503743315508E-10	6153704398.41781
-37.6	-0.0000000061011	-5	0.000000000115228	1.6226329787234E-10	6162823097.47423
-37.8	-0.00000000608902	-5	9.85742E-11	1.61085185185185E-10	6207895523.41756
-38	-0.00000000610625	-5	9.88603E-11	1.60690789473684E-10	6223132036.84749
-38.2	-0.0000000060985	-5	0.000000000127232	1.59646596858639E-10	6263835369.35312
-38.4	-0.00000000609972	-5	0.000000000127339	1.58846875E-10	6295370935.05931
-38.6	-0.00000000611881	-5	9.41277E-11	1.58518393782383E-10	6308416178.9629
-38.8	-0.00000000612235	-5	0.000000000132155	1.57792525773196E-10	6337435788.54525
-39	-0.00000000611327	-5	0.000000000102401	1.56750512820513E-10	6379564455.68411
-39.2	-0.00000000611697	-5	0.000000000106311	1.56045153061224E-10	6408401545.20948
-39.4	-0.00000000613637	-5	0.000000000110686	1.55745431472081E-10	6420734082.20169
-39.6	-0.00000000612336	-5	5.25713E-11	1.54630303030303E-10	6467037704.78953
-39.8	-0.00000000613204	-5	0.000000000106835	1.5407135678392E-10	6490499083.50239
-40	-0.00000000614433	-5	7.70927E-11	1.5360825E-10	6510067004.86465
