0	6.93798E-12	-15	-0.00000000026927	0	0
-0.15	-0.000000000494123	-15	-8.31485E-11	3.29415333333333E-09	303568139.916579
-0.3	-0.00000000240719	-15	-0.000000000057435	8.02396666666667E-09	124626639.359585
-0.45	-0.00000000555419	-15	-4.47512E-11	1.23426444444444E-08	81019914.695032
-0.6	-0.00000000930555	-15	-3.19123E-11	0.00000001550925	64477650.4344182
-0.75	-0.0000000133544	-15	-2.14338E-11	1.78058666666667E-08	56161265.2009824
-0.9	-0.000000017552	-15	-1.08123E-11	1.95022222222222E-08	51276207.8395624
-1.05	-0.0000000218395	-15	-9.50098E-12	2.07995238095238E-08	48078023.7642803
-1.2	-0.0000000261773	-15	-6.36578E-12	2.18144166666667E-08	45841244.1313657
-1.35	-0.0000000305656	-15	-2.33889E-11	2.26411851851852E-08	44167299.186013
-1.5	-0.0000000349478	-15	-1.60575E-11	2.32985333333333E-08	42921156.6965589
-1.65	-0.0000000393449	-15	-1.98245E-11	2.38453939393939E-08	41936820.2740381
-1.8	-0.0000000437102	-15	-2.32577E-11	2.42834444444444E-08	41180319.4677672
-1.95	-0.0000000480671	-15	-3.34859E-11	2.46497948717949E-08	40568288.9127907
-2.1	-0.0000000524812	-15	-3.04461E-11	2.49910476190476E-08	40014328.9406492
-2.25	-0.000000056776	-15	-2.72989E-11	2.52337777777778E-08	39629420.8820628
-2.4	-0.0000000610431	-15	-1.48892E-11	0.000000025434625	39316482.9440182
-2.55	-0.0000000652518	-15	-1.19805E-11	2.55889411764706E-08	39079381.7182055
-2.7	-0.0000000694562	-15	-1.14322E-11	2.57245185185185E-08	38873419.5075458
-2.85	-0.0000000735606	-15	-9.38177E-12	2.58107368421053E-08	38743566.5288211
-3	-0.0000000776564	-15	-5.53131E-12	2.58854666666667E-08	38631716.1238481
-3.15	-0.0000000817032	-15	-5.98431E-12	2.59375238095238E-08	38554181.4763681
-3.3	-0.0000000856524	-15	-2.03252E-11	2.59552727272727E-08	38527817.0839346
-3.45	-0.0000000895545	-15	-2.43306E-11	2.59578260869565E-08	38524027.2683115
-3.6	-0.0000000934474	-15	-4.64916E-13	2.59576111111111E-08	38524346.3167515
-3.75	-0.0000000972177	-15	-2.70247E-11	0.00000002592472	38573222.7773338
-3.9	-0.000000102604	-15	-5.47171E-12	2.63087179487179E-08	38010214.0267436
-4.05	-0.000000104248	-15	-2.18153E-11	2.57402469135802E-08	38849666.1806462
-4.2	-0.000000107854	-15	-2.72989E-11	2.56795238095238E-08	38941532.0711332
-4.35	-0.000000111382	-15	-3.18289E-12	2.56050574712644E-08	39054784.4355461
-4.5	-0.000000114848	-15	-4.52995E-12	2.55217777777778E-08	39182223.460574
-4.65	-0.000000118242	-15	-2.13742E-11	2.54283870967742E-08	39326127.7718577
-4.8	-0.00000012159	-15	-2.88367E-11	0.00000002533125	39476930.6686405
-4.95	-0.00000012485	-15	-2.21372E-11	2.52222222222222E-08	39647577.092511
-5.1	-0.000000128018	-15	-1.65462E-11	2.5101568627451E-08	39838147.7604712
-5.25	-0.000000131046	-15	-4.52399E-11	2.49611428571429E-08	40062268.2111625
-5.4	-0.000000134087	-15	-4.99129E-11	2.48309259259259E-08	40272360.4823734
-5.55	-0.000000137076	-15	-6.15001E-11	2.46983783783784E-08	40488488.1379673
-5.7	-0.000000139947	-15	-3.47018E-11	2.45521052631579E-08	40729704.8168235
-5.85	-0.000000142788	-15	1.00136E-11	2.44082051282051E-08	40969829.3974284
-6	-0.000000145468	-15	-3.19004E-11	2.42446666666667E-08	41246184.7279127
-6.15	-0.000000148163	-15	-1.86563E-11	2.40915447154472E-08	41508338.7890364
-6.3	-0.000000150788	-15	-6.49691E-12	2.39346031746032E-08	41780513.0381728
-6.45	-0.000000153444	-15	-1.89543E-11	2.37897674418605E-08	42034879.1741613
-6.6	-0.000000155911	-15	-4.93526E-12	2.36228787878788E-08	42331843.166935
-6.75	-0.000000158358	-15	-1.23978E-12	2.34604444444444E-08	42624938.4306445
-6.9	-0.000000160728	-15	2.26498E-13	2.32939130434783E-08	42929670.0014932
-7.05	-0.000000163063	-15	1.83105E-11	2.31295035460993E-08	43234823.3504842
-7.2	-0.000000165386	-15	2.24113E-12	2.29702777777778E-08	43534519.2458854
-7.35	-0.00000016754	-15	1.73092E-11	2.27945578231293E-08	43870120.5682225
-7.5	-0.000000169739	-15	-3.23057E-11	2.26318666666667E-08	44185484.7736819
-7.65	-0.000000171883	-15	-4.60148E-12	2.24683660130719E-08	44507019.3096467
-7.8	-0.000000173915	-15	-6.52075E-12	2.22967948717949E-08	44849495.4431763
-7.95	-0.000000175872	-15	-0.000000000040555	2.21222641509434E-08	45203329.6943231
-8.1	-0.000000177788	-15	-3.69191E-11	2.19491358024691E-08	45559880.3068824
-8.25	-0.000000179678	-15	-2.00391E-11	2.17791515151515E-08	45915471.0092499
-8.4	-0.000000181363	-15	-0.000000000105464	2.15908333333333E-08	46315951.9857964
-8.55	-0.00000018321	-15	-6.13213E-11	2.14280701754386E-08	46667758.3101359
-8.7	-0.000000184951	-15	-0.00000000009377	2.12587356321839E-08	47039486.1341653
-8.85	-0.000000186541	-15	-3.10659E-11	2.10780790960452E-08	47442653.3577069
-9	-0.000000188085	-15	-2.19464E-11	2.08983333333333E-08	47850705.7979105
-9.15	-0.000000189655	-15	4.20809E-12	2.07273224043716E-08	48245498.4049985
-9.3	-0.000000191074	-15	-6.52194E-11	2.05455913978495E-08	48672242.1679559
-9.45	-0.00000019246	-15	-5.31435E-11	2.03661375661376E-08	49101111.9193599
-9.6	-0.000000193811	-15	-2.44498E-11	2.01886458333333E-08	49532792.2563735
-9.75	-0.000000195098	-15	-3.02553E-11	2.00100512820513E-08	49974884.4170622
-9.9	-0.000000196346	-15	-0.000000000031054	1.98329292929293E-08	50421195.2369796
-10.05	-0.000000197505	-15	3.49164E-11	1.96522388059701E-08	50884787.726893
-10.2	-0.00000019859	-15	2.28524E-11	1.94696078431373E-08	51362102.8249156
-10.35	-0.000000199634	-15	-1.85609E-11	1.9288309178744E-08	51844876.1233056
-10.5	-0.000000200614	-15	-0.000000000010705	1.91060952380952E-08	52339318.292841
-10.65	-0.000000201563	-15	-4.42028E-11	1.8926103286385E-08	52837078.2336044
-10.8	-0.00000020243	-15	-2.86102E-12	1.87435185185185E-08	53351775.9225411
-10.95	-0.000000203209	-15	9.64403E-12	1.8557899543379E-08	53885408.6187128
-11.1	-0.000000203935	-15	5.06997E-11	1.83725225225225E-08	54429107.3136048
-11.25	-0.000000204587	-15	-1.67847E-11	1.81855111111111E-08	54988831.1574049
-11.4	-0.000000205127	-15	-2.92659E-11	1.79935964912281E-08	55575326.5050432
-11.55	-0.000000205741	-15	-3.94583E-11	1.78130735930736E-08	56138543.1197477
-11.7	-0.000000206217	-15	-2.69294E-11	1.76253846153846E-08	56736350.5433597
-11.85	-0.000000206584	-15	-2.24352E-11	1.74332489451477E-08	57361654.339155
-12	-0.000000206983	-15	-3.37243E-11	1.72485833333333E-08	57975775.7883498
-12.15	-0.000000207276	-15	-2.22206E-11	1.70597530864198E-08	58617495.5132287
-12.3	-0.000000207541	-15	-1.77503E-11	1.68732520325203E-08	59265398.1622908
-12.45	-0.000000207856	-15	-5.48959E-11	1.66952610441767E-08	59897236.5483796
-12.6	-0.000000208098	-15	-4.11987E-11	1.65157142857143E-08	60548395.4675201
-12.75	-0.000000208187	-15	-0.000000000091958	1.63283921568627E-08	61243017.0952077
-12.9	-0.000000208234	-15	-0.00000000003407	1.61421705426357E-08	61949537.5394988
-13.05	-0.000000208295	-15	-0.000000000038898	1.59613026819923E-08	62651527.8811301
-13.2	-0.000000208362	-15	-7.48038E-11	0.000000015785	63351282.863478
-13.35	-0.000000208446	-15	-2.19584E-11	1.56139325842697E-08	64045364.2670044
-13.5	-0.000000208488	-15	-6.57082E-11	1.54435555555556E-08	64751928.1685277
-13.65	-0.000000208464	-15	-3.98636E-11	1.52720879120879E-08	65478931.6140916
-13.8	-0.000000208548	-15	-4.78506E-11	1.51121739130435E-08	66171816.5602164
-13.95	-0.000000208317	-15	-2.54393E-11	1.49331182795699E-08	66965250.0756059
-14.1	-0.000000208572	-15	-2.56896E-11	1.47923404255319E-08	67602554.5135493
-14.25	-0.000000208517	-15	-3.03626E-11	1.46327719298246E-08	68339751.6749234
-14.4	-0.000000208495	-15	-5.63383E-11	1.44788194444444E-08	69066404.4701312
-14.55	-0.000000208563	-15	-2.57373E-11	1.43342268041237E-08	69763093.1660937
-14.7	-0.000000208366	-15	-9.64642E-11	1.41745578231293E-08	70548937.9265331
-14.85	-0.00000020847	-15	3.88622E-11	1.40383838383838E-08	71233270.9742409
-15	-0.00000020845	-15	-3.01838E-11	1.38966666666667E-08	71959702.5665627
-15.15	-0.000000208508	-15	-3.57151E-11	1.3762904290429E-08	72659082.6251271
-15.3	-0.000000208406	-15	-6.44207E-11	1.36213071895425E-08	73414393.0597008
-15.45	-0.00000020845	-15	-4.20928E-11	1.34919093851133E-08	74118493.6435596
-15.6	-0.000000208427	-15	-5.76735E-11	1.33607051282051E-08	74846349.081453
-15.75	-0.000000208534	-15	-1.46389E-11	1.3240253968254E-08	75527252.1507284
-15.9	-0.000000208496	-15	4.45843E-12	1.31129559748428E-08	76260455.8360832
-16.05	-0.000000208396	-15	-5.28574E-11	1.29841744548287E-08	77016833.3365324
-16.2	-0.000000208352	-15	-0.000000000129795	1.28612345679012E-08	77753033.3282138
-16.35	-0.000000208483	-15	-3.60012E-11	1.275125382263E-08	78423660.4423382
-16.5	-0.000000208549	-15	-2.73108E-11	1.26393333333333E-08	79118096.9460415
-16.65	-0.000000208473	-15	-2.11954E-11	1.25209009009009E-08	79866457.526874
-16.8	-0.000000208628	-15	-0.000000000013113	1.24183333333333E-08	80526103.878674
-16.95	-0.000000208434	-15	-3.07798E-11	1.22969911504425E-08	81320705.8349406
-17.1	-0.000000208447	-15	2.86102E-13	1.21898830409357E-08	82035241.5721982
-17.25	-0.000000208446	-15	-2.25544E-11	1.20838260869565E-08	82755245.9629832
-17.4	-0.000000208472	-15	-2.90275E-11	1.19811494252874E-08	83464446.0646993
-17.55	-0.000000208267	-15	-2.20656E-11	1.18670655270655E-08	84266830.5588499
-17.7	-0.000000208407	-15	3.54052E-12	1.1774406779661E-08	84929968.7630454
-17.85	-0.000000208458	-15	-4.55737E-11	1.16783193277311E-08	85628759.7501655
-18	-0.000000208331	-15	-3.25918E-11	1.15739444444444E-08	86400967.6908381
-18.15	-0.000000208387	-15	-1.55449E-11	1.14813774104683E-08	87097563.6675992
-18.3	-0.000000208338	-15	6.31809E-12	1.13845901639344E-08	87838032.4280736
-18.45	-0.000000208332	-15	-4.49896E-11	1.12917073170732E-08	88560566.7876274
-18.6	-0.000000208344	-15	-0.000000000097239	1.12012903225806E-08	89275429.0980302
-18.75	-0.000000208262	-15	9.4533E-12	1.11073066666667E-08	90030826.5550124
-18.9	-0.000000208223	-15	1.95861E-11	1.10170899470899E-08	90768070.7702799
-19.05	-0.000000208266	-15	-0.00000000006814	1.09325984251968E-08	91469562.9627496
-19.2	-0.000000208147	-15	1.44958E-11	1.08409895833333E-08	92242501.6935147
-19.35	-0.000000208214	-15	-4.70281E-11	1.07604134366925E-08	92933232.1553786
-19.5	-0.000000208188	-15	-2.49505E-11	1.06763076923077E-08	93665340.941841
-19.65	-0.000000208154	-15	-1.19448E-11	1.05930788804071E-08	94401260.6051289
-19.8	-0.000000208058	-15	-6.64473E-11	1.05079797979798E-08	95165771.0830634
-19.95	-0.000000208201	-15	-5.01871E-12	1.04361403508772E-08	95820865.4137108
-20.1	-0.000000208263	-15	-3.26514E-11	1.03613432835821E-08	96512582.6479019
-20.25	-0.000000208247	-15	-3.84212E-11	1.02838024691358E-08	97240296.3788194
-20.4	-0.00000020828	-15	-6.67572E-13	1.02098039215686E-08	97945073.9389284
-20.55	-0.000000208355	-15	-5.33462E-11	1.01389294403893E-08	98629742.5067793
-20.7	-0.000000208297	-15	-4.44055E-11	1.00626570048309E-08	99377331.4065973
-20.85	-0.000000208245	-15	4.20809E-12	9.98776978417266E-09	100122451.919614
-21	-0.000000208137	-15	1.13249E-12	9.91128571428571E-09	100895083.526716
-21.15	-0.00000020825	-15	-3.29018E-11	9.84633569739953E-09	101560624.2497
-21.3	-0.000000208125	-15	-6.67691E-11	9.77112676056338E-09	102342342.342342
-21.45	-0.000000208227	-15	-3.99828E-11	9.70755244755245E-09	103012577.619617
-21.6	-0.000000208179	-15	1.24812E-11	9.63791666666667E-09	103756863.084173
-21.75	-0.000000208184	-15	-3.03507E-11	9.57167816091954E-09	104474887.599431
-21.9	-0.000000208122	-15	-5.72085E-11	9.50328767123288E-09	105226742.007092
-22.05	-0.000000208069	-15	-5.84126E-11	9.4362358276644E-09	105974460.39535
-22.2	-0.000000207975	-15	-4.48823E-11	9.36824324324325E-09	106743598.990263
-22.35	-0.000000207964	-15	-8.65459E-12	9.30487695749441E-09	107470523.744494
-22.5	-0.000000207954	-15	-8.40425E-12	0.0000000092424	108197005.106899
-22.65	-0.000000208084	-15	-0.000000000049305	9.18693156732892E-09	108850272.005536
-22.8	-0.000000208003	-15	-1.37806E-11	9.12293859649123E-09	109613803.647063
-22.95	-0.000000207938	-15	-4.33803E-11	9.06047930283224E-09	110369437.043734
-23.1	-0.000000207888	-15	1.43766E-11	8.99948051948052E-09	111117524.821057
-23.25	-0.000000207901	-15	1.51396E-12	8.94197849462366E-09	111832073.919798
-23.4	-0.000000207945	-15	-3.65496E-11	8.88653846153846E-09	112529755.464185
-23.55	-0.000000207918	-15	-7.30753E-12	8.8287898089172E-09	113265806.712262
-23.7	-0.000000207943	-15	-4.78268E-11	8.77396624472574E-09	113973540.826092
-23.85	-0.000000207924	-15	-3.01719E-11	8.71798742138365E-09	114705373.1171
-24	-0.000000207901	-15	-2.22087E-11	8.66254166666667E-09	115439560.175276
-24.15	-0.000000207906	-15	-5.11408E-12	8.60894409937888E-09	116158263.83077
-24.3	-0.000000207883	-15	-0.000000000054431	8.55485596707819E-09	116892675.206727
-24.45	-0.000000207749	-15	-1.67608E-11	8.49689161554192E-09	117690097.184583
-24.6	-0.000000207789	-15	-5.14984E-12	8.44670731707317E-09	118389327.635245
-24.75	-0.000000207771	-15	-1.72019E-11	8.39478787878788E-09	119121532.841446
-24.9	-0.000000207794	-15	-1.92642E-11	8.345140562249E-09	119830216.464383
-25.05	-0.000000207864	-15	4.37737E-11	8.29796407185629E-09	120511488.280799
-25.2	-0.000000207793	-15	-4.81725E-11	8.24575396825397E-09	121274537.640825
-25.35	-0.000000207813	-15	2.02656E-12	8.19775147928994E-09	121984668.909067
-25.5	-0.000000207706	-15	-2.13027E-11	8.14533333333333E-09	122769684.07268
-25.65	-0.000000207672	-15	-1.52111E-11	8.09637426900585E-09	123512076.736392
-25.8	-0.000000207632	-15	-7.69734E-11	8.0477519379845E-09	124258303.15173
-25.95	-0.000000207656	-15	-2.48432E-11	8.00215799614644E-09	124966290.403359
-26.1	-0.000000207696	-15	-6.58512E-11	7.95770114942529E-09	125664432.632309
-26.25	-0.000000207635	-15	-4.98295E-11	7.90990476190476E-09	126423772.485371
-26.4	-0.000000207708	-15	-6.67572E-13	7.86772727272727E-09	127101507.886071
-26.55	-0.000000207744	-15	-2.68459E-11	7.82463276836158E-09	127801524.953789
-26.7	-0.000000207638	-15	-7.22408E-12	7.77670411985019E-09	128589179.244647
-26.85	-0.000000207758	-15	-0.000000000104725	7.73772811918063E-09	129236900.624765
-27	-0.000000207611	-15	-3.93987E-11	7.6892962962963E-09	130050912.523903
-27.15	-0.000000207604	-15	-9.08971E-11	7.6465561694291E-09	130777827.01682
-27.3	-0.000000207557	-15	-4.21166E-11	7.60282051282051E-09	131530133.890931
-27.45	-0.000000207581	-15	-2.33889E-11	7.56214936247723E-09	132237536.190692
-27.6	-0.000000207665	-15	-1.83225E-11	7.52409420289855E-09	132906363.614475
-27.75	-0.000000207593	-15	-1.74165E-11	7.48082882882883E-09	133675027.578001
-27.9	-0.000000207546	-15	-2.70367E-11	7.4389247311828E-09	134428030.412535
-28.05	-0.000000207564	-15	-2.40088E-11	7.39978609625668E-09	135139041.452275
-28.2	-0.00000020758	-15	-2.91944E-11	7.36099290780142E-09	135851238.076886
-28.35	-0.000000207489	-15	-1.94907E-11	7.31883597883598E-09	136633749.258997
-28.5	-0.000000207366	-15	-7.52449E-11	0.000000007276	137438152.831226
-28.65	-0.000000207384	-15	1.72019E-11	7.23853403141361E-09	138149519.731513
-28.8	-0.000000207356	-15	-2.08974E-11	7.19986111111111E-09	138891568.124385
-28.95	-0.000000207391	-15	-1.03116E-11	7.16376511226252E-09	139591399.819664
-29.1	-0.000000207327	-15	-5.80192E-11	7.12463917525773E-09	140357985.211767
-29.25	-0.000000207239	-15	1.93119E-12	7.08509401709402E-09	141141387.480156
-29.4	-0.000000207278	-15	-5.19395E-11	7.05027210884354E-09	141838497.090863
-29.55	-0.000000207211	-15	2.79665E-11	7.0122165820643E-09	142608259.214038
-29.7	-0.00000020724	-15	2.08855E-11	6.97777777777778E-09	143312101.910828
-29.85	-0.000000207245	-15	-2.57492E-12	6.9428810720268E-09	144032425.390239
-30	-0.000000207193	-15	-9.10759E-12	6.90643333333333E-09	144792536.427389
