0	-0.000000000202262	-50	0.000000000192416	0.000000001	1000000000
-0.25	-0.000000000158656	-50	0.000000000138986	0.000000001	1000000000
-0.5	-0.000000000138009	-50	0.000000000152004	0.000000001	1000000000
-0.75	-0.000000000107229	-50	0.000000000104296	0.000000001	1000000000
-1	-8.38757E-11	-50	8.16941E-11	0.000000001	1000000000
-1.25	-0.00000000010829	-50	8.89897E-11	0.000000001	1000000000
-1.5	-0.00000000010463	-50	5.71251E-11	0.000000001	1000000000
-1.75	-0.000000000085187	-50	0.000000000095427	0.000000001	1000000000
-2	-8.19564E-11	-50	0.000000000177491	0.000000001	1000000000
-2.25	-9.48906E-11	-50	3.50237E-11	0.000000001	1000000000
-2.5	-8.21829E-11	-50	5.12242E-11	0.000000001	1000000000
-2.75	-8.77857E-11	-50	7.73191E-11	0.000000001	1000000000
-3	-8.30412E-11	-50	3.65734E-11	0.000000001	1000000000
-3.25	0.000000000234985	-50	-0.000000000060606	0	0
-3.5	2.48551E-11	-50	0.000000000124633	0	0
-3.75	-9.15051E-11	-50	6.69241E-11	0.000000001	1000000000
-4	-8.35896E-11	-50	4.50611E-11	0.000000001	1000000000
-4.25	-7.86185E-11	-50	0.000000000070405	0.000000001	1000000000
-4.5	-6.75797E-11	-50	1.97649E-11	0.000000001	1000000000
-4.75	-5.60641E-11	-50	0.000000000048101	0.000000001	1000000000
-5	-6.50883E-11	-50	6.30379E-11	0.000000001	1000000000
-5.25	-6.22749E-11	-50	-2.21729E-12	0.000000001	1000000000
-5.5	-6.82592E-11	-50	5.55158E-11	0.000000001	1000000000
-5.75	-6.57558E-11	-50	-7.03335E-13	0.000000001	1000000000
-6	-6.78659E-11	-50	-7.39098E-12	0.000000001	1000000000
-6.25	-6.45518E-11	-50	3.67761E-11	0.000000001	1000000000
-6.5	-6.57201E-11	-50	-2.88248E-11	0.000000001	1000000000
-6.75	-6.25134E-11	-50	-1.50919E-11	0.000000001	1000000000
-7	-5.72324E-11	-50	1.31249E-11	0.000000001	1000000000
-7.25	-5.82337E-11	-50	-5.10812E-11	0.000000001	1000000000
-7.5	-6.07729E-11	-50	-2.04563E-11	0.000000001	1000000000
-7.75	-6.01888E-11	-50	-0.00000000004704	0.000000001	1000000000
-8	-5.91397E-11	-50	-4.88162E-11	0.000000001	1000000000
-8.25	-5.87821E-11	-50	-5.79596E-11	0.000000001	1000000000
-8.5	-5.32985E-11	-50	-0.000000000095892	0.000000001	1000000000
-8.75	-4.79102E-11	-50	-0.000000000104594	0.000000001	1000000000
-9	-4.78148E-11	-50	-7.68662E-11	0.000000001	1000000000
-9.25	-5.12123E-11	-50	-0.000000000144172	0.000000001	1000000000
-9.5	-4.69923E-11	-50	-0.000000000136864	0.000000001	1000000000
-9.75	-5.03659E-11	-50	-0.000000000110936	0.000000001	1000000000
-10	-5.73993E-11	-50	-0.000000000185132	0.000000001	1000000000
-10.25	-5.15342E-11	-50	-0.000000000179052	0.000000001	1000000000
-10.5	-5.73158E-11	-50	-0.00000000020864	0.000000001	1000000000
-10.75	-5.77331E-11	-50	-0.000000000232112	0.000000001	1000000000
-11	-4.74691E-11	-50	-0.000000000220025	0.000000001	1000000000
-11.25	-5.55873E-11	-50	-0.000000000301397	0.000000001	1000000000
-11.5	-0.000000000053072	-50	-0.00000000027864	0.000000001	1000000000
-11.75	-0.000000000051713	-50	-0.000000000301409	0.000000001	1000000000
-12	-0.000000000051105	-50	-0.000000000313497	0.000000001	1000000000
-12.25	-5.52177E-11	-50	-0.0000000003631	0.000000001	1000000000
-12.5	-5.49555E-11	-50	-0.000000000353646	0.000000001	1000000000
-12.75	-4.87328E-11	-50	-0.000000000389493	0.000000001	1000000000
-13	-5.01394E-11	-50	-0.000000000409591	0.000000001	1000000000
-13.25	-5.25594E-11	-50	-0.000000000466907	0.000000001	1000000000
-13.5	-5.82337E-11	-50	-0.000000000510907	0.000000001	1000000000
-13.75	-6.50764E-11	-50	-0.000000000486231	0.000000001	1000000000
-14	-8.06212E-11	-50	-0.000000000563586	0.000000001	1000000000
-14.25	-5.19753E-11	-50	-0.000000000522101	0.000000001	1000000000
-14.5	-9.62615E-11	-50	-0.000000000582659	0.000000001	1000000000
-14.75	-0.000000000105405	-50	-0.00000000055666	0.000000001	1000000000
-15	-0.000000000136256	-50	-0.00000000057267	0.000000001	1000000000
-15.25	-0.000000000153816	-50	-0.000000000570059	0.000000001	1000000000
-15.5	-0.000000000177574	-50	-0.000000000524032	0.000000001	1000000000
-15.75	-0.000000000206363	-50	-0.000000000557077	0.000000001	1000000000
-16	-0.000000000230527	-50	-0.000000000490284	0.000000001	1000000000
-16.25	-0.000000000255561	-50	-0.000000000550365	0.000000001	1000000000
-16.5	-0.00000000028671	-50	-0.00000000050379	0.000000001	1000000000
-16.75	-0.000000000306225	-50	-0.000000000486445	0.000000001	1000000000
-17	-0.000000000338614	-50	-0.000000000496638	0.000000001	1000000000
-17.25	-0.000000000372422	-50	-0.000000000500977	0.000000001	1000000000
-17.5	-0.000000000391614	-50	-0.000000000434434	0.000000001	1000000000
-17.75	-0.000000000441384	-50	-0.000000000491858	0.000000001	1000000000
-18	-0.000000000446963	-50	-0.000000000482416	0.000000001	1000000000
-18.25	-0.00000000048188	-50	-0.000000000432622	0.000000001	1000000000
-18.5	-0.000000000508392	-50	-0.000000000481093	0.000000001	1000000000
-18.75	-0.000000000537622	-50	-0.000000000436616	0.000000001	1000000000
-19	-0.000000000572038	-50	-0.000000000437021	0.000000001	1000000000
-19.25	-0.000000000591469	-50	-0.000000000458157	0.000000001	1000000000
-19.5	-0.000000000619054	-50	-0.00000000039748	0.000000001	1000000000
-19.75	-0.000000000649226	-50	-0.000000000465393	0.000000001	1000000000
-20	-0.000000000685811	-50	-0.000000000418401	0.000000001	1000000000
-20.25	-0.000000000716054	-50	-0.000000000441778	0.000000001	1000000000
-20.5	-0.000000000745344	-50	-0.000000000451911	0.000000001	1000000000
-20.75	-0.000000000782049	-50	-0.000000000407195	0.000000001	1000000000
-21	-0.000000000806546	-50	-0.000000000469959	0.000000001	1000000000
-21.25	-0.000000000838125	-50	-0.000000000421083	0.000000001	1000000000
-21.5	-0.000000000871038	-50	-0.000000000400186	0.000000001	1000000000
-21.75	-0.000000000900316	-50	-0.000000000454474	0.000000001	1000000000
-22	-0.000000000934887	-50	-0.000000000424635	0.000000001	1000000000
-22.25	-0.000000000965619	-50	-0.000000000413632	0.000000001	1000000000
-22.5	-0.00000000100489	-50	-0.00000000042026	0.000000001	1000000000
-22.75	-0.00000000103912	-50	-0.000000000438726	0.000000001	1000000000
-23	-0.00000000108275	-50	-0.000000000447559	0.000000001	1000000000
-23.25	-0.00000000111007	-50	-0.000000000403702	0.000000001	1000000000
-23.5	-0.00000000113753	-50	-0.000000000443542	0.000000001	1000000000
-23.75	-0.00000000118243	-50	-0.000000000409675	0.000000001	1000000000
-24	-0.00000000122223	-50	-0.000000000433695	0.000000001	1000000000
-24.25	-0.00000000124931	-50	-0.000000000403976	0.000000001	1000000000
-24.5	-0.00000000128378	-50	-0.000000000409389	0.000000001	1000000000
-24.75	-0.00000000132581	-50	-0.000000000440359	0.000000001	1000000000
-25	-0.00000000137597	-50	-0.000000000385857	0.000000001	1000000000
-25.25	-0.00000000140201	-50	-0.000000000430667	0.000000001	1000000000
-25.5	-0.0000000014328	-50	-0.000000000412524	0.000000001	1000000000
-25.75	-0.00000000147474	-50	-0.000000000428629	0.000000001	1000000000
-26	-0.00000000151205	-50	-0.000000000433695	0.000000001	1000000000
-26.25	-0.00000000154877	-50	-0.000000000381422	0.000000001	1000000000
-26.5	-0.00000000159262	-50	-0.000000000452125	0.000000001	1000000000
-26.75	-0.0000000016332	-50	-0.000000000410092	0.000000001	1000000000
-27	-0.00000000166419	-50	-0.000000000410724	0.000000001	1000000000
-27.25	-0.00000000170417	-50	-0.000000000417233	0.000000001	1000000000
-27.5	-0.00000000175624	-50	-0.000000000428915	0.000000001	1000000000
-27.75	-0.00000000179039	-50	-0.000000000435328	0.000000001	1000000000
-28	-0.00000000183624	-50	-0.000000000367403	0.000000001	1000000000
-28.25	-0.0000000018767	-50	-0.000000000428057	0.000000001	1000000000
-28.5	-0.00000000192244	-50	-0.000000000411892	0.000000001	1000000000
-28.75	-0.00000000196586	-50	-0.00000000040679	0.000000001	1000000000
-29	-0.0000000020074	-50	-0.000000000441933	0.000000001	1000000000
-29.25	-0.00000000204972	-50	-0.000000000397766	0.000000001	1000000000
-29.5	-0.0000000020874	-50	-0.000000000450575	0.000000001	1000000000
-29.75	-0.0000000021302	-50	-0.000000000380945	0.000000001	1000000000
-30	-0.00000000216975	-50	-0.000000000462079	0.000000001	1000000000
-30.25	-0.00000000222458	-50	-0.000000000398934	0.000000001	1000000000
-30.5	-0.00000000225384	-50	-0.000000000449705	0.000000001	1000000000
-30.75	-0.00000000230604	-50	-0.00000000042361	0.000000001	1000000000
-31	-0.00000000234439	-50	-0.000000000408351	0.000000001	1000000000
-31.25	-0.00000000240203	-50	-0.000000000415707	0.000000001	1000000000
-31.5	-0.00000000244489	-50	-0.000000000423551	0.000000001	1000000000
-31.75	-0.00000000247847	-50	-0.000000000411141	0.000000001	1000000000
-32	-0.00000000252079	-50	-0.000000000383782	0.000000001	1000000000
-32.25	-0.00000000257812	-50	-0.000000000428665	0.000000001	1000000000
-32.5	-0.00000000262434	-50	-0.000000000418413	0.000000001	1000000000
-32.75	-0.00000000266589	-50	-0.000000000396323	0.000000001	1000000000
-33	-0.00000000270443	-50	-0.00000000044899	0.000000001	1000000000
-33.25	-0.00000000276458	-50	-0.000000000391114	0.000000001	1000000000
-33.5	-0.00000000280069	-50	-0.000000000453424	0.000000001	1000000000
-33.75	-0.00000000284216	-50	-0.000000000399601	0.000000001	1000000000
-34	-0.00000000291716	-50	-0.000000000431633	0.000000001	1000000000
-34.25	-0.00000000293509	-50	-0.000000000405216	0.000000001	1000000000
-34.5	-0.00000000298777	-50	-0.000000000428712	0.000000001	1000000000
-34.75	-0.00000000302929	-50	-0.000000000419831	0.000000001	1000000000
-35	-0.00000000308777	-50	-0.000000000378203	0.000000001	1000000000
-35.25	-0.00000000312538	-50	-0.000000000435746	0.000000001	1000000000
-35.5	-0.00000000317533	-50	-0.000000000404656	0.000000001	1000000000
-35.75	-0.0000000032339	-50	-0.000000000460625	0.000000001	1000000000
-36	-0.00000000327687	-50	-0.000000000414193	0.000000001	1000000000
-36.25	-0.0000000033165	-50	-0.000000000400949	0.000000001	1000000000
-36.5	-0.00000000338192	-50	-0.000000000441873	0.000000001	1000000000
-36.75	-0.00000000341142	-50	-0.00000000039916	0.000000001	1000000000
-37	-0.0000000034696	-50	-0.000000000432038	0.000000001	1000000000
-37.25	-0.00000000352011	-50	-0.000000000438368	0.000000001	1000000000
-37.5	-0.00000000356311	-50	-0.000000000467908	0.000000001	1000000000
-37.75	-0.00000000360727	-50	-0.00000000041157	0.000000001	1000000000
-38	-0.00000000364897	-50	-0.00000000044626	0.000000001	1000000000
-38.25	-0.00000000371244	-50	-0.000000000401902	0.000000001	1000000000
-38.5	-0.0000000037732	-50	-0.00000000042665	0.000000001	1000000000
-38.75	-0.00000000381767	-50	-0.000000000462842	0.000000001	1000000000
-39	-0.00000000386503	-50	-0.000000000390911	0.000000001	1000000000
-39.25	-0.00000000390861	-50	-0.000000000435972	0.000000001	1000000000
-39.5	-0.00000000395337	-50	-0.000000000430036	0.000000001	1000000000
-39.75	-0.00000000401709	-50	-0.000000000435317	0.000000001	1000000000
-40	-0.00000000401678	-50	-0.000000000431216	0.000000001	1000000000
-40.25	-0.00000000411778	-50	-0.000000000423956	0.000000001	1000000000
-40.5	-0.00000000416614	-50	-0.000000000437713	0.000000001	1000000000
-40.75	-0.00000000420257	-50	-0.000000000426257	0.000000001	1000000000
-41	-0.0000000042549	-50	-0.000000000415218	0.000000001	1000000000
-41.25	-0.00000000431044	-50	-0.000000000469816	0.000000001	1000000000
-41.5	-0.00000000435601	-50	-0.000000000408566	0.000000001	1000000000
-41.75	-0.00000000441022	-50	-0.000000000448346	0.000000001	1000000000
-42	-0.00000000447485	-50	-0.000000000407672	0.000000001	1000000000
-42.25	-0.00000000450797	-50	-0.000000000396216	0.000000001	1000000000
-42.5	-0.00000000458039	-50	-0.000000000452304	0.000000001	1000000000
-42.75	-0.00000000462383	-50	-0.000000000390184	0.000000001	1000000000
-43	-0.00000000466728	-50	-0.000000000472009	0.000000001	1000000000
-43.25	-0.00000000469743	-50	-0.000000000425529	0.000000001	1000000000
-43.5	-0.0000000048043	-50	-0.000000000434494	0.000000001	1000000000
-43.75	-0.00000000487252	-50	-0.000000000400519	0.000000001	1000000000
-44	-0.00000000488443	-50	-0.00000000041312	0.000000001	1000000000
-44.25	-0.00000000494806	-50	-0.00000000047822	0.000000001	1000000000
-44.5	-0.00000000495203	-50	-0.000000000466549	0.000000001	1000000000
-44.75	-0.00000000507665	-50	-0.000000000474191	0.000000001	1000000000
-45	-0.00000000505563	-50	-0.000000000393224	0.000000001	1000000000
-45.25	-0.00000000516411	-50	-0.000000000427961	0.000000001	1000000000
-45.5	-0.00000000519129	-50	-0.000000000446379	0.000000001	1000000000
-45.75	-0.00000000524565	-50	-0.000000000453615	0.000000001	1000000000
-46	-0.00000000530025	-50	-0.00000000043031	0.000000001	1000000000
-46.25	-0.00000000535097	-50	-0.00000000042361	0.000000001	1000000000
-46.5	-0.000000005401	-50	-0.000000000465441	0.000000001	1000000000
-46.75	-0.00000000545628	-50	-0.000000000396478	0.000000001	1000000000
-47	-0.00000000552394	-50	-0.000000000475478	0.000000001	1000000000
-47.25	-0.00000000556613	-50	-0.000000000476825	0.000000001	1000000000
-47.5	-0.0000000056706	-50	-0.000000000437701	0.000000001	1000000000
-47.75	-0.00000000564077	-50	-0.000000000467348	0.000000001	1000000000
-48	-0.00000000575715	-50	-0.000000000432014	0.000000001	1000000000
-48.25	-0.00000000578917	-50	-0.000000000341618	0.000000001	1000000000
-48.5	-0.00000000582552	-50	-0.000000000426626	0.000000001	1000000000
-48.75	-0.00000000584583	-50	-0.00000000042603	0.000000001	1000000000
-49	-0.00000000591214	-50	-0.000000000414002	0.000000001	1000000000
-49.25	-0.00000000600069	-50	-0.000000000453711	0.000000001	1000000000
-49.5	-0.00000000604881	-50	-0.000000000415325	0.000000001	1000000000
-49.75	-0.00000000606742	-50	-0.000000000459933	0.000000001	1000000000
-50	-0.00000000616925	-50	-0.000000000416803	0.000000001	1000000000
