10	-0.00000000171686	-30	0.00000000625728	0.000000001	1000000000
9.9	-0.0000000013983	-30	0.00000000296853	0.000000001	1000000000
9.8	-0.000000000908589	-30	0.00000000226612	0.000000001	1000000000
9.7	-0.000000000769854	-30	0.00000000192815	0.000000001	1000000000
9.6	-0.000000000710762	-30	0.0000000019492	0.000000001	1000000000
9.5	-0.000000000665796	-30	0.00000000187001	0.000000001	1000000000
9.4	-0.000000000637174	-30	0.00000000181514	0.000000001	1000000000
9.3	-0.000000000619304	-30	0.00000000177472	0.000000001	1000000000
9.2	-0.000000000595832	-30	0.00000000159676	0.000000001	1000000000
9.1	-0.000000000586343	-30	0.00000000156647	0.000000001	1000000000
9	-0.000000000569129	-30	0.00000000153074	0.000000001	1000000000
8.9	-0.000000000566101	-30	0.0000000014954	0.000000001	1000000000
8.8	-0.000000000560832	-30	0.0000000015856	0.000000001	1000000000
8.7	-0.000000000555944	-30	0.00000000155067	0.000000001	1000000000
8.6	-0.000000000549114	-30	0.00000000141846	0.000000001	1000000000
8.5	-0.000000000541174	-30	0.00000000139302	0.000000001	1000000000
8.4	-0.000000000541782	-30	0.00000000146022	0.000000001	1000000000
8.3	-0.000000000535846	-30	0.00000000135477	0.000000001	1000000000
8.2	-0.000000000526583	-30	0.00000000132669	0.000000001	1000000000
8.1	-0.00000000053705	-30	0.00000000137063	0.000000001	1000000000
8	-0.000000000535464	-30	0.00000000133829	0.000000001	1000000000
7.9	-0.000000000527418	-30	0.0000000013111	0.000000001	1000000000
7.8	-0.000000000532734	-30	0.00000000128176	0.000000001	1000000000
7.7	-0.000000000524378	-30	0.00000000124753	0.000000001	1000000000
7.6	-0.000000000521481	-30	0.00000000122995	0.000000001	1000000000
7.5	-0.000000000525379	-30	0.00000000120329	0.000000001	1000000000
7.4	-0.000000000519681	-30	0.00000000117513	0.000000001	1000000000
7.3	-0.00000000051409	-30	0.00000000115329	0.000000001	1000000000
7.2	-0.00000000050987	-30	0.00000000114855	0.000000001	1000000000
7.1	-0.000000000510919	-30	0.0000000011405	0.000000001	1000000000
7	-0.000000000512946	-30	0.00000000108204	0.000000001	1000000000
6.9	-0.000000000510204	-30	0.00000000105144	0.000000001	1000000000
6.8	-0.000000000503993	-30	0.00000000109255	0.000000001	1000000000
6.7	-0.000000000502634	-30	0.0000000010839	0.000000001	1000000000
6.6	-0.000000000503445	-30	0.000000000979853	0.000000001	1000000000
6.5	-0.000000000507116	-30	0.000000000955188	0.000000001	1000000000
6.4	-0.000000000504315	-30	0.00000000104024	0.000000001	1000000000
6.3	-0.000000000498855	-30	0.000000000911355	0.000000001	1000000000
6.2	-0.000000000499976	-30	0.00000000101479	0.000000001	1000000000
6.1	-0.000000000497031	-30	0.000000000873435	0.000000001	1000000000
6	-0.000000000497198	-30	0.000000000974858	0.000000001	1000000000
5.9	-0.000000000496817	-30	0.000000000838315	0.000000001	1000000000
5.8	-0.000000000498426	-30	0.000000000950646	0.000000001	1000000000
5.7	-0.000000000488377	-30	0.0000000008062	0.000000001	1000000000
5.6	-0.000000000489986	-30	0.000000000913668	0.000000001	1000000000
5.5	-0.000000000494742	-30	0.000000000772953	0.000000001	1000000000
5.4	-0.000000000491881	-30	0.000000000874531	0.000000001	1000000000
5.3	-0.000000000487947	-30	0.000000000749362	0.000000001	1000000000
5.2	-0.000000000495255	-30	0.000000000849426	0.000000001	1000000000
5.1	-0.00000000048213	-30	0.000000000726354	0.000000001	1000000000
5	-0.000000000491393	-30	0.000000000798404	0.000000001	1000000000
4.9	-0.000000000482976	-30	0.000000000709224	0.000000001	1000000000
4.8	-0.000000000491905	-30	0.000000000756407	0.000000001	1000000000
4.7	-0.0000000004848	-30	0.000000000692224	0.000000001	1000000000
4.6	-0.000000000489295	-30	0.000000000723624	0.000000001	1000000000
4.5	-0.000000000482631	-30	0.000000000671244	0.000000001	1000000000
4.4	-0.000000000488651	-30	0.000000000681484	0.000000001	1000000000
4.3	-0.000000000483739	-30	0.000000000657451	0.000000001	1000000000
4.2	-0.000000000482833	-30	0.000000000652647	0.000000001	1000000000
4.1	-0.00000000048244	-30	0.000000000641131	0.000000001	1000000000
4	-0.000000000483561	-30	0.00000000062505	0.000000001	1000000000
3.9	-0.000000000475371	-30	0.000000000624096	0.000000001	1000000000
3.8	-0.000000000481725	-30	0.000000000594997	0.000000001	1000000000
3.7	-0.000000000474858	-30	0.000000000600672	0.000000001	1000000000
3.6	-0.000000000472426	-30	0.000000000571179	0.000000001	1000000000
3.5	-0.00000000047574	-30	0.000000000578916	0.000000001	1000000000
3.4	-0.000000000477052	-30	0.000000000547469	0.000000001	1000000000
3.3	-0.000000000477576	-30	0.000000000559926	0.000000001	1000000000
3.2	-0.000000000467944	-30	0.000000000523949	0.000000001	1000000000
3.1	-0.00000000047425	-30	0.000000000543451	0.000000001	1000000000
3	-0.000000000470316	-30	0.000000000499165	0.000000001	1000000000
2.9	-0.000000000472689	-30	0.000000000522363	0.000000001	1000000000
2.8	-0.000000000473177	-30	0.000000000511718	0.000000001	1000000000
2.7	-0.000000000470984	-30	0.000000000508261	0.000000001	1000000000
2.6	-0.000000000468266	-30	0.00000000045259	0.000000001	1000000000
2.5	-0.000000000467813	-30	0.000000000486004	0.000000001	1000000000
2.4	-0.00000000046556	-30	0.000000000480795	0.000000001	1000000000
2.3	-0.000000000467765	-30	0.000000000471675	0.000000001	1000000000
2.2	-0.000000000464356	-30	0.000000000458884	0.000000001	1000000000
2.1	-0.000000000467038	-30	0.00000000045706	0.000000001	1000000000
2	-0.000000000465059	-30	0.000000000448465	0.000000001	1000000000
1.9	-0.000000000459504	-30	0.000000000416625	0.000000001	1000000000
1.8	-0.000000000456512	-30	0.000000000362492	0.000000001	1000000000
1.7	-0.00000000046941	-30	0.000000000366318	0.000000001	1000000000
1.6	-0.000000000461793	-30	0.00000000035454	0.000000001	1000000000
1.5	-0.000000000459588	-30	0.000000000406516	0.000000001	1000000000
1.4	-0.000000000462759	-30	0.000000000346982	0.000000001	1000000000
1.3	-0.000000000459075	-30	0.000000000335932	0.000000001	1000000000
1.2	-0.000000000460863	-30	0.000000000378478	0.000000001	1000000000
1.1	-0.000000000456727	-30	0.000000000316751	0.000000001	1000000000
1	-0.000000000456226	-30	0.000000000310993	0.000000001	1000000000
0.9	-0.000000000456226	-30	0.000000000358534	0.000000001	1000000000
0.8	-0.000000000455797	-30	0.000000000352478	0.000000001	1000000000
0.7	-0.000000000448525	-30	0.000000000281107	0.000000001	1000000000
0.6	-0.000000000452971	-30	0.000000000282156	0.000000001	1000000000
0.5	-0.000000000451446	-30	0.000000000326645	0.000000001	1000000000
0.4	-0.000000000453186	-30	0.000000000322318	0.000000001	1000000000
0.3	-0.000000000452387	-30	0.000000000316739	0.000000001	1000000000
0.2	-0.000000000452352	-30	0.000000000305438	0.000000001	1000000000
0.1	-0.000000000445259	-30	0.000000000297391	0.000000001	1000000000
0	-0.000000000456274	-30	0.000000000294566	0.000000001	1000000000
-0.1	-0.000000000447166	-30	0.000000000284171	0.000000001	1000000000
-0.2	-0.000000000451529	-30	0.000000000276518	0.000000001	1000000000
-0.3	-0.000000000446606	-30	0.000000000272012	0.000000001	1000000000
-0.4	-0.000000000448692	-30	0.000000000270283	0.000000001	1000000000
-0.5	-0.00000000044204	-30	0.000000000255775	0.000000001	1000000000
-0.6	-0.00000000044781	-30	0.000000000257564	0.000000001	1000000000
-0.7	-0.000000000446081	-30	0.000000000237894	0.000000001	1000000000
-0.8	-0.000000000447106	-30	0.000000000233233	0.000000001	1000000000
-0.9	-0.000000000444245	-30	0.000000000186062	0.000000001	1000000000
-1	-0.00000000044384	-30	0.000000000185132	0.000000001	1000000000
-1.1	-0.000000000439286	-30	0.000000000179589	0.000000001	1000000000
-1.2	-0.000000000442433	-30	0.000000000174224	0.000000001	1000000000
-1.3	-0.00000000044086	-30	0.000000000169826	0.000000001	1000000000
-1.4	-0.000000000439882	-30	0.000000000167775	0.000000001	1000000000
-1.5	-0.000000000439882	-30	0.000000000169718	0.000000001	1000000000
-1.6	-0.000000000431859	-30	0.000000000156152	0.000000001	1000000000
-1.7	-0.00000000043751	-30	0.00000000015434	0.000000001	1000000000
-1.8	-0.00000000043267	-30	0.000000000136089	0.000000001	1000000000
-1.9	-0.000000000433874	-30	0.000000000122356	0.000000001	1000000000
-2	-0.000000000436044	-30	0.00000000010922	0.000000001	1000000000
-2.1	-0.000000000430238	-30	8.11219E-11	0.000000001	1000000000
-2.2	-0.000000000430942	-30	6.22749E-11	0.000000001	1000000000
-2.3	-0.000000000431669	-30	2.19584E-11	0.000000001	1000000000
-2.4	-0.000000000428236	-30	-1.08123E-11	0.000000001	1000000000
-2.5	-0.000000000438845	-30	-0.000000000046289	0.000000001	1000000000
-2.6	-0.000000000429964	-30	-0.000000000108433	0.000000001	1000000000
-2.7	-0.000000000432444	-30	-0.000000000155497	0.000000001	1000000000
-2.8	-0.000000000440395	-30	-0.000000000214744	0.000000001	1000000000
-2.9	-0.000000000445378	-30	-0.000000000266767	0.000000001	1000000000
-3	-0.000000000454474	-30	-0.00000000032295	0.000000001	1000000000
-3.1	-0.000000000487101	-30	-0.000000000264406	0.000000001	1000000000
-3.2	-0.000000000460994	-30	-0.000000000447142	0.000000001	1000000000
-3.3	-0.000000000446475	-30	-0.0000000003299	0.000000001	1000000000
-3.4	-0.00000000049243	-30	-0.000000000589418	0.000000001	1000000000
-3.5	-0.000000000545919	-30	-0.000000000381267	0.000000001	1000000000
-3.6	-0.00000000068388	-30	-0.000000000270331	0.000000001	1000000000
-3.7	-0.000000000873089	-30	-0.000000000199854	0.000000001	1000000000
-3.8	-0.00000000108693	-30	-0.000000000154638	0.000000001	1000000000
-3.9	-0.00000000132699	-30	-0.000000000130355	0.000000001	1000000000
-4	-0.0000000015879	-30	-0.000000000124955	0.000000001	1000000000
-4.1	-0.00000000187005	-30	-0.000000000108194	0.000000001	1000000000
-4.2	-0.00000000217483	-30	-0.000000000109303	0.000000001	1000000000
-4.3	-0.00000000251205	-30	-0.000000000269282	0.000000001	1000000000
-4.4	-0.00000000287033	-30	-0.000000000261545	0.000000001	1000000000
-4.5	-0.00000000325478	-30	-0.000000000265622	0.000000001	1000000000
-4.6	-0.00000000367682	-30	-0.000000000263047	0.000000001	1000000000
-4.7	-0.0000000041229	-30	-0.000000000126326	0.000000001	1000000000
-4.8	-0.00000000459454	-30	-0.000000000124002	0.000000001	1000000000
-4.9	-0.00000000510212	-30	-0.00000000026052	0.000000001	1000000000
-5	-0.00000000562438	-30	-0.000000000256932	0.000000001	1000000000
-5.1	-0.00000000618165	-30	-0.000000000134444	0.000000001	1000000000
-5.2	-0.00000000676113	-30	-0.000000000146103	0.000000001	1000000000
-5.3	-0.00000000737743	-30	-0.000000000264859	0.000000001	1000000000
-5.4	-0.00000000801136	-30	-0.000000000151253	0.000000001	1000000000
-5.5	-0.00000000868428	-30	-0.0000000002599	0.000000001	1000000000
-5.6	-0.00000000935845	-30	-0.000000000271928	0.000000001	1000000000
-5.7	-0.0000000100763	-30	-0.000000000273979	0.000000001	1000000000
-5.8	-0.0000000107979	-30	-0.000000000276864	0.000000001	1000000000
-5.9	-0.0000000115818	-30	-0.000000000148308	0.000000001	1000000000
-6	-0.0000000123984	-30	-0.000000000172591	0.000000001	1000000000
-6.1	-0.0000000131889	-30	-0.000000000193119	0.000000001	1000000000
-6.2	-0.0000000140319	-30	-0.000000000292408	0.000000001	1000000000
-6.3	-0.0000000149032	-30	-0.000000000168824	0.000000001	1000000000
-6.4	-0.0000000157881	-30	-0.000000000165403	0.000000001	1000000000
-6.5	-0.0000000167157	-30	-0.000000000304949	0.000000001	1000000000
-6.6	-0.0000000176524	-30	-0.000000000309372	0.000000001	1000000000
-6.7	-0.0000000186196	-30	-0.000000000181103	0.000000001	1000000000
-6.8	-0.0000000196192	-30	-0.000000000309217	0.000000001	1000000000
-6.9	-0.0000000206033	-30	-0.000000000172961	0.000000001	1000000000
-7	-0.0000000216198	-30	-0.000000000325632	0.000000001	1000000000
-7.1	-0.0000000226829	-30	-0.00000000019654	0.000000001	1000000000
-7.2	-0.0000000237533	-30	-0.000000000322986	0.000000001	1000000000
-7.3	-0.0000000248435	-30	-0.000000000200284	0.000000001	1000000000
-7.4	-0.0000000259619	-30	-0.000000000326896	0.000000001	1000000000
-7.5	-0.0000000270964	-30	-0.000000000211036	0.000000001	1000000000
-7.6	-0.0000000282495	-30	-0.000000000219178	0.000000001	1000000000
-7.7	-0.0000000294184	-30	-0.000000000213683	0.000000001	1000000000
-7.8	-0.0000000306003	-30	-0.000000000230932	0.00000000102001	980382545.269164
-7.9	-0.0000000318279	-30	-0.000000000223386	0.00000000106093	942569255.276031
-8	-0.0000000330481	-30	-0.000000000228143	1.10160333333333E-09	907767768.797601
-8.1	-0.0000000342924	-30	-0.000000000237668	0.00000000114308	874829408.265388
-8.2	-0.0000000355663	-30	-0.000000000239325	1.18554333333333E-09	843495106.322558
-8.3	-0.0000000368453	-30	-0.000000000245714	1.22817666666667E-09	814215110.204015
-8.4	-0.0000000381635	-30	-0.000000000255179	1.27211666666667E-09	786091422.432429
-8.5	-0.0000000394799	-30	-0.000000000244677	1.31599666666667E-09	759880344.175137
-8.6	-0.0000000408196	-30	-0.00000000026257	1.36065333333333E-09	734941057.72717
-8.7	-0.0000000421736	-30	-0.000000000255978	1.40578666666667E-09	711345486.275774
-8.8	-0.0000000435596	-30	-0.000000000259519	1.45198666666667E-09	688711558.416514
-8.9	-0.0000000449577	-30	-0.000000000350678	0.00000000149859	667293922.954244
-9	-0.0000000463572	-30	-0.000000000366628	0.00000000154524	647148662.990862
-9.1	-0.0000000477673	-30	-0.000000000386441	1.59224333333333E-09	628044708.409309
-9.2	-0.0000000492686	-30	-0.000000000370324	1.64228666666667E-09	608907092.955757
-9.3	-0.0000000507439	-30	-0.000000000365984	1.69146333333333E-09	591204065.907429
-9.4	-0.0000000522306	-30	-0.000000000372434	0.00000000174102	574375940.540603
-9.5	-0.0000000537333	-30	-0.000000000360489	0.00000000179111	558313001.434864
-9.6	-0.0000000552685	-30	-0.000000000362515	1.84228333333333E-09	542804671.738875
-9.7	-0.0000000568187	-30	-0.000000000374365	1.89395666666667E-09	527995184.683916
-9.8	-0.0000000584211	-30	-0.000000000308502	0.00000000194737	513513097.151543
-9.9	-0.0000000600238	-30	-0.000000000309014	2.00079333333333E-09	499801745.307695
-10	-0.0000000616232	-30	-0.000000000370383	2.05410666666667E-09	486829635.59179
-10.1	-0.0000000632536	-30	-0.000000000372589	2.10845333333333E-09	474281305.728053
-10.2	-0.0000000649077	-30	-0.000000000331521	0.00000000216359	462194778.123397
-10.3	-0.0000000665718	-30	-0.000000000340962	0.00000000221906	450641262.516561
-10.4	-0.0000000682934	-30	-0.0000000003757	2.27644666666667E-09	439281101.834145
-10.5	-0.0000000700359	-30	-0.000000000356734	0.00000000233453	428351745.319186
-10.6	-0.0000000717575	-30	-0.000000000348377	2.39191666666667E-09	418074765.703933
-10.7	-0.0000000735148	-30	-0.000000000362253	2.45049333333333E-09	408081093.874975
-10.8	-0.0000000752818	-30	-0.000000000350511	2.50939333333333E-09	398502692.549859
-10.9	-0.0000000770798	-30	-0.00000000036639	2.56932666666667E-09	389207029.597897
-11	-0.0000000789488	-30	-0.000000000366294	2.63162666666667E-09	379993109.458282
-11.1	-0.0000000808193	-30	-0.000000000370657	2.69397666666667E-09	371198463.733291
-11.2	-0.000000082715	-30	-0.00000000036782	2.75716666666667E-09	362691168.470048
-11.3	-0.000000084615	-30	-0.000000000379789	0.0000000028205	354547066.123028
-11.4	-0.0000000865587	-30	-0.000000000373995	0.00000000288529	346585611.84491
-11.5	-0.0000000885725	-30	-0.000000000395179	2.95241666666667E-09	338705580.174433
-11.6	-0.0000000905861	-30	-0.000000000389123	3.01953666666667E-09	331176637.475286
-11.7	-0.0000000926098	-30	-0.000000000392187	3.08699333333333E-09	323939799.027749
-11.8	-0.0000000946941	-30	-0.000000000396562	0.00000000315647	316809600.598136
-11.9	-0.0000000967941	-30	-0.000000000389862	0.00000000322647	309936246.114174
-12	-0.0000000988925	-30	-0.000000000403345	3.29641666666667E-09	303359708.77468
-12.1	-0.000000102284	-30	-0.000000000400841	3.40946666666667E-09	293301005.044777
-12.2	-0.000000102863	-30	-0.000000000512695	3.42876666666667E-09	291650058.816095
-12.3	-0.00000010518	-30	-0.00000000052408	0.000000003506	285225328.009127
-12.4	-0.000000107464	-30	-0.000000000517654	3.58213333333333E-09	279163254.671332
-12.5	-0.000000109709	-30	-0.000000000522304	3.65696666666667E-09	273450674.055912
-12.6	-0.000000112033	-30	-0.000000000497115	3.73443333333333E-09	267778243.910276
-12.7	-0.000000114325	-30	-0.000000000502789	3.81083333333333E-09	262409796.632408
-12.8	-0.000000116729	-30	-0.000000000503671	3.89096666666667E-09	257005542.752872
-12.9	-0.000000119071	-30	-0.000000000490367	3.96903333333333E-09	251950516.918477
-13	-0.000000121567	-30	-0.00000000047611	4.05223333333333E-09	246777497.182624
-13.1	-0.00000012399	-30	-0.000000000453246	0.000000004133	241954996.370675
-13.2	-0.000000126489	-30	-0.000000000464439	0.0000000042163	237174774.091028
-13.3	-0.000000129179	-30	-0.000000000450373	4.30596666666667E-09	232235889.7344
-13.4	-0.000000131766	-30	-0.000000000438249	0.0000000043922	227676335.321707
-13.5	-0.000000134424	-30	-0.000000000429463	0.0000000044808	223174433.13694
-13.6	-0.000000137089	-30	-0.000000000655353	4.56963333333333E-09	218835938.696759
-13.7	-0.000000139708	-30	-0.000000000453949	4.65693333333333E-09	214733587.196152
-13.8	-0.000000142605	-30	-0.000000000660729	0.0000000047535	210371305.35395
-13.9	-0.000000145347	-30	-0.000000000653744	0.0000000048449	206402608.928977
-14	-0.000000148083	-30	-0.000000000648904	0.0000000049361	202589088.551691
-14.1	-0.000000150828	-30	-0.000000000599015	0.0000000050276	198902060.625348
-14.2	-0.000000153672	-30	-0.000000000472724	0.0000000051224	195220990.160862
-14.3	-0.000000156471	-30	-0.000000000617087	0.0000000052157	191728818.758748
-14.4	-0.000000159299	-30	-0.000000000601971	5.30996666666667E-09	188325099.34149
-14.5	-0.000000162154	-30	-0.00000000058502	5.40513333333333E-09	185009312.135377
-14.6	-0.000000165251	-30	-0.000000000598824	5.50836666666667E-09	181542017.900043
-14.7	-0.000000168364	-30	-0.000000000577319	5.61213333333333E-09	178185360.290798
-14.8	-0.000000171403	-30	-0.000000000569081	5.71343333333333E-09	175026108.061119
-14.9	-0.00000017448	-30	-0.000000000586331	0.000000005816	171939477.303989
-15	-0.000000177672	-30	-0.000000000560069	0.0000000059224	168850466.027286
-15.1	-0.000000180986	-30	-0.000000000693166	6.03286666666667E-09	165758677.466765
-15.2	-0.000000184255	-30	-0.000000000536311	6.14183333333333E-09	162817833.980082
-15.3	-0.000000187528	-30	-0.000000000521302	6.25093333333333E-09	159976110.234205
-15.4	-0.000000190742	-30	-0.000000000508297	6.35806666666667E-09	157280515.04126
-15.5	-0.00000019404	-30	-0.000000000504553	0.000000006468	154607297.46444
-15.6	-0.000000197317	-30	-0.000000000508833	6.57723333333333E-09	152039611.386753
-15.7	-0.000000200961	-30	-0.000000000527966	0.0000000066987	149282696.642632
-15.8	-0.000000204426	-30	-0.000000000516939	0.0000000068142	146752370.050776
-15.9	-0.000000207929	-30	-0.000000000535715	6.93096666666667E-09	144280018.660216
-16	-0.000000211416	-30	-0.000000000562179	0.0000000070472	141900329.208764
-16.1	-0.000000214918	-30	-0.000000000579965	7.16393333333333E-09	139588121.981407
-16.2	-0.000000218695	-30	-0.000000000611305	7.28983333333333E-09	137177347.447358
-16.3	-0.000000222463	-30	-0.000000000649667	7.41543333333333E-09	134853885.81472
-16.4	-0.000000226049	-30	-0.000000000644624	7.53496666666667E-09	132714588.429942
-16.5	-0.000000229709	-30	-0.000000000663376	7.65696666666667E-09	130600020.025336
-16.6	-0.0000002333	-30	-0.000000000706875	7.77666666666667E-09	128589798.542649
-16.7	-0.000000237108	-30	-0.000000000720835	0.0000000079036	126524621.691381
-16.8	-0.00000024091	-30	-0.000000000765645	8.03033333333333E-09	124527831.970445
-16.9	-0.000000244923	-30	-0.000000000776899	0.0000000081641	122487475.655614
-17	-0.000000248983	-30	-0.000000000787818	8.29943333333333E-09	120490153.946253
-17.1	-0.000000252806	-30	-0.000000000785911	8.42686666666667E-09	118668069.586956
-17.2	-0.000000256825	-30	-0.000000000804234	8.56083333333333E-09	116811058.113501
-17.3	-0.000000260817	-30	-0.00000000080297	0.0000000086939	115023177.1702
-17.4	-0.000000264815	-30	-0.000000000803137	8.82716666666667E-09	113286634.065291
-17.5	-0.000000268959	-30	-0.000000000774658	0.0000000089653	111541164.266673
-17.6	-0.000000273368	-30	-0.000000000745511	9.11226666666667E-09	109742179.040707
-17.7	-0.000000277603	-30	-0.000000000699699	9.25343333333333E-09	108067996.383324
-17.8	-0.000000281729	-30	-0.000000000696981	9.39096666666667E-09	106485310.351437
-17.9	-0.000000285998	-30	-0.000000000731242	9.53326666666667E-09	104895838.432437
-18	-0.000000290377	-30	-0.000000000764096	9.67923333333333E-09	103313967.704054
-18.1	-0.000000294721	-30	-0.000000000779557	9.82403333333333E-09	101791185.561938
-18.2	-0.000000299039	-30	-0.000000000823593	9.96796666666667E-09	100321362.765392
-18.3	-0.00000030338	-30	-0.000000000855947	1.01126666666667E-08	98885885.6879161
-18.4	-0.000000308213	-30	-0.000000000857437	1.02737666666667E-08	97335284.3650333
-18.5	-0.000000312816	-30	-0.000000000601423	0.0000000104272	95903022.8632807
-18.6	-0.00000031711	-30	-0.000000000632155	1.05703333333333E-08	94604395.9509318
-18.7	-0.000000321785	-30	-0.000000000676632	1.07261666666667E-08	93229951.6758084
-18.8	-0.000000326265	-30	-0.000000000710917	0.0000000108755	91949795.4117052
-18.9	-0.000000330975	-30	-0.000000000748432	0.0000000110325	90641287.1062769
-19	-0.000000335772	-30	-0.000000000755858	0.0000000111924	89346342.1607519
-19.1	-0.000000340373	-30	-0.000000000783944	1.13457666666667E-08	88138600.8878495
-19.2	-0.000000345294	-30	-0.000000000805807	0.0000000115098	86882482.7538272
-19.3	-0.000000349869	-30	-0.000000000853634	0.0000000116623	85746379.3591316
-19.4	-0.000000354872	-30	-0.000000000873423	1.18290666666667E-08	84537523.3887148
-19.5	-0.000000360155	-30	-0.000000000886762	1.20051666666667E-08	83297469.1452291
-19.6	-0.00000036535	-30	-0.000000000868332	1.21783333333333E-08	82113042.2882168
-19.7	-0.000000370464	-30	-0.000000000866652	0.0000000123488	80979528.3752267
-19.8	-0.000000375376	-30	-0.000000000858831	1.25125333333333E-08	79919867.0133413
-19.9	-0.000000380136	-30	-0.000000000828397	0.0000000126712	78919123.6820506
-20	-0.000000385157	-30	-0.000000000810814	1.28385666666667E-08	77890314.8586161
-20.1	-0.000000390242	-30	-0.00000000079757	1.30080666666667E-08	76875374.767452
-20.2	-0.000000395283	-30	-0.000000000782669	0.0000000131761	75894991.6894984
-20.3	-0.000000400243	-30	-0.000000000738096	1.33414333333333E-08	74954465.1624138
-20.4	-0.000000405335	-30	-0.000000000750661	1.35111666666667E-08	74012853.5655692
-20.5	-0.000000410614	-30	-0.000000000698411	1.36871333333333E-08	73061317.9287604
-20.6	-0.000000416002	-30	-0.000000000687051	1.38667333333333E-08	72115037.9084716
-20.7	-0.000000421276	-30	-0.000000000696135	1.40425333333333E-08	71212221.9162734
-20.8	-0.000000426472	-30	-0.000000000705707	1.42157333333333E-08	70344594.7213416
-20.9	-0.00000043194	-30	-0.000000000737298	0.000000014398	69454090.8459508
-21	-0.000000437465	-30	-0.000000000752807	1.45821666666667E-08	68576914.7246065
-21.1	-0.000000443161	-30	-0.000000000795865	1.47720333333333E-08	67695487.6444453
-21.2	-0.000000449083	-30	-0.00000000085218	1.49694333333333E-08	66802795.9196852
-21.3	-0.000000454779	-30	-0.000000000876689	0.0000000151593	65966106.6144215
-21.4	-0.000000460779	-30	-0.000000000868261	0.0000000153593	65107133.7886492
-21.5	-0.000000466523	-30	-0.000000000886869	1.55507666666667E-08	64305511.1966613
-21.6	-0.000000472433	-30	-0.000000000843489	1.57477666666667E-08	63501067.8762915
-21.7	-0.000000478359	-30	-0.000000000805414	0.0000000159453	62714404.871655
-21.8	-0.000000483951	-30	-0.000000000790644	0.0000000161317	61989746.8958634
-21.9	-0.000000489925	-30	-0.000000000806129	1.63308333333333E-08	61233862.3258662
-22	-0.000000495313	-30	-0.000000000772691	1.65104333333333E-08	60567762.2028899
-22.1	-0.00000050102	-30	-0.000000000823748	1.67006666666667E-08	59877849.1876572
-22.2	-0.000000506799	-30	-0.00000000101351	0.0000000168933	59195065.49934
-22.3	-0.00000051272	-30	-0.000000000829637	1.70906666666667E-08	58511468.2477766
-22.4	-0.000000518561	-30	-0.00000000100442	1.72853666666667E-08	57852403.0924038
-22.5	-0.000000524311	-30	-0.000000000993538	1.74770333333333E-08	57217948.8891135
-22.6	-0.000000529795	-30	-0.00000000096426	1.76598333333333E-08	56625675.9690069
-22.7	-0.000000535229	-30	-0.000000000961912	1.78409666666667E-08	56050774.528286
-22.8	-0.000000541165	-30	-0.000000000980568	1.80388333333333E-08	55435957.6099711
-22.9	-0.000000546897	-30	-0.00000000102296	0.0000000182299	54854936.1214269
-23	-0.000000552186	-30	-0.00000000104032	0.0000000184062	54329519.4010714
-23.1	-0.000000557582	-30	-0.00000000106875	1.85860666666667E-08	53803745.4580672
-23.2	-0.000000562832	-30	-0.0000000010901	1.87610666666667E-08	53301873.3831765
-23.3	-0.000000568025	-30	-0.00000000110275	1.89341666666667E-08	52814576.8232032
-23.4	-0.000000573172	-30	-0.000000000894773	1.91057333333333E-08	52340309.7150593
-23.5	-0.000000577943	-30	-0.000000000898767	1.92647666666667E-08	51908233.1648623
-23.6	-0.000000583253	-30	-0.000000000935876	1.94417666666667E-08	51435654.8530398
-23.7	-0.000000588082	-30	-0.000000000942445	1.96027333333333E-08	51013294.0644332
-23.8	-0.00000059291	-30	-0.000000000962925	1.97636666666667E-08	50597898.5006156
-23.9	-0.00000059777	-30	-0.000000000974739	1.99256666666667E-08	50186526.5904947
-24	-0.000000602895	-30	-0.00000000102462	0.0000000200965	49759908.4417685
-24.1	-0.000000607894	-30	-0.00000000103987	2.02631333333333E-08	49350709.1696908
-24.2	-0.000000612602	-30	-0.00000000109403	2.04200666666667E-08	48971436.5934163
-24.3	-0.000000617774	-30	-0.00000000109413	2.05924666666667E-08	48561448.0376319
-24.4	-0.000000622639	-30	-0.00000000109375	2.07546333333333E-08	48182012.3699286
-24.5	-0.000000627241	-30	-0.00000000114645	2.09080333333333E-08	47828506.1084974
-24.6	-0.000000631774	-30	-0.00000000116525	2.10591333333333E-08	47485334.9457243
-24.7	-0.000000636414	-30	-0.00000000114369	0.0000000212138	47139126.4177092
-24.8	-0.000000641051	-30	-0.00000000118945	2.13683666666667E-08	46798148.6652388
-24.9	-0.000000645319	-30	-0.00000000119822	2.15106333333333E-08	46488635.8529657
-25	-0.000000649388	-30	-0.00000000119747	2.16462666666667E-08	46197342.7288462
-25.1	-0.000000653741	-30	-0.00000000124979	2.17913666666667E-08	45889733.0900158
-25.2	-0.00000065827	-30	-0.0000000012952	2.19423333333333E-08	45574004.5877831
-25.3	-0.000000662822	-30	-0.0000000012823	2.20940666666667E-08	45261020.3040937
-25.4	-0.000000667012	-30	-0.00000000127636	2.22337333333333E-08	44976702.0683286
-25.5	-0.00000067139	-30	-0.00000000124954	2.23796666666667E-08	44683417.9835863
-25.6	-0.000000675325	-30	-0.00000000121174	2.25108333333333E-08	44423055.5658387
-25.7	-0.000000679466	-30	-0.00000000124432	2.26488666666667E-08	44152319.6156982
-25.8	-0.000000683716	-30	-0.0000000011546	2.27905333333333E-08	43877867.4186358
-25.9	-0.000000687551	-30	-0.00000000117872	2.29183666666667E-08	43633126.8516808
-26	-0.000000691915	-30	-0.00000000121747	2.30638333333333E-08	43357926.9129879
-26.1	-0.000000696139	-30	-0.0000000012361	2.32046333333333E-08	43094841.691099
-26.2	-0.000000699903	-30	-0.00000000124985	0.0000000233301	42863082.4557117
-26.3	-0.000000704061	-30	-0.00000000124966	0.0000000234687	42609944.3088028
-26.4	-0.000000707733	-30	-0.00000000131513	0.0000000235911	42388866.9879743
-26.5	-0.000000711344	-30	-0.00000000132312	2.37114666666667E-08	42173688.1171416
-26.6	-0.000000715301	-30	-0.00000000133677	2.38433666666667E-08	41940385.9354314
-26.7	-0.000000719188	-30	-0.00000000132289	2.39729333333333E-08	41713710.4623548
-26.8	-0.00000072266	-30	-0.00000000111637	2.40886666666667E-08	41513298.0931558
-26.9	-0.000000726167	-30	-0.00000000112301	2.42055666666667E-08	41312810.9649709
-27	-0.000000729867	-30	-0.00000000113703	0.0000000243289	41103379.1087965
-27.1	-0.000000733591	-30	-0.00000000120196	2.44530333333333E-08	40894721.9908641
-27.2	-0.000000736841	-30	-0.00000000118768	2.45613666666667E-08	40714346.7858059
-27.3	-0.000000740284	-30	-0.00000000119622	2.46761333333333E-08	40524987.7074204
-27.4	-0.000000743623	-30	-0.00000000126511	2.47874333333333E-08	40343023.2792692
-27.5	-0.000000747254	-30	-0.00000000127454	2.49084666666667E-08	40146991.5182789
-27.6	-0.000000750724	-30	-0.00000000128267	2.50241333333333E-08	39961423.9054566
-27.7	-0.000000753803	-30	-0.00000000126257	2.51267666666667E-08	39798196.6110509
-27.8	-0.000000756952	-30	-0.00000000131125	2.52317333333333E-08	39632631.9238208
-27.9	-0.000000760061	-30	-0.0000000013088	2.53353666666667E-08	39470516.1822538
-28	-0.000000763284	-30	-0.00000000134608	0.0000000254428	39303850.2051661
-28.1	-0.000000766662	-30	-0.00000000134493	0.0000000255554	39130672.9693137
-28.2	-0.000000769508	-30	-0.00000000136497	2.56502666666667E-08	38985949.4638132
-28.3	-0.000000772586	-30	-0.00000000140578	2.57528666666667E-08	38830628.5643281
-28.4	-0.000000775391	-30	-0.00000000139277	2.58463666666667E-08	38690157.6108054
-28.5	-0.000000778481	-30	-0.0000000014222	2.59493666666667E-08	38536585.9924648
-28.6	-0.000000781588	-30	-0.0000000013912	2.60529333333333E-08	38383393.8085027
-28.7	-0.000000784686	-30	-0.00000000141964	0.0000000261562	38231853.2508545
-28.8	-0.000000787475	-30	-0.00000000139097	2.62491666666667E-08	38096447.50627
-28.9	-0.000000790445	-30	-0.00000000141736	2.63481666666667E-08	37953304.7840141
-29	-0.00000079331	-30	-0.00000000137959	2.64436666666667E-08	37816238.2927229
-29.1	-0.000000796047	-30	-0.00000000135648	0.0000000265349	37686217.0198493
-29.2	-0.000000798773	-30	-0.00000000129745	2.66257666666667E-08	37557603.9750968
-29.3	-0.000000801512	-30	-0.00000000125835	2.67170666666667E-08	37429258.701055
-29.4	-0.000000804218	-30	-0.00000000128105	2.68072666666667E-08	37303318.2545031
-29.5	-0.000000806706	-30	-0.00000000137334	0.0000000268902	37188269.3323218
-29.6	-0.000000809184	-30	-0.00000000127039	0.0000000269728	37074386.048167
-29.7	-0.000000811632	-30	-0.0000000012569	0.0000000270544	36962564.3148619
-29.8	-0.000000814349	-30	-0.00000000135581	2.71449666666667E-08	36839242.1431106
-29.9	-0.000000816885	-30	-0.00000000133551	0.0000000272295	36724875.5944839
-30	-0.000000819491	-30	-0.00000000139052	2.73163666666667E-08	36608089.6556521
-30.1	-0.00000082192	-30	-0.00000000143123	2.73973333333333E-08	36499902.6669262
-30.2	-0.000000824178	-30	-0.00000000130466	0.0000000274726	36399903.9042537
-30.3	-0.000000826509	-30	-0.00000000141709	0.0000000275503	36297245.4020464
-30.4	-0.000000829088	-30	-0.00000000140121	2.76362666666667E-08	36184337.4889035
-30.5	-0.000000831394	-30	-0.00000000137738	2.77131333333333E-08	36083974.625749
-30.6	-0.00000083363	-30	-0.00000000134543	2.77876666666667E-08	35987188.5608723
-30.7	-0.000000835602	-30	-0.00000000137664	0.0000000278534	35902259.6882248
-30.8	-0.000000837934	-30	-0.000000001393	2.79311333333333E-08	35802342.4279239
-30.9	-0.000000840259	-30	-0.00000000143139	2.80086333333333E-08	35703277.2038145
-31	-0.000000842711	-30	-0.00000000141617	2.80903666666667E-08	35599392.9116862
-31.1	-0.00000084512	-30	-0.00000000139283	2.81706666666667E-08	35497917.4555093
-31.2	-0.000000847074	-30	-0.00000000126417	0.0000000282358	35416032.1294243
-31.3	-0.000000849469	-30	-0.0000000012712	2.83156333333333E-08	35316179.8723673
-31.4	-0.000000851601	-30	-0.00000000130028	0.0000000283867	35227765.1153533
-31.5	-0.000000853777	-30	-0.00000000131361	2.84592333333333E-08	35137980.9950373
-31.6	-0.000000855787	-30	-0.00000000131294	2.85262333333333E-08	35055451.8823025
-31.7	-0.000000857855	-30	-0.00000000132276	2.85951666666667E-08	34970944.9732181
-31.8	-0.000000860016	-30	-0.00000000135877	0.0000000286672	34883071.9428476
-31.9	-0.000000862085	-30	-0.00000000138679	2.87361666666667E-08	34799352.7320392
-32	-0.000000864279	-30	-0.00000000139241	0.0000000288093	34711013.4574599
-32.1	-0.000000866103	-30	-0.00000000140367	0.0000000288701	34637912.5808362
-32.2	-0.000000868107	-30	-0.00000000141032	0.0000000289369	34557951.9575352
-32.3	-0.000000869935	-30	-0.00000000141866	2.89978333333333E-08	34485335.1112439
-32.4	-0.000000871854	-30	-0.0000000014541	0.0000000290618	34409430.9368312
-32.5	-0.000000873923	-30	-0.00000000147697	2.91307666666667E-08	34327967.1092304
-32.6	-0.000000875843	-30	-0.00000000149933	2.91947666666667E-08	34252714.2421644
-32.7	-0.000000877645	-30	-0.00000000151099	2.92548333333333E-08	34182385.8165887
-32.8	-0.000000879586	-30	-0.00000000152183	2.93195333333333E-08	34106954.8628559
-32.9	-0.000000881484	-30	-0.00000000155438	0.0000000293828	34033516.2067604
-33	-0.000000883336	-30	-0.00000000154784	2.94445333333333E-08	33962161.623663
-33.1	-0.000000885316	-30	-0.00000000157257	2.95105333333333E-08	33886205.603423
-33.2	-0.000000887218	-30	-0.00000000160904	2.95739333333333E-08	33813561.0413675
-33.3	-0.000000888943	-30	-0.00000000154177	2.96314333333333E-08	33747945.593812
-33.4	-0.000000890818	-30	-0.00000000153649	2.96939333333333E-08	33676912.6802557
-33.5	-0.000000892672	-30	-0.00000000153518	2.97557333333333E-08	33606968.7410381
-33.6	-0.000000894428	-30	-0.00000000147924	2.98142666666667E-08	33540989.3250211
-33.7	-0.000000895959	-30	-0.00000000148625	0.0000000298653	33483675.0342371
-33.8	-0.000000897742	-30	-0.00000000145811	2.99247333333333E-08	33417173.3081442
-33.9	-0.000000899485	-30	-0.00000000144787	2.99828333333333E-08	33352418.3282656
-34	-0.000000901182	-30	-0.00000000140483	0.0000000300394	33289612.9749596
-34.1	-0.000000902708	-30	-0.00000000139848	3.00902666666667E-08	33233337.9121488
-34.2	-0.000000904528	-30	-0.00000000140889	3.01509333333333E-08	33166469.1419171
-34.3	-0.000000906114	-30	-0.00000000139093	0.0000000302038	33108416.8217244
-34.4	-0.000000907903	-30	-0.0000000013684	3.02634333333333E-08	33043177.5200655
-34.5	-0.000000909461	-30	-0.00000000140928	3.03153666666667E-08	32986571.166878
-34.6	-0.000000910998	-30	-0.00000000140873	0.0000000303666	32930917.521224
-34.7	-0.000000912709	-30	-0.00000000141637	3.04236333333333E-08	32869183.9348577
-34.8	-0.000000914292	-30	-0.00000000144458	0.0000000304764	32812274.4156134
-34.9	-0.00000091595	-30	-0.00000000148513	3.05316666666667E-08	32752879.5239915
-35	-0.000000917433	-30	-0.00000000149047	0.0000000305811	32699935.5811269
-35.1	-0.000000919134	-30	-0.00000000151435	0.0000000306378	32639419.2794522
-35.2	-0.000000920769	-30	-0.00000000154227	0.0000000306923	32581461.7998651
-35.3	-0.000000922108	-30	-0.00000000155694	3.07369333333333E-08	32534150.0127968
-35.4	-0.000000923832	-30	-0.00000000158917	0.0000000307944	32473436.7287559
-35.5	-0.000000925352	-30	-0.00000000162271	3.08450666666667E-08	32420095.2718533
-35.6	-0.000000926941	-30	-0.00000000165213	3.08980333333333E-08	32364519.4246451
-35.7	-0.000000928314	-30	-0.00000000164648	0.0000000309438	32316651.4778405
-35.8	-0.000000929754	-30	-0.00000000162534	0.0000000309918	32266599.5521396
-35.9	-0.000000931444	-30	-0.00000000167819	3.10481333333333E-08	32208055.4493883
-36	-0.000000932747	-30	-0.00000000167024	3.10915666666667E-08	32163062.4381531
-36.1	-0.000000934172	-30	-0.00000000165741	3.11390666666667E-08	32114000.4196229
-36.2	-0.000000935681	-30	-0.00000000166706	3.11893666666667E-08	32062209.23584
-36.3	-0.000000936981	-30	-0.00000000162542	0.0000000312327	32017725.012567
-36.4	-0.000000938403	-30	-0.00000000162226	0.0000000312801	31969207.2595676
-36.5	-0.000000939657	-30	-0.0000000016328	0.0000000313219	31926543.4089247
-36.6	-0.000000941191	-30	-0.00000000160502	3.13730333333333E-08	31874507.9372837
-36.7	-0.000000942651	-30	-0.00000000160482	0.0000000314217	31825139.9510529
-36.8	-0.000000943988	-30	-0.0000000015801	3.14662666666667E-08	31780065.0008263
-36.9	-0.000000945523	-30	-0.00000000160806	3.15174333333333E-08	31728471.9673662
-37	-0.000000946815	-30	-0.0000000015798	0.0000000315605	31685176.0903661
-37.1	-0.000000948269	-30	-0.0000000015695	3.16089666666667E-08	31636592.5702517
-37.2	-0.000000949724	-30	-0.00000000156994	3.16574666666667E-08	31588124.5498692
-37.3	-0.000000951129	-30	-0.00000000156231	0.0000000317043	31541462.8299631
-37.4	-0.00000095247	-30	-0.00000000156945	0.000000031749	31497055.0253551
-37.5	-0.000000953859	-30	-0.0000000015372	0.0000000317953	31451189.3267244
-37.6	-0.000000955152	-30	-0.00000000154066	0.0000000318384	31408613.4981657
-37.7	-0.000000956371	-30	-0.00000000168959	3.18790333333333E-08	31368579.7666387
-37.8	-0.000000957558	-30	-0.00000000168827	0.0000000319186	31329694.911431
-37.9	-0.000000958711	-30	-0.00000000169679	3.19570333333333E-08	31292016.0507181
-38	-0.000000960073	-30	-0.00000000173872	3.20024333333333E-08	31247623.8786009
-38.1	-0.000000961421	-30	-0.00000000173489	3.20473666666667E-08	31203811.8576565
-38.2	-0.000000962601	-30	-0.00000000172399	0.0000000320867	31165560.808684
-38.3	-0.000000963837	-30	-0.00000000159304	0.0000000321279	31125594.8879323
-38.4	-0.000000965216	-30	-0.00000000172193	3.21738666666667E-08	31081125.882704
-38.5	-0.000000966494	-30	-0.00000000153769	3.22164666666667E-08	31040027.1496771
-38.6	-0.000000967817	-30	-0.00000000158157	3.22605666666667E-08	30997595.6198331
-38.7	-0.00000096927	-30	-0.00000000154052	0.000000032309	30951128.1686217
-38.8	-0.00000097042	-30	-0.0000000015722	3.23473333333333E-08	30914449.4136559
-38.9	-0.000000971521	-30	-0.00000000155919	3.23840333333333E-08	30879414.8556748
-39	-0.000000972726	-30	-0.00000000160226	0.0000000324242	30841161.8482491
-39.1	-0.000000974082	-30	-0.00000000169154	0.0000000324694	30798228.4858975
-39.2	-0.000000975075	-30	-0.00000000169342	0.0000000325025	30766864.0873779
-39.3	-0.000000976388	-30	-0.0000000016951	3.25462666666667E-08	30725490.2764065
-39.4	-0.00000097755	-30	-0.00000000167854	0.000000032585	30688967.3162498
-39.5	-0.000000978767	-30	-0.0000000016588	3.26255666666667E-08	30650808.6194161
-39.6	-0.000000979735	-30	-0.00000000168362	3.26578333333333E-08	30620524.9378659
-39.7	-0.000000980997	-30	-0.00000000168567	0.0000000326999	30581133.2756369
-39.8	-0.000000982037	-30	-0.00000000168015	3.27345666666667E-08	30548747.144965
-39.9	-0.000000983106	-30	-0.00000000167446	0.0000000327702	30515529.3528877
-40	-0.000000984043	-30	-0.00000000168391	3.28014333333333E-08	30486472.64398
