10	-0.00000000177821	-30	0.00000000390488	0.000000001	1000000000
9.9	-0.00000000126747	-30	0.00000000266175	0.000000001	1000000000
9.8	-0.00000000105106	-30	0.00000000227147	0.000000001	1000000000
9.7	-0.000000000964928	-30	0.0000000020983	0.000000001	1000000000
9.6	-0.000000000897598	-30	0.00000000201391	0.000000001	1000000000
9.5	-0.000000000844371	-30	0.00000000196732	0.000000001	1000000000
9.4	-0.000000000810337	-30	0.00000000186962	0.000000001	1000000000
9.3	-0.000000000783324	-30	0.00000000181885	0.000000001	1000000000
9.2	-0.00000000076313	-30	0.00000000178521	0.000000001	1000000000
9.1	-0.000000000750423	-30	0.00000000185295	0.000000001	1000000000
9	-0.000000000737727	-30	0.00000000179631	0.000000001	1000000000
8.9	-0.000000000719249	-30	0.00000000177026	0.000000001	1000000000
8.8	-0.00000000070684	-30	0.00000000173372	0.000000001	1000000000
8.7	-0.000000000707996	-30	0.00000000169723	0.000000001	1000000000
8.6	-0.000000000707972	-30	0.00000000166135	0.000000001	1000000000
8.5	-0.00000000068574	-30	0.00000000162117	0.000000001	1000000000
8.4	-0.000000000679564	-30	0.00000000158737	0.000000001	1000000000
8.3	-0.000000000666797	-30	0.00000000155698	0.000000001	1000000000
8.2	-0.000000000658655	-30	0.00000000152258	0.000000001	1000000000
8.1	-0.000000000653827	-30	0.00000000142958	0.000000001	1000000000
8	-0.0000000006392	-30	0.00000000141784	0.000000001	1000000000
7.9	-0.000000000640357	-30	0.00000000138445	0.000000001	1000000000
7.8	-0.000000000638223	-30	0.00000000136893	0.000000001	1000000000
7.7	-0.000000000636268	-30	0.00000000137277	0.000000001	1000000000
7.6	-0.000000000633967	-30	0.00000000136814	0.000000001	1000000000
7.5	-0.000000000629926	-30	0.00000000132216	0.000000001	1000000000
7.4	-0.000000000616694	-30	0.0000000012851	0.000000001	1000000000
7.3	-0.000000000619614	-30	0.00000000125033	0.000000001	1000000000
7.2	-0.000000000607622	-30	0.00000000124818	0.000000001	1000000000
7.1	-0.000000000609732	-30	0.00000000121987	0.000000001	1000000000
7	-0.000000000596917	-30	0.0000000011978	0.000000001	1000000000
6.9	-0.00000000060482	-30	0.00000000115826	0.000000001	1000000000
6.8	-0.000000000594568	-30	0.00000000117098	0.000000001	1000000000
6.7	-0.000000000594163	-30	0.00000000116496	0.000000001	1000000000
6.6	-0.000000000590837	-30	0.00000000106697	0.000000001	1000000000
6.5	-0.000000000591946	-30	0.00000000114577	0.000000001	1000000000
6.4	-0.000000000587428	-30	0.00000000101261	0.000000001	1000000000
6.3	-0.000000000581503	-30	0.00000000110861	0.000000001	1000000000
6.2	-0.000000000579548	-30	0.000000000976014	0.000000001	1000000000
6.1	-0.000000000575912	-30	0.00000000108067	0.000000001	1000000000
6	-0.000000000574899	-30	0.000000000934625	0.000000001	1000000000
5.9	-0.000000000581658	-30	0.0000000010542	0.000000001	1000000000
5.8	-0.000000000569367	-30	0.000000000904322	0.000000001	1000000000
5.7	-0.000000000583553	-30	0.00000000101187	0.000000001	1000000000
5.6	-0.000000000561738	-30	0.00000000087285	0.000000001	1000000000
5.5	-0.00000000057888	-30	0.000000000977957	0.000000001	1000000000
5.4	-0.000000000563645	-30	0.000000000871849	0.000000001	1000000000
5.3	-0.000000000568259	-30	0.000000000929236	0.000000001	1000000000
5.2	-0.000000000557601	-30	0.000000000846696	0.000000001	1000000000
5.1	-0.000000000580859	-30	0.000000000882959	0.000000001	1000000000
5	-0.000000000554812	-30	0.000000000836313	0.000000001	1000000000
4.9	-0.000000000571954	-30	0.000000000845623	0.000000001	1000000000
4.8	-0.000000000561762	-30	0.000000000826061	0.000000001	1000000000
4.7	-0.000000000551677	-30	0.000000000801337	0.000000001	1000000000
4.6	-0.000000000558269	-30	0.000000000796413	0.000000001	1000000000
4.5	-0.000000000564742	-30	0.000000000766718	0.000000001	1000000000
4.4	-0.000000000536466	-30	0.000000000776267	0.000000001	1000000000
4.3	-0.000000000550961	-30	0.000000000747442	0.000000001	1000000000
4.2	-0.000000000548053	-30	0.000000000801301	0.000000001	1000000000
4.1	-0.0000000005512	-30	0.000000000671995	0.000000001	1000000000
4	-0.000000000556374	-30	0.000000000710738	0.000000001	1000000000
3.9	-0.000000000543368	-30	0.000000000765896	0.000000001	1000000000
3.8	-0.000000000546157	-30	0.00000000073663	0.000000001	1000000000
3.7	-0.000000000541472	-30	0.000000000607038	0.000000001	1000000000
3.6	-0.000000000536215	-30	0.000000000603092	0.000000001	1000000000
3.5	-0.000000000549603	-30	0.000000000598919	0.000000001	1000000000
3.4	-0.000000000536561	-30	0.00000000058434	0.000000001	1000000000
3.3	-0.000000000553882	-30	0.000000000573647	0.000000001	1000000000
3.2	-0.000000000535262	-30	0.000000000550866	0.000000001	1000000000
3.1	-0.000000000521052	-30	0.000000000566471	0.000000001	1000000000
3	-0.000000000536823	-30	0.000000000549686	0.000000001	1000000000
2.9	-0.000000000531292	-30	0.000000000543058	0.000000001	1000000000
2.8	-0.000000000526261	-30	0.000000000534475	0.000000001	1000000000
2.7	-0.000000000528622	-30	0.000000000539374	0.000000001	1000000000
2.6	-0.000000000518703	-30	0.000000000538981	0.000000001	1000000000
2.5	-0.000000000520384	-30	0.000000000538361	0.000000001	1000000000
2.4	-0.000000000521767	-30	0.000000000522614	0.000000001	1000000000
2.3	-0.000000000517547	-30	0.000000000528729	0.000000001	1000000000
2.2	-0.000000000517952	-30	0.000000000530803	0.000000001	1000000000
2.1	-0.00000000051496	-30	0.000000000515759	0.000000001	1000000000
2	-0.000000000509727	-30	0.000000000499773	0.000000001	1000000000
1.9	-0.000000000517309	-30	0.000000000503623	0.000000001	1000000000
1.8	-0.000000000515294	-30	0.000000000495565	0.000000001	1000000000
1.7	-0.000000000508726	-30	0.0000000004403	0.000000001	1000000000
1.6	-0.000000000503755	-30	0.00000000042088	0.000000001	1000000000
1.5	-0.000000000517273	-30	0.000000000497842	0.000000001	1000000000
1.4	-0.000000000503528	-30	0.000000000487304	0.000000001	1000000000
1.3	-0.000000000514793	-30	0.00000000048387	0.000000001	1000000000
1.2	-0.000000000507295	-30	0.000000000473654	0.000000001	1000000000
1.1	-0.0000000005018	-30	0.000000000473976	0.000000001	1000000000
1	-0.000000000504756	-30	0.000000000463641	0.000000001	1000000000
0.9	-0.000000000501108	-30	0.000000000333989	0.000000001	1000000000
0.8	-0.000000000500071	-30	0.000000000323188	0.000000001	1000000000
0.7	-0.000000000499046	-30	0.000000000315857	0.000000001	1000000000
0.6	-0.000000000498426	-30	0.000000000312054	0.000000001	1000000000
0.5	-0.000000000496519	-30	0.000000000309467	0.000000001	1000000000
0.4	-0.000000000498796	-30	0.000000000307584	0.000000001	1000000000
0.3	-0.000000000497055	-30	0.000000000406194	0.000000001	1000000000
0.2	-0.00000000050534	-30	0.000000000389695	0.000000001	1000000000
0.1	-0.000000000497115	-30	0.00000000029726	0.000000001	1000000000
0	-0.000000000497031	-30	0.000000000299859	0.000000001	1000000000
-0.1	-0.000000000498223	-30	0.000000000296366	0.000000001	1000000000
-0.2	-0.000000000485122	-30	0.000000000296772	0.000000001	1000000000
-0.3	-0.00000000050323	-30	0.000000000309348	0.000000001	1000000000
-0.4	-0.000000000494695	-30	0.000000000291359	0.000000001	1000000000
-0.5	-0.000000000491178	-30	0.000000000297761	0.000000001	1000000000
-0.6	-0.000000000492144	-30	0.00000000029211	0.000000001	1000000000
-0.7	-0.000000000492239	-30	0.000000000287771	0.000000001	1000000000
-0.8	-0.000000000489759	-30	0.000000000282204	0.000000001	1000000000
-0.9	-0.000000000492048	-30	0.000000000285816	0.000000001	1000000000
-1	-0.000000000483632	-30	0.000000000277436	0.000000001	1000000000
-1.1	-0.000000000493598	-30	0.000000000267839	0.000000001	1000000000
-1.2	-0.000000000487804	-30	0.000000000271344	0.000000001	1000000000
-1.3	-0.00000000049212	-30	0.000000000228655	0.000000001	1000000000
-1.4	-0.000000000486493	-30	0.00000000022347	0.000000001	1000000000
-1.5	-0.000000000492322	-30	0.000000000275111	0.000000001	1000000000
-1.6	-0.0000000004843	-30	0.000000000272751	0.000000001	1000000000
-1.7	-0.000000000482607	-30	0.000000000162756	0.000000001	1000000000
-1.8	-0.000000000483596	-30	0.000000000149262	0.000000001	1000000000
-1.9	-0.000000000474942	-30	0.000000000243783	0.000000001	1000000000
-2	-0.000000000484121	-30	0.000000000120211	0.000000001	1000000000
-2.1	-0.000000000477588	-30	9.61423E-11	0.000000001	1000000000
-2.2	-0.000000000483108	-30	7.46489E-11	0.000000001	1000000000
-2.3	-0.000000000477517	-30	0.000000000165808	0.000000001	1000000000
-2.4	-0.000000000487447	-30	0.00000000013082	0.000000001	1000000000
-2.5	-0.000000000491297	-30	9.40204E-11	0.000000001	1000000000
-2.6	-0.000000000517559	-30	5.70774E-11	0.000000001	1000000000
-2.7	-0.000000000542092	-30	1.66297E-11	0.000000001	1000000000
-2.8	-0.000000000586402	-30	-2.53201E-11	0.000000001	1000000000
-2.9	-0.000000000615823	-30	-6.58751E-11	0.000000001	1000000000
-3	-0.000000000657678	-30	-0.000000000127923	0.000000001	1000000000
-3.1	-0.000000000667667	-30	-0.000000000197673	0.000000001	1000000000
-3.2	-0.000000000678611	-30	-0.000000000296438	0.000000001	1000000000
-3.3	-0.00000000070287	-30	-0.000000000319982	0.000000001	1000000000
-3.4	-0.00000000070467	-30	-0.000000000388062	0.000000001	1000000000
-3.5	-0.000000000748789	-30	-0.000000000418031	0.000000001	1000000000
-3.6	-0.000000000879586	-30	-0.000000000342834	0.000000001	1000000000
-3.7	-0.0000000010614	-30	-0.000000000265074	0.000000001	1000000000
-3.8	-0.00000000128741	-30	-0.000000000203693	0.000000001	1000000000
-3.9	-0.00000000153174	-30	-0.000000000149572	0.000000001	1000000000
-4	-0.00000000180095	-30	-0.000000000178516	0.000000001	1000000000
-4.1	-0.00000000208142	-30	-0.000000000176001	0.000000001	1000000000
-4.2	-0.00000000240095	-30	-8.40783E-11	0.000000001	1000000000
-4.3	-0.00000000273944	-30	-0.000000000179541	0.000000001	1000000000
-4.4	-0.00000000310742	-30	-0.00000000018543	0.000000001	1000000000
-4.5	-0.00000000349867	-30	-0.000000000182438	0.000000001	1000000000
-4.6	-0.00000000391876	-30	-6.29902E-11	0.000000001	1000000000
-4.7	-0.00000000436636	-30	-0.000000000187171	0.000000001	1000000000
-4.8	-0.0000000048049	-30	-0.000000000186753	0.000000001	1000000000
-4.9	-0.00000000533309	-30	-0.00000000018549	0.000000001	1000000000
-5	-0.00000000586641	-30	-0.000000000181139	0.000000001	1000000000
-5.1	-0.00000000641062	-30	-0.000000000173521	0.000000001	1000000000
-5.2	-0.00000000700232	-30	-0.000000000180423	0.000000001	1000000000
-5.3	-0.00000000762112	-30	-0.000000000178444	0.000000001	1000000000
-5.4	-0.0000000082595	-30	-0.000000000153935	0.000000001	1000000000
-5.5	-0.00000000895367	-30	-0.000000000122106	0.000000001	1000000000
-5.6	-0.00000000964745	-30	-0.000000000128996	0.000000001	1000000000
-5.7	-0.0000000103668	-30	-0.000000000154233	0.000000001	1000000000
-5.8	-0.0000000110791	-30	-0.000000000172305	0.000000001	1000000000
-5.9	-0.0000000118842	-30	-0.000000000153434	0.000000001	1000000000
-6	-0.0000000119879	-30	-0.000000000174546	0.000000001	1000000000
-6.1	-0.0000000141255	-30	7.18832E-12	0.000000001	1000000000
-6.2	-0.0000000145665	-30	-0.000000000123858	0.000000001	1000000000
-6.3	-0.000000015301	-30	-0.000000000182021	0.000000001	1000000000
-6.4	-0.0000000161542	-30	-0.000000000205004	0.000000001	1000000000
-6.5	-0.0000000170485	-30	-0.000000000208151	0.000000001	1000000000
-6.6	-0.0000000179865	-30	-0.000000000228977	0.000000001	1000000000
-6.7	-0.0000000189428	-30	-0.000000000154579	0.000000001	1000000000
-6.8	-0.0000000199459	-30	-0.000000000240791	0.000000001	1000000000
-6.9	-0.0000000209749	-30	-0.000000000155699	0.000000001	1000000000
-7	-0.000000022009	-30	-0.000000000148809	0.000000001	1000000000
-7.1	-0.0000000230923	-30	-0.000000000266421	0.000000001	1000000000
-7.2	-0.0000000241932	-30	-0.000000000281739	0.000000001	1000000000
-7.3	-0.0000000253107	-30	-0.000000000275719	0.000000001	1000000000
-7.4	-0.0000000264496	-30	-0.000000000281811	0.000000001	1000000000
-7.5	-0.0000000276416	-30	-0.000000000156713	0.000000001	1000000000
-7.6	-0.0000000288077	-30	-0.000000000158966	0.000000001	1000000000
-7.7	-0.0000000300392	-30	-0.000000000292516	1.00130666666667E-09	998695038.483049
-7.8	-0.0000000313139	-30	-0.000000000294578	1.04379666666667E-09	958040997.767764
-7.9	-0.0000000325514	-30	-0.000000000283146	1.08504666666667E-09	921619346.633325
-8	-0.0000000338258	-30	-0.000000000289595	1.12752666666667E-09	886896983.95899
-8.1	-0.0000000351279	-30	-0.000000000281358	0.00000000117093	854022016.68759
-8.2	-0.0000000364703	-30	-0.000000000280643	1.21567666666667E-09	822587146.253253
-8.3	-0.0000000378213	-30	-0.000000000278533	0.00000000126071	793203829.588089
-8.4	-0.000000039174	-30	-0.000000000278318	0.0000000013058	765814060.346148
-8.5	-0.0000000405557	-30	-0.000000000277781	1.35185666666667E-09	739723392.765998
-8.6	-0.0000000419545	-30	-0.000000000264299	1.39848333333333E-09	715060363.012311
-8.7	-0.0000000434132	-30	-0.000000000255001	1.44710666666667E-09	691034063.372431
-8.8	-0.0000000448913	-30	-0.00000000026381	1.49637666666667E-09	668280936.395248
-8.9	-0.0000000463609	-30	-0.000000000267398	1.54536333333333E-09	647097014.94147
-9	-0.0000000478484	-30	-0.000000000274861	1.59494666666667E-09	626980212.504493
-9.1	-0.0000000493661	-30	-0.000000000286508	1.64553666666667E-09	607704477.364021
-9.2	-0.0000000509212	-30	-0.000000000285745	1.69737333333333E-09	589145581.8009
-9.3	-0.0000000524792	-30	-0.000000000285554	1.74930666666667E-09	571655055.717313
-9.4	-0.0000000540775	-30	-0.000000000293779	1.80258333333333E-09	554759373.121908
-9.5	-0.0000000556963	-30	-0.000000000302279	1.85654333333333E-09	538635421.024377
-9.6	-0.0000000573285	-30	-0.000000000299215	0.00000000191095	523299929.35451
-9.7	-0.0000000589492	-30	-0.00000000030973	1.96497333333333E-09	508912758.782138
-9.8	-0.0000000605924	-30	-0.000000000321138	2.01974666666667E-09	495111598.154224
-9.9	-0.0000000623847	-30	-0.000000000335789	0.00000000207949	480887140.596973
-10	-0.0000000641078	-30	-0.000000000323927	2.13692666666667E-09	467961776.882064
-10.1	-0.0000000658052	-30	-0.000000000334179	2.19350666666667E-09	455891023.809669
-10.2	-0.000000067555	-30	-0.000000000338113	2.25183333333333E-09	444082599.363482
-10.3	-0.0000000693532	-30	-0.000000000344586	2.31177333333333E-09	432568360.21986
-10.4	-0.0000000711293	-30	-0.000000000356269	2.37097666666667E-09	421767119.878868
-10.5	-0.0000000729067	-30	-0.000000000352144	2.43022333333333E-09	411484815.524499
-10.6	-0.000000074727	-30	-0.000000000360513	0.0000000024909	401461319.201895
-10.7	-0.000000076587	-30	-0.000000000378263	0.0000000025529	391711387.050022
-10.8	-0.0000000784671	-30	-0.000000000381577	0.00000000261557	382325841.021269
-10.9	-0.0000000803845	-30	-0.00000000039773	2.67948333333333E-09	373206277.329585
-11	-0.0000000823362	-30	-0.0000000004058	0.00000000274454	364359783.424545
-11.1	-0.0000000843062	-30	-0.000000000403917	2.81020666666667E-09	355845714.787287
-11.2	-0.0000000862411	-30	-0.000000000404501	2.87470333333333E-09	347861982.279911
-11.3	-0.0000000882949	-30	-0.000000000401461	2.94316333333333E-09	339770473.71932
-11.4	-0.0000000903798	-30	-0.000000000298345	0.00000000301266	331932577.854786
-11.5	-0.0000000923758	-30	-0.000000000291574	3.07919333333333E-09	324760380.965578
-11.6	-0.000000094465	-30	-0.000000000305355	3.14883333333333E-09	317577938.919176
-11.7	-0.0000000965797	-30	-0.000000000322473	3.21932333333333E-09	310624282.328481
-11.8	-0.0000000987743	-30	-0.000000000319433	3.29247666666667E-09	303722729.495425
-11.9	-0.000000102304	-30	-0.000000000314569	3.41013333333333E-09	293243665.936816
-12	-0.000000102825	-30	-0.00000000045619	0.0000000034275	291757840.991977
-12.1	-0.0000001051	-30	-0.000000000491691	3.50333333333333E-09	285442435.775452
-12.2	-0.000000107306	-30	-0.000000000490117	3.57686666666667E-09	279574301.530203
-12.3	-0.000000109676	-30	-0.000000000491726	3.65586666666667E-09	273532951.602903
-12.4	-0.000000111931	-30	-0.000000000485301	3.73103333333333E-09	268022263.716039
-12.5	-0.000000114336	-30	-0.000000000502813	0.0000000038112	262384550.797649
-12.6	-0.000000116764	-30	-0.000000000505018	3.89213333333333E-09	256928505.361241
-12.7	-0.000000119199	-30	-0.000000000483465	0.0000000039733	251679963.758085
-12.8	-0.00000012161	-30	-0.000000000488794	4.05366666666667E-09	246690239.289532
-12.9	-0.000000124931	-30	-0.00000000080874	4.16436666666667E-09	240132553.169349
-13	-0.000000127068	-30	-0.000000000500226	0.0000000042356	236094059.873454
-13.1	-0.000000129294	-30	-0.000000000562346	0.0000000043098	232029328.507123
-13.2	-0.000000131759	-30	-0.0000000006217	4.39196666666667E-09	227688431.150813
-13.3	-0.000000134347	-30	-0.000000000587702	4.47823333333333E-09	223302343.93027
-13.4	-0.000000136949	-30	-0.000000000620532	4.56496666666667E-09	219059649.942679
-13.5	-0.000000139353	-30	-0.00000000061928	0.0000000046451	215280618.285936
-13.6	-0.000000141827	-30	-0.000000000630581	4.72756666666667E-09	211525309.003222
-13.7	-0.000000144556	-30	-0.000000000637603	4.81853333333333E-09	207532029.109826
-13.8	-0.000000147693	-30	-0.000000000652146	0.0000000049231	203124047.856026
-13.9	-0.000000150355	-30	-0.000000000626493	5.01183333333333E-09	199527784.243956
-14	-0.000000153423	-30	-0.000000000752842	0.0000000051141	195537826.792593
-14.1	-0.000000155996	-30	-0.000000000514209	5.19986666666667E-09	192312623.4006
-14.2	-0.00000015872	-30	-0.000000000514829	5.29066666666667E-09	189012096.774194
-14.3	-0.0000001618	-30	-0.000000000528801	5.39333333333333E-09	185414091.470952
-14.4	-0.000000164815	-30	-0.000000000507593	5.49383333333333E-09	182022267.390711
-14.5	-0.000000167682	-30	-0.000000000667322	0.0000000055894	178910079.793896
-14.6	-0.000000170613	-30	-0.000000000667465	0.0000000056871	175836542.350231
-14.7	-0.000000173543	-30	-0.000000000656605	5.78476666666667E-09	172867819.502947
-14.8	-0.000000176696	-30	-0.000000000665033	5.88986666666667E-09	169783130.348169
-14.9	-0.000000179639	-30	-0.000000000575113	5.98796666666667E-09	167001597.648618
-15	-0.000000182989	-30	-0.000000000641906	6.09963333333333E-09	163944280.803764
-15.1	-0.000000186197	-30	-0.000000000562859	6.20656666666667E-09	161119674.323432
-15.2	-0.000000189127	-30	-0.000000000586605	6.30423333333333E-09	158623570.405072
-15.3	-0.000000192517	-30	-0.000000000729072	6.41723333333333E-09	155830394.198954
-15.4	-0.000000195935	-30	-0.000000000702691	6.53116666666667E-09	153112001.429045
-15.5	-0.000000199565	-30	-0.000000000666308	6.65216666666667E-09	150326961.140481
-15.6	-0.000000202885	-30	-0.000000000678539	6.76283333333333E-09	147867018.261577
-15.7	-0.000000206067	-30	-0.000000000630033	0.0000000068689	145583717.916988
-15.8	-0.000000209929	-30	-0.000000000662577	6.99763333333333E-09	142905458.512164
-15.9	-0.000000213792	-30	-0.000000000665009	0.0000000071264	140323304.894477
-16	-0.000000217155	-30	-0.000000000658977	0.0000000072385	138150169.233957
-16.1	-0.000000220465	-30	-0.000000000728869	7.34883333333333E-09	136076021.137142
-16.2	-0.000000225325	-30	-0.000000000720942	7.51083333333333E-09	133141018.528792
-16.3	-0.000000228473	-30	-0.000000000661445	7.61576666666667E-09	131306543.880459
-16.4	-0.000000232811	-30	-0.000000000662649	7.76036666666667E-09	128859890.640906
-16.5	-0.000000236337	-30	-0.000000000643396	0.0000000078779	126937381.789563
-16.6	-0.000000241008	-30	-0.000000000734353	0.0000000080336	124477195.777734
-16.7	-0.000000245204	-30	-0.000000000798452	8.17346666666667E-09	122347106.898746
-16.8	-0.000000247864	-30	-0.000000000696003	8.26213333333333E-09	121034115.482684
-16.9	-0.000000251571	-30	-0.000000000768924	0.0000000083857	119250629.047068
-17	-0.000000255331	-30	-0.000000000800502	8.51103333333333E-09	117494546.294809
-17.1	-0.000000259428	-30	-0.000000000771391	0.0000000086476	115639021.231324
-17.2	-0.000000263528	-30	-0.000000000767946	8.78426666666667E-09	113839895.570869
-17.3	-0.000000267155	-30	-0.000000000751781	8.90516666666667E-09	112294360.951508
-17.4	-0.000000271603	-30	-0.000000000917661	9.05343333333333E-09	110455333.703972
-17.5	-0.000000276184	-30	-0.000000000708544	9.20613333333333E-09	108623236.682791
-17.6	-0.000000279622	-30	-0.000000000701857	9.32073333333333E-09	107287695.531825
-17.7	-0.000000284849	-30	-0.000000000770915	9.49496666666667E-09	105318958.465713
-17.8	-0.000000289872	-30	-0.000000000569737	0.0000000096624	103493955.952972
-17.9	-0.000000292461	-30	-0.000000000688386	0.0000000097487	102577779.601383
-18	-0.000000295311	-30	-0.000000000759292	0.0000000098437	101587817.588915
-18.1	-0.000000300131	-30	-0.000000000604165	1.00043666666667E-08	99956352.3927885
-18.2	-0.000000302616	-30	-0.000000000826252	0.0000000100872	99135538.1077009
-18.3	-0.000000305742	-30	-0.000000000857806	0.0000000101914	98121945.9544322
-18.4	-0.000000309599	-30	-0.000000000781119	1.03199666666667E-08	96899537.7892047
-18.5	-0.000000313274	-30	-0.000000000814211	1.04424666666667E-08	95762814.6606485
-18.6	-0.000000316865	-30	-0.000000000959945	1.05621666666667E-08	94677544.064507
-18.7	-0.000000320588	-30	-0.000000000825405	1.06862666666667E-08	93578050.332514
-18.8	-0.000000323077	-30	-0.000000000880182	1.07692333333333E-08	92857120.7483046
-18.9	-0.000000325531	-30	-0.000000000694239	1.08510333333333E-08	92157121.7487735
-19	-0.000000327939	-30	-0.000000000810337	0.0000000109313	91480427.7624802
-19.1	-0.000000331898	-30	-0.000000000873291	1.10632666666667E-08	90389215.9639407
-19.2	-0.000000335006	-30	-0.000000000793803	1.11668666666667E-08	89550634.9140015
-19.3	-0.000000337624	-30	-0.000000000911152	1.12541333333333E-08	88856242.4472194
-19.4	-0.000000339718	-30	-0.000000000998127	1.13239333333333E-08	88308538.2582024
-19.5	-0.000000342361	-30	-0.00000000108753	1.14120333333333E-08	87626803.2865893
-19.6	-0.000000345167	-30	-0.000000000971353	1.15055666666667E-08	86914450.1067599
-19.7	-0.000000347553	-30	-0.000000000904834	0.0000000115851	86317770.2393592
-19.8	-0.000000349807	-30	-0.000000000863302	1.16602333333333E-08	85761577.0982285
-19.9	-0.000000352134	-30	-0.000000000850677	0.0000000117378	85194840.6004532
-20	-0.000000354405	-30	-0.000000000992048	0.0000000118135	84648918.6100648
-20.1	-0.000000356706	-30	-0.000000000875306	0.0000000118902	84102874.6362551
-20.2	-0.000000359807	-30	-0.000000000896323	1.19935666666667E-08	83378033.223367
-20.3	-0.000000361856	-30	-0.000000000806177	1.20618666666667E-08	82905907.3222497
-20.4	-0.00000036275	-30	-0.000000000796962	1.20916666666667E-08	82701585.1137147
-20.5	-0.000000364612	-30	-0.00000000117154	1.21537333333333E-08	82279244.7862385
-20.6	-0.000000366807	-30	-0.000000000911188	0.0000000122269	81786879.7487507
-20.7	-0.000000368527	-30	-0.00000000102973	1.22842333333333E-08	81405161.6299484
-20.8	-0.000000371395	-30	-0.00000000117534	1.23798333333333E-08	80776531.7249828
-20.9	-0.000000373242	-30	-0.0000000010048	0.0000000124414	80376806.4687254
-21	-0.000000374651	-30	-0.00000000102016	1.24883666666667E-08	80074522.689116
-21.1	-0.000000376466	-30	-0.00000000107421	1.25488666666667E-08	79688471.2032428
-21.2	-0.000000378573	-30	-0.00000000120158	0.0000000126191	79244954.0775491
-21.3	-0.000000379893	-30	-0.000000000882554	0.0000000126631	78969604.5991898
-21.4	-0.000000381911	-30	-0.00000000119268	1.27303666666667E-08	78552332.8733658
-21.5	-0.000000384008	-30	-0.00000000109568	1.28002666666667E-08	78123372.429741
-21.6	-0.000000385046	-30	-0.000000000846696	1.28348666666667E-08	77912768.8639799
-21.7	-0.000000386292	-30	-0.00000000122657	0.0000000128764	77661458.1715386
-21.8	-0.000000387643	-30	-0.00000000126832	1.29214333333333E-08	77390795.1388262
-21.9	-0.000000389461	-30	-0.00000000129229	1.29820333333333E-08	77029535.6916354
-22	-0.000000390804	-30	-0.00000000110439	0.0000000130268	76764823.2873768
-22.1	-0.000000392169	-30	-0.000000000987828	0.0000000130723	76497632.3982773
-22.2	-0.000000393883	-30	-0.00000000102757	1.31294333333333E-08	76164749.4306685
-22.3	-0.000000395296	-30	-0.00000000110515	1.31765333333333E-08	75892495.7500202
-22.4	-0.000000396211	-30	-0.000000000948882	1.32070333333333E-08	75717231.4751484
-22.5	-0.000000397409	-30	-0.00000000105422	1.32469666666667E-08	75488979.8670891
-22.6	-0.000000398706	-30	-0.00000000103127	0.0000000132902	75243412.4392409
-22.7	-0.000000400267	-30	-0.000000000893879	1.33422333333333E-08	74949970.894428
-22.8	-0.000000401223	-30	-0.00000000113013	0.0000000133741	74771386.4858196
-22.9	-0.000000402983	-30	-0.00000000116695	1.34327666666667E-08	74444827.6974463
-23	-0.000000404042	-30	-0.000000000993359	1.34680666666667E-08	74249706.7136585
-23.1	-0.000000405149	-30	-0.00000000109329	1.35049666666667E-08	74046832.1531091
-23.2	-0.000000406143	-30	-0.00000000119799	0.0000000135381	73865608.9111471
-23.3	-0.000000407111	-30	-0.00000000112902	1.35703666666667E-08	73689976.4437709
-23.4	-0.000000408292	-30	-0.00000000112063	1.36097333333333E-08	73476825.4092659
-23.5	-0.000000409205	-30	-0.00000000116293	1.36401666666667E-08	73312887.1836854
-23.6	-0.000000410285	-30	-0.00000000112841	1.36761666666667E-08	73119904.4566582
-23.7	-0.000000411367	-30	-0.00000000114741	1.37122333333333E-08	72927580.4816624
-23.8	-0.000000412231	-30	-0.00000000114448	1.37410333333333E-08	72774730.6728509
-23.9	-0.000000413278	-30	-0.00000000121005	1.37759333333333E-08	72590362.9034209
-24	-0.000000414214	-30	-0.00000000113157	1.38071333333333E-08	72426330.350978
-24.1	-0.000000415317	-30	-0.00000000116086	0.0000000138439	72233980.309017
-24.2	-0.000000416158	-30	-0.00000000106139	1.38719333333333E-08	72088005.0365486
-24.3	-0.000000417094	-30	-0.00000000107483	1.39031333333333E-08	71926232.4559931
-24.4	-0.000000417913	-30	-0.00000000103943	1.39304333333333E-08	71785275.8827794
-24.5	-0.000000418848	-30	-0.00000000105896	0.0000000139616	71625028.6500115
-24.6	-0.000000419761	-30	-0.00000000111642	1.39920333333333E-08	71469240.8299008
-24.7	-0.000000420596	-30	-0.000000000916624	1.40198666666667E-08	71327354.5159726
-24.8	-0.000000421506	-30	-0.00000000089817	0.0000000140502	71173364.0802266
-24.9	-0.000000422369	-30	-0.000000000980246	1.40789666666667E-08	71027940.0240074
-25	-0.000000423148	-30	-0.000000000923348	1.41049333333333E-08	70897180.1828202
-25.1	-0.000000423964	-30	-0.000000000951207	1.41321333333333E-08	70760724.9672142
-25.2	-0.000000424753	-30	-0.000000000929582	1.41584333333333E-08	70629283.3717478
-25.3	-0.000000425637	-30	-0.000000000896943	0.0000000141879	70482594.3233318
-25.4	-0.00000042632	-30	-0.0000000009534	1.42106666666667E-08	70369675.361231
-25.5	-0.00000042714	-30	-0.000000000926387	0.000000014238	70234583.5089198
-25.6	-0.000000427873	-30	-0.000000000963426	1.42624333333333E-08	70114262.8770687
-25.7	-0.000000428665	-30	-0.000000000860894	1.42888333333333E-08	69984720.0027994
-25.8	-0.000000429287	-30	-0.000000000897121	1.43095666666667E-08	69883318.1531237
-25.9	-0.000000430041	-30	-0.000000000983977	0.0000000143347	69760790.250232
-26	-0.000000430705	-30	-0.000000000941074	1.43568333333333E-08	69653242.9389025
-26.1	-0.000000431396	-30	-0.000000000947547	1.43798666666667E-08	69541674.0071767
-26.2	-0.000000432088	-30	-0.000000000992894	1.44029333333333E-08	69430301.2349336
-26.3	-0.000000432792	-30	-0.00000000100445	0.0000000144264	69317362.6129873
-26.4	-0.000000433359	-30	-0.00000000102037	0.0000000144453	69226668.8819201
-26.5	-0.000000433978	-30	-0.00000000102018	1.44659333333333E-08	69127928.143823
-26.6	-0.000000434626	-30	-0.00000000108736	1.44875333333333E-08	69024862.7555646
-26.7	-0.00000043539	-30	-0.00000000106177	0.000000014513	68903741.473162
-26.8	-0.000000436067	-30	-0.00000000101764	1.45355666666667E-08	68796767.4692192
-26.9	-0.000000436618	-30	-0.00000000106872	1.45539333333333E-08	68709947.8262463
-27	-0.000000437175	-30	-0.00000000105188	0.0000000145725	68622405.2153028
-27.1	-0.000000438027	-30	-0.0000000010677	0.0000000146009	68488928.7646652
-27.2	-0.000000438621	-30	-0.00000000100421	0.0000000146207	68396178.0215722
-27.3	-0.000000439178	-30	-0.00000000100249	1.46392666666667E-08	68309432.6218527
-27.4	-0.000000439766	-30	-0.00000000101241	1.46588666666667E-08	68218097.8065608
-27.5	-0.000000440389	-30	-0.00000000104024	1.46796333333333E-08	68121592.5011751
-27.6	-0.000000440897	-30	-0.00000000110897	1.46965666666667E-08	68043103.0376709
-27.7	-0.000000441554	-30	-0.00000000111185	1.47184666666667E-08	67941859.8857671
-27.8	-0.00000044202	-30	-0.000000000930905	0.000000014734	67870232.1161938
-27.9	-0.000000442536	-30	-0.000000000979137	0.0000000147512	67791094.9617658
-28	-0.000000443162	-30	-0.000000000993753	1.47720666666667E-08	67695334.8888217
-28.1	-0.000000443732	-30	-0.00000000102806	1.47910666666667E-08	67608376.227092
-28.2	-0.000000444228	-30	-0.00000000101708	0.0000000148076	67532888.5167076
-28.3	-0.000000444765	-30	-0.00000000101758	0.0000000148255	67451350.713298
-28.4	-0.00000044541	-30	-0.0000000010308	0.000000014847	67353674.1429245
-28.5	-0.000000445847	-30	-0.00000000103015	1.48615666666667E-08	67287656.9764964
-28.6	-0.000000446357	-30	-0.000000001144	1.48785666666667E-08	67210775.2314851
-28.7	-0.000000446853	-30	-0.00000000116519	0.0000000148951	67136172.2982726
-28.8	-0.00000044742	-30	-0.00000000103265	0.000000014914	67051092.9328148
-28.9	-0.000000447956	-30	-0.00000000104266	1.49318666666667E-08	66970863.2097795
-29	-0.000000448458	-30	-0.00000000114206	0.0000000149486	66895896.6057022
-29.1	-0.000000448965	-30	-0.00000000122844	0.0000000149655	66820353.4796699
-29.2	-0.000000449415	-30	-0.0000000010713	0.0000000149805	66753446.1466573
-29.3	-0.000000449807	-30	-0.00000000119642	1.49935666666667E-08	66695271.5275663
-29.4	-0.000000450432	-30	-0.0000000010113	0.0000000150144	66602728.0477408
-29.5	-0.000000450874	-30	-0.0000000009987	1.50291333333333E-08	66537436.1795091
-29.6	-0.000000451316	-30	-0.00000000111294	1.50438666666667E-08	66472272.1995232
-29.7	-0.000000451714	-30	-0.00000000112642	1.50571333333333E-08	66413704.2464922
-29.8	-0.000000452251	-30	-0.00000000117743	1.50750333333333E-08	66334845.0307462
-29.9	-0.000000452661	-30	-0.00000000106757	0.0000000150887	66274761.9079178
-30	-0.000000453163	-30	-0.00000000119276	1.51054333333333E-08	66201344.7699834
-30.1	-0.000000453674	-30	-0.00000000108613	1.51224666666667E-08	66126778.2592787
-30.2	-0.000000454169	-30	-0.00000000120949	1.51389666666667E-08	66054706.5079299
-30.3	-0.000000454589	-30	-0.0000000010854	1.51529666666667E-08	65993677.8056662
-30.4	-0.000000455041	-30	-0.00000000116861	1.51680333333333E-08	65928125.1579528
-30.5	-0.000000455447	-30	-0.00000000122311	1.51815666666667E-08	65869354.7218447
-30.6	-0.000000455945	-30	-0.0000000011537	1.51981666666667E-08	65797409.7753018
-30.7	-0.000000456413	-30	-0.00000000129436	1.52137666666667E-08	65729941.9604612
-30.8	-0.000000456816	-30	-0.00000000118095	0.0000000152272	65671955.4481454
-30.9	-0.00000045718	-30	-0.00000000118117	1.52393333333333E-08	65619668.4019423
-31	-0.000000457548	-30	-0.00000000120624	0.0000000152516	65566891.3425477
-31.1	-0.000000457962	-30	-0.00000000120622	0.0000000152654	65507618.5360357
-31.2	-0.000000458383	-30	-0.00000000112296	1.52794333333333E-08	65447453.3305118
-31.3	-0.000000458827	-30	-0.00000000122651	1.52942333333333E-08	65384120.8124195
-31.4	-0.000000459217	-30	-0.00000000126671	1.53072333333333E-08	65328591.9293058
-31.5	-0.000000459635	-30	-0.000000001258	1.53211666666667E-08	65269180.9805607
-31.6	-0.000000460121	-30	-0.00000000118501	1.53373666666667E-08	65200240.8062227
-31.7	-0.000000460407	-30	-0.00000000132248	0.0000000153469	65159739.1004046
-31.8	-0.00000046082	-30	-0.00000000122069	1.53606666666667E-08	65101341.0876264
-31.9	-0.000000461227	-30	-0.00000000123746	1.53742333333333E-08	65043893.7876577
-32	-0.000000461599	-30	-0.00000000130782	1.53866333333333E-08	64991475.2848251
-32.1	-0.000000462027	-30	-0.00000000127082	0.0000000154009	64931270.2504399
-32.2	-0.000000462355	-30	-0.00000000135871	1.54118333333333E-08	64885207.2541662
-32.3	-0.000000462745	-30	-0.00000000128975	1.54248333333333E-08	64830522.2098564
-32.4	-0.000000463092	-30	-0.00000000122522	0.0000000154364	64781943.9765748
-32.5	-0.000000463478	-30	-0.00000000131817	1.54492666666667E-08	64727991.4041227
-32.6	-0.00000046381	-30	-0.00000000126716	1.54603333333333E-08	64681658.4377223
-32.7	-0.000000464166	-30	-0.0000000012652	0.0000000154722	64632049.7408255
-32.8	-0.000000464468	-30	-0.00000000131626	1.54822666666667E-08	64590025.5776501
-32.9	-0.000000464836	-30	-0.00000000134784	1.54945333333333E-08	64538891.1357984
-33	-0.000000465217	-30	-0.0000000012843	1.55072333333333E-08	64486035.5490019
-33.1	-0.000000465609	-30	-0.0000000012812	0.0000000155203	64431744.2317481
-33.2	-0.00000046592	-30	-0.00000000125967	1.55306666666667E-08	64388736.2637363
-33.3	-0.000000466232	-30	-0.00000000128713	1.55410666666667E-08	64345647.6603922
-33.4	-0.000000466583	-30	-0.00000000125083	1.55527666666667E-08	64297241.8626482
-33.5	-0.000000466934	-30	-0.00000000122349	1.55644666666667E-08	64248908.8393649
-33.6	-0.000000467295	-30	-0.00000000119864	0.0000000155765	64199274.5481976
-33.7	-0.000000467575	-30	-0.00000000129362	1.55858333333333E-08	64160829.8133989
-33.8	-0.000000467939	-30	-0.00000000131277	1.55979666666667E-08	64110920.4404848
-33.9	-0.000000468314	-30	-0.00000000125785	1.56104666666667E-08	64059583.9543554
-34	-0.000000468565	-30	-0.00000000123031	1.56188333333333E-08	64025268.6393563
-34.1	-0.000000469006	-30	-0.00000000117747	1.56335333333333E-08	63965066.5449909
-34.2	-0.000000469288	-30	-0.0000000012022	1.56429333333333E-08	63926629.2766915
-34.3	-0.000000469546	-30	-0.0000000011175	1.56515333333333E-08	63891503.7078369
-34.4	-0.000000469934	-30	-0.0000000011542	1.56644666666667E-08	63838751.8247243
-34.5	-0.000000470281	-30	-0.00000000116354	1.56760333333333E-08	63791647.9721698
-34.6	-0.000000470603	-30	-0.00000000119113	1.56867666666667E-08	63747999.9065029
-34.7	-0.00000047088	-30	-0.00000000123094	0.000000015696	63710499.490316
-34.8	-0.000000471218	-30	-0.00000000115687	1.57072666666667E-08	63664800.580623
-34.9	-0.000000471546	-30	-0.00000000115732	0.0000000157182	63620516.3441106
-35	-0.00000047191	-30	-0.00000000126581	1.57303333333333E-08	63571443.7074866
-35.1	-0.000000472223	-30	-0.00000000116304	1.57407666666667E-08	63529307.1282
-35.2	-0.000000472481	-30	-0.0000000013707	1.57493666666667E-08	63494616.7147462
-35.3	-0.00000047282	-30	-0.00000000144452	1.57606666666667E-08	63449092.6779747
-35.4	-0.000000473162	-30	-0.00000000140202	1.57720666666667E-08	63403231.8740727
-35.5	-0.000000473362	-30	-0.0000000013743	1.57787333333333E-08	63376443.3984984
-35.6	-0.000000473648	-30	-0.00000000144422	1.57882666666667E-08	63338175.1849475
-35.7	-0.000000473966	-30	-0.00000000138617	1.57988666666667E-08	63295679.4369216
-35.8	-0.000000474233	-30	-0.00000000142157	1.58077666666667E-08	63260043.0590026
-35.9	-0.000000474499	-30	-0.00000000137086	1.58166333333333E-08	63224580.0307271
-36	-0.000000474792	-30	-0.00000000137322	0.0000000158264	63185563.3624829
-36.1	-0.000000475049	-30	-0.0000000012592	1.58349666666667E-08	63151380.1734137
-36.2	-0.000000475275	-30	-0.0000000014815	0.0000000158425	63121350.7969071
-36.3	-0.000000475571	-30	-0.00000000134801	1.58523666666667E-08	63082063.4563504
-36.4	-0.000000475871	-30	-0.00000000135466	1.58623666666667E-08	63042295.0757663
-36.5	-0.00000047612	-30	-0.00000000137495	1.58706666666667E-08	63009325.3801563
-36.6	-0.000000476413	-30	-0.00000000125389	1.58804333333333E-08	62970573.8508395
-36.7	-0.000000476708	-30	-0.00000000136491	1.58902666666667E-08	62931605.9306745
-36.8	-0.000000476998	-30	-0.00000000137798	1.58999333333333E-08	62893345.4647609
-36.9	-0.000000477257	-30	-0.00000000135552	1.59085666666667E-08	62859214.2179161
-37	-0.00000047754	-30	-0.00000000133383	0.000000015918	62821962.5581103
-37.1	-0.00000047777	-30	-0.00000000130585	1.59256666666667E-08	62791719.8652071
-37.2	-0.000000478059	-30	-0.00000000134901	0.0000000159353	62753760.5190991
-37.3	-0.000000478325	-30	-0.00000000131496	1.59441666666667E-08	62718862.6979564
-37.4	-0.000000478569	-30	-0.00000000130333	0.0000000159523	62686885.2767313
-37.5	-0.000000478815	-30	-0.00000000127209	0.0000000159605	62654678.7381348
-37.6	-0.000000479004	-30	-0.00000000127249	0.0000000159668	62629957.1611093
-37.7	-0.000000479328	-30	-0.00000000131936	0.0000000159776	62587622.6717404
-37.8	-0.000000479513	-30	-0.00000000135957	1.59837666666667E-08	62563475.8598828
-37.9	-0.000000479786	-30	-0.00000000125624	1.59928666666667E-08	62527877.0118344
-38	-0.000000480022	-30	-0.00000000126351	1.60007333333333E-08	62497135.547954
-38.1	-0.000000480232	-30	-0.00000000123744	1.60077333333333E-08	62469806.2603075
-38.2	-0.000000480474	-30	-0.00000000123717	0.0000000160158	62438342.1371396
-38.3	-0.000000480726	-30	-0.00000000132629	0.0000000160242	62405611.5125872
-38.4	-0.000000480965	-30	-0.00000000124109	1.60321666666667E-08	62374601.0624474
-38.5	-0.000000481221	-30	-0.00000000140258	0.0000000160407	62341419.0153796
-38.6	-0.000000481455	-30	-0.00000000137731	0.0000000160485	62311119.4192604
-38.7	-0.000000481721	-30	-0.00000000127285	1.60573666666667E-08	62276712.0387112
-38.8	-0.00000048195	-30	-0.00000000140015	0.000000016065	62247121.0706505
-38.9	-0.000000482209	-30	-0.00000000143321	1.60736333333333E-08	62213687.4259916
-39	-0.000000482436	-30	-0.00000000137784	0.0000000160812	62184414.0984504
-39.1	-0.000000482698	-30	-0.00000000154335	1.60899333333333E-08	62150661.4902071
-39.2	-0.000000482932	-30	-0.0000000014169	1.60977333333333E-08	62120546.9921231
-39.3	-0.00000048318	-30	-0.00000000149994	0.000000016106	62088662.6102074
-39.4	-0.000000483427	-30	-0.00000000151378	1.61142333333333E-08	62056939.3103819
-39.5	-0.000000483632	-30	-0.00000000152172	1.61210666666667E-08	62030634.8628709
-39.6	-0.000000483866	-30	-0.00000000154623	1.61288666666667E-08	62000636.5398685
-39.7	-0.000000484067	-30	-0.00000000146387	1.61355666666667E-08	61974891.9054594
-39.8	-0.000000484275	-30	-0.0000000015975	0.0000000161425	61948273.1918848
-39.9	-0.000000484541	-30	-0.00000000156817	1.61513666666667E-08	61914265.2530952
-40	-0.000000484756	-30	-0.00000000146934	1.61585333333333E-08	61886804.9080362
