0	0.000000000233674	0	0	0.116257411	0.000186514701	-0.116070896299	0	0	0	0
0.1	2.27928E-11	0	0	0.0636036705	-0.0998148415	-0.163418512	0	4119396166.55172	0	0
0.2	-0.000000000208449	0	0	0.00216346673	-0.199741834	-0.20190530073	0	8238792333.10344	0	0
0.3	0.000000000334847	0	0	-0.0613215398	-0.298601927	-0.2372803872	0	12358188499.6552	0	0
0.4	0.00000000450157	0	0	-0.124466299	-0.381310507	-0.256844208	0	16477584666.2069	0	0
0.5	0.000000066378	0	0	-0.191500613	-0.233318383	-0.04181777	0	20596980832.7586	0	0
0.6	0.000000157185	0	0	-0.0421836712	-0.0196669427	0.0225167285	0	24716376999.3103	0	0
0.7	0.000000189937	0	0	-0.0526032386	-0.0215596383	0.0310436003	0	28835773165.862	0	0
0.8	0.000000222258	0	0	-0.0752444865	-0.0309628767	0.0442816098	0	32955169332.4138	0	0
0.9	0.000000255131	0	0	-0.102795417	-0.0427502148	0.0600452022	0	37074565498.9655	0	0
1	0.000000290026	0	0	-0.132982458	-0.0557453902	0.0772370678	0	41193961665.5172	0	0
1.1	0.000000332378	0.0001	0.229559	-0.124029821	-0.0552782084	0.0687516126	3.20916981662187E-04	45313357832.0689	44203.4410003013	0
1.2	0.000000382186	0.0001	0.1558	-0.09510174	-0.0447681356	0.0503336044	4.38346513487518E-04	49432753998.6206	55346.7820059998	0
1.3	0.000000434034	0.0001	0.124148	-0.0783740855	-0.0378483882	0.0405256973	5.44433815331291E-04	53552150165.1723	63453.8246306866	0
1.4	0.00000048775	0.0001	0.10491	-0.0672471443	-0.0329611745	0.0342859698	6.43515704199214E-04	57671546331.7241	69644.5567315167	0
1.5	0.000000545365	0.0001	0.0916179	-0.0592188145	-0.0293133002	0.0299055143	7.37775641597978E-04	61790942498.2758	74522.7920806038	0
1.6	0.000000606375	0.0001	0.0817725	-0.053117961	-0.0264831084	0.0266348526	8.28371770302194E-04	65910338664.8275	78444.296430132	0
1.7	0.000000668801	0.0001	0.0741225	-0.0483026778	-0.0242177092	0.0240849686	9.16071777648072E-04	70029734831.3792	81646.3259935893	0
1.8	0.000000735846	0.0001	0.0679876	-0.0443967936	-0.0223642216	0.022032572	1.00140646312196E-03	74149130997.9309	84293.4733267646	0
1.9	0.000000807736	0.0001	0.06294	-0.0411573817	-0.0208162725	0.0203411092	1.08467831242949E-03	78268527164.4826	86497.4730805017	0
2	0.000000878819	0.0001	0.0587029	-0.0384242624	-0.0195037166	0.0189205458	1.16611646583684E-03	82387923331.0344	88342.1565027906	0
2.1	0.00000095565	0.0001	0.0550357	-0.0360468534	-0.0183586949	0.0176881585	1.2473633137107E-03	86507319497.5861	89997.3530815797	0
2.2	0.00000103879	0.0001	0.0519151	-0.0340193515	-0.0173801256	0.0166392259	1.3259967820979E-03	90626715664.1378	91322.0924309847	0
2.3	0.00000112277	0.0001	0.0491945	-0.0322459648	-0.016524106	0.0157218588	1.40336841086501E-03	94746111830.6895	92448.5119146908	0
2.4	0.00000121276	0.0001	0.0467931	-0.0306786733	-0.0157657032	0.0149129701	1.47948797939319E-03	98865507997.2412	93402.018901085	0
2.5	0.0000013082	0.0001	0.0446595	-0.0292822273	-0.0150904754	0.0141917519	1.55467486716703E-03	102984904163.793	94222.7192222445	0
2.6	0.00000140382	0.0001	0.0427531	-0.0280336069	-0.014486746	0.0135468609	1.62868432494202E-03	107104300330.345	94911.6739476704	0
2.7	0.00000150291	0.0001	0.0410261	-0.0269043953	-0.0139430242	0.0129613711	1.70225509552766E-03	111223696496.896	95524.977302338	0
2.8	0.00000161486	0.0001	0.0394614	-0.0258796514	-0.0134489957	0.0124306557	1.77493130953663E-03	115343092663.448	96046.0665333676	0
2.9	0.00000172188	0.0001	0.0380337	-0.0249466811	-0.0130010275	0.0119456536	1.84699479315221E-03	119462488830	96499.2054938461	0
3	0.00000183863	0.0001	0.03673	-0.0240919197	-0.0125914489	0.0115004708	1.91849189339275E-03	123581884996.552	96893.5299693307	0
3.1	0.0000019562	0.0001	0.0355315	-0.0233065625	-0.0122157503	0.0110908122	1.98935475618278E-03	127701281163.103	97231.4152582004	0
3.2	0.00000208497	0.0001	0.0344223	-0.0225815191	-0.0118698083	0.0107117108	2.05976061265582E-03	131820677329.655	97526.5441598401	0
3.3	0.00000220792	0.0001	0.0334017	-0.0219122006	-0.0115515957	0.0103606049	2.12956291770184E-03	135940073496.207	97776.075192922	0
3.4	0.00000234557	0.0001	0.0324473	-0.0212897118	-0.0112563884	0.0100333234	2.19902809073213E-03	140059469662.758	97995.9042215744	0
3.5	0.0000024865	0.0001	0.0315609	-0.0207123984	-0.0109854122	0.0097269862	2.26828326331953E-03	144178865829.31	98194.080663183	0
3.6	0.0000026305	0.0001	0.0307318	-0.0201727584	-0.0107323757	0.0094403827	2.3371467768992E-03	148298261995.862	98364.7633375086	0
3.7	0.00000278038	0.0001	0.0299557	-0.0196690745	-0.010497253	0.0091718215	2.40558105061247E-03	152417658162.414	98508.642531223	0
3.8	0.00000293764	0.0001	0.0292309	-0.0191953451	-0.0102759679	0.0089193772	2.47366598645475E-03	156537054328.965	98631.0201935706	0
3.9	0.00000308546	0.0001	0.0285465	-0.0187528589	-0.01007145	0.0086814089	2.5414722718567E-03	160656450495.517	98736.2964979294	0
4	0.00000326067	0.0001	0.0279023	-0.018336028	-0.00988045052	0.00845557748	2.60934987021135E-03	164775846662.069	98839.0102352783	0
4.1	0.00000342919	0.0001	0.0272981	-0.0179431023	-0.00970074795	0.00824235435	2.67685166920784E-03	168895242828.62	98922.8259130761	0
4.2	0.00000360087	0.0001	0.0267241	-0.0175741082	-0.00953462007	0.00803948813	2.7443986038947E-03	173014638995.172	99004.2786397799	0
4.3	0.0000037889	0.0001	0.0261823	-0.0172231821	-0.00937713747	0.00784604463	2.81206149601012E-03	177134035161.724	99086.0287529994	0
4.4	0.00000397671	0.0001	0.0256645	-0.0168928622	-0.00922949638	0.00766336582	2.87909523285683E-03	181253431328.276	99142.3978256485	0
4.5	0.00000417034	0.0001	0.0251786	-0.0165789022	-0.00908984097	0.00748906123	2.94610490185564E-03	185372827494.827	99195.4512409305	0
4.6	0.00000437029	0.0001	0.0247145	-0.0162822869	-0.00896031212	0.00732197478	3.0133346075251E-03	189492223661.379	99253.4455706555	0
4.7	0.00000457452	0.0001	0.0242696	-0.0159993746	-0.00883768764	0.00716168696	3.0807769347126E-03	193611619827.931	99315.8263930561	0
4.8	0.00000479495	0.0001	0.0238495	-0.0157342892	-0.00872607576	0.00700821344	3.14824315624725E-03	197731015994.482	99376.3622552794	0
4.9	0.00000502029	0.0001	0.0234485	-0.0154791853	-0.00861716795	0.00686201735	3.21531684847751E-03	201850412161.034	99422.2896869979	0
5	0.00000523483	0.0001	0.0230624	-0.0152357648	-0.00851499772	0.00672076708	3.28289311880155E-03	205969808327.586	99481.6096606531	0
5.1	0.00000548366	0.0001	0.0226941	-0.0150051694	-0.00841917749	0.00658599191	3.35007396023358E-03	210089204494.138	99526.8556219126	0
5.2	0.00000569788	0.0001	0.0223449	-0.0147850944	-0.00832905549	0.00645603891	3.41750728388965E-03	214208600660.689	99577.7180620528	0
5.3	0.00000597282	0.0001	0.0220114	-0.0145767212	-0.00824646075	0.00633026045	3.48541109394638E-03	218327996827.241	99640.1113192218	0
5.4	0.00000621436	0.0001	0.0216896	-0.0143763701	-0.00816644336	0.00620992674	3.55295012707348E-03	222447392993.793	99689.9586720954	0
5.5	0.00000648269	0.0001	0.0213845	-0.0141883603	-0.00809645776	0.00609190254	3.62178479631422E-03	226566789160.345	99773.6858488767	0
5.6	0.00000676754	0.0001	0.0210884	-0.0140054525	-0.00802641024	0.00597904226	3.69014953241023E-03	230686185326.896	99841.7081279824	0
5.7	0.00000704091	0.0001	0.0208042	-0.0138310083	-0.0079607586	0.0058702497	3.75853858482374E-03	234805581493.448	99907.9900272127	0
5.8	0.0000073144	0.0001	0.0205294	-0.0136643614	-0.00789940735	0.00576495405	3.82718748642931E-03	238924977660	99978.7744626258	0
5.9	0.00000761942	0.0001	0.0202695	-0.013508316	-0.0078472066	0.0056611094	3.89739156074249E-03	243044373826.551	100087.097091487	0
6	0.00000791581	0.0001	0.0200166	-0.0133556959	-0.00779268568	0.00556301022	3.9661189045955E-03	247163769993.103	100154.517792816	0
6.1	0.00000823623	0.0001	0.0197783	-0.013211192	-0.00774488584	0.00546630616	4.03628325128426E-03	251283166159.655	100255.421045312	0
6.2	0.00000856644	0.0001	0.0195423	-0.0130717426	-0.00769900717	0.00537273543	4.10657853666172E-03	255402562326.207	100356.269224382	0
6.3	0.00000887092	0.0001	0.0193196	-0.0129399194	-0.00765808414	0.00528183526	4.17725258625351E-03	259521958492.758	100463.025162422	0
6.4	0.00000921735	0.0001	0.0191052	-0.0128154803	-0.00762201261	0.00519346769	4.24832911591677E-03	263641354659.31	100575.973388181	0
6.5	0.00000956925	0.0001	0.018894	-0.0126920785	-0.00758400613	0.00510807237	4.31935148953264E-03	267760750825.862	100684.18390519	0
6.6	0.0000099218	0.0001	0.0186937	-0.0125791805	-0.0075570625	0.005022118	4.3932778958997E-03	271880146992.413	100855.782734153	0
6.7	0.0000102933	0.0001	0.0185013	-0.0124677398	-0.00752534751	0.00494239229	4.46414584383386E-03	275999543158.965	100953.094614063	0
6.8	0.0000106483	0.0001	0.0183119	-0.0123619753	-0.00749971105	0.00486226425	4.53771306238652E-03	280118939325.517	101107.688555849	0
6.9	0.0000110662	0.0001	0.0181352	-0.0122620532	-0.00747749447	0.00478455873	4.61140958760893E-03	284238335492.069	101260.640922462	0
7	0.0000114352	0.0001	0.0179609	-0.0121656027	-0.00745841096	0.00470719174	4.6872023105649E-03	288357731658.62	101454.595466773	0
7.1	0.0000118393	0.0001	0.0177947	-0.0120775859	-0.00744533303	0.00463225287	4.76303013224751E-03	292477127825.172	101643.835515312	0
7.2	0.0000122973	0.0001	0.017637	-0.0119899915	-0.00743137619	0.00455861531	4.83996970562537E-03	296596523991.724	101851.214343968	0
7.3	0.0000127104	0.0001	0.0174811	-0.0119070924	-0.00742043078	0.00448666162	4.91758948382651E-03	300715920158.275	102067.029552231	0
7.4	0.0000131675	0.0001	0.0173308	-0.0118294741	-0.00741302714	0.00441644696	4.99577153305154E-03	304835316324.827	102288.524427755	0
7.5	0.0000136143	0.0001	0.0171882	-0.0117597095	-0.00741366945	0.00434604005	5.07670425172451E-03	308954712491.379	102559.68185302	0
7.6	0.0000141385	0.0001	0.0170499	-0.0116899118	-0.00741137533	0.00427853647	5.15680073191009E-03	313074108657.931	102807.032135369	0
7.7	0.0000145706	0.0001	0.0169123	-0.0116216992	-0.00740901013	0.00421268907	5.23740528517098E-03	317193504824.482	103057.955237524	0
7.8	0.0000150955	0.0001	0.016783	-0.0115596619	-0.00741193563	0.00414772627	5.31943492982723E-03	321312900991.034	103330.126842021	0
7.9	0.000015604	0.0001	0.016662	-0.0115004143	-0.00741740755	0.00408300675	5.40375300628636E-03	325432297157.586	103639.298164295	0
8	0.0000161442	0.0001	0.0165377	-0.0114461017	-0.00742564759	0.00402045411	5.48782784141764E-03	329551693324.137	103936.133360183	0
8.1	0.0000166391	0.0001	0.0164244	-0.0113943784	-0.00743721341	0.00395716499	5.5755976957635E-03	333671089490.689	104294.756748288	0
8.2	0.000017219	0.0001	0.0163098	-0.011343907	-0.00744755741	0.00389634959	5.66262330685784E-03	337790485657.241	104630.881501438	0
8.3	0.0000177487	0.0001	0.0162046	-0.0112982211	-0.00746028678	0.00383793432	5.74881125115242E-03	341909881823.793	104943.61539161	0
8.4	0.0000183575	0.0001	0.0161021	-0.0112556281	-0.00747989839	0.00377572971	5.84352209893753E-03	346029277990.344	105402.635262221	0
8.5	0.0000189749	0.0001	0.0159997	-0.0112182166	-0.00750179406	0.00371642254	5.93677380936345E-03	350148674156.896	105824.845086693	0
8.6	0.0000195774	0.0001	0.015902	-0.0111834559	-0.00752491942	0.00365853648	6.03070657368435E-03	354268070323.448	106249.234913396	0
8.7	0.0000201849	0.0001	0.015814	-0.0111559624	-0.00755892537	0.00359703703	6.13381508613493E-03	358387466489.999	106823.669211685	0
8.8	0.0000208809	0.0001	0.0157257	-0.011124467	-0.00758188589	0.00354258111	6.22810298900961E-03	362506862656.551	107233.178185427	0
8.9	0.0000215091	0.0001	0.0156333	-0.0110922731	-0.00760523751	0.00348703559	6.32731138829587E-03	366626258823.103	107717.25209901	0
9	0.0000221619	0.0001	0.0155535	-0.0110661204	-0.00763381216	0.00343230824	6.42819888460833E-03	370745654989.655	108218.836441218	0
9.1	0.0000228762	0.0001	0.0154738	-0.0110505523	-0.00767562271	0.00337492959	6.53748749762806E-03	374865051156.206	108849.275684783	0
9.2	0.0000236016	0.0001	0.015398	-0.011029189	-0.00770825772	0.00332093128	6.6437869801389E-03	378984447322.758	109416.781622841	0
9.3	0.0000243289	0.0001	0.015327	-0.0110162778	-0.00775088984	0.00326538796	6.7567959061134E-03	383103843489.31	110081.393061476	0
9.4	0.0000250873	0.0001	0.0152587	-0.0110052777	-0.00779650607	0.00320877163	6.87601442050895E-03	387223239655.862	110831.953908913	0
9.5	0.0000259471	0.0001	0.0151908	-0.0109967479	-0.00784088554	0.00315586236	6.9912934986176E-03	391342635822.413	111503.88355052	0
9.6	0.0000267016	0.0001	0.0151271	-0.0109908544	-0.00789083427	0.00310002013	7.11723120326964E-03	395462031988.965	112330.037930392	0
9.7	0.0000274915	0.0001	0.0150697	-0.0109881963	-0.00794338351	0.00304481279	7.24627802157912E-03	399581428155.517	113187.72292376	0
9.8	0.000028376	0.0001	0.0150132	-0.0109891314	-0.00799812034	0.00299101106	7.37662267286969E-03	403700824322.068	114047.96958673	0
9.9	0.0000292358	0.0001	0.0149596	-0.0109897753	-0.0080512099	0.0029385654	7.50827597711455E-03	407820220488.62	114910.865887887	0
10	0.0000301084	0.0001	0.014908	-0.010996264	-0.00811275472	0.00288350928	7.65163481630966E-03	411939616655.172	115933.860853177	0
