0	0.000000000138378	10	-0.00000000273567	0.000000001	1000000000
0.025	0.000000000126457	10	-0.00000000232952	0.000000001	1000000000
0.05	0.000000000111079	10	-0.00000000208681	0.000000001	1000000000
0.075	0.000000000107765	10	-0.00000000187876	0.000000001	1000000000
0.1	0.000000000106347	10	-0.00000000169395	0.000000001	1000000000
0.125	0.000000000113869	10	-0.000000001529	0.000000001	1000000000
0.15	0.000000000127721	10	-0.00000000138347	0.000000001	1000000000
0.175	0.000000000155854	10	-0.00000000126081	0.000000001	1000000000
0.2	0.000000000213909	10	-0.00000000113792	0.000000001	1000000000
0.225	0.000000000322497	10	-0.0000000010453	0.000000001	1000000000
0.25	0.000000000520122	10	-0.000000000961566	0.000000001	1000000000
0.275	0.000000000891793	10	-0.000000000887001	0.000000001	1000000000
0.3	0.00000000158091	10	-0.000000000831676	0.000000001	1000000000
0.325	0.00000000286068	10	-0.000000000797153	0.000000001	1000000000
0.35	0.00000000524701	10	-0.00000000078187	0.000000001	1000000000
0.375	0.0000000096064	10	-0.000000000784397	0.000000001	1000000000
0.4	0.0000000177971	10	-0.000000000791097	0.00000000177971	561889296.57079
0.425	0.0000000327386	10	-0.000000000853169	0.00000000327386	305449835.973438
0.45	0.0000000598137	10	-0.00000000100902	0.00000000598137	167185778.508937
0.475	0.00000011567	10	-0.00000000135399	0.000000011567	86452839.9757932
0.5	0.000000206533	10	-0.00000000030638	0.0000000206533	48418412.553926
0.525	0.000000366162	10	-0.000000000312257	0.0000000366162	27310316.198841
0.55	0.000000631746	10	-0.000000000318778	0.0000000631746	15829146.5240777
0.575	0.00000105169	10	-0.000000000338101	0.000000105169	9508505.35804277
0.6	0.00000167794	10	-0.000000000376093	0.000000167794	5959688.6658641
0.625	0.00000258362	10	-0.000000000431514	0.000000258362	3870538.23704724
0.65	0.00000380623	10	-0.000000000519323	0.000000380623	2627271.60471122
0.675	0.00000541254	10	-0.000000000640011	0.000000541254	1847561.40370325
0.7	0.00000743632	10	-0.000000000781131	0.000000743632	1344751.16724401
0.725	0.00000990829	10	-0.00000000095818	0.000000990829	1009255.88572801
0.75	0.0000129055	10	-0.00000000116736	0.00000129055	774863.430320406
0.775	0.0000163301	10	0.000000000237012	0.00000163301	612366.121456696
0.8	0.0000202616	10	0.000000000187671	0.00000202616	493544.438741264
0.825	0.0000247024	10	0.000000000152993	0.00000247024	404818.96495887
0.85	0.0000296605	10	0.000000000126517	0.00000296605	337148.733163635
0.875	0.0000351437	10	9.97901E-11	0.00000351437	284546.021050715
0.9	0.0000411416	10	7.21931E-11	0.00000411416	243062.98248002
0.925	0.0000476666	10	5.37634E-11	0.00000476666	209790.503203501
0.95	0.0000547248	10	3.20554E-11	0.00000547248	182732.508844253
0.975	0.0000622914	10	2.10881E-11	0.00000622914	160535.804300433
1	0.000070376	10	4.16398E-11	0.0000070376	142093.895646243
1.025	0.0000789947	10	3.44992E-11	0.00000789947	126590.771279592
1.05	0.0000881108	10	2.70724E-11	0.00000881108	113493.465046283
1.075	0.0000977295	10	1.66655E-11	0.00000977295	102323.249377107
1.1	0.000107865	10	5.23329E-12	0.0000107865	92708.4781903305
1.125	0.000118481	10	1.01328E-12	0.0000118481	84401.718418987
1.15	0.000129595	10	2.10404E-11	0.0000129595	77163.4708129172
1.175	0.000141216	10	2.93851E-11	0.0000141216	70813.5055517788
1.2	0.000153295	10	-1.15871E-11	0.0000153295	65233.6997292802
1.225	0.000165847	10	-1.59264E-11	0.0000165847	60296.5383757318
1.25	0.000178895	10	-1.61886E-11	0.0000178895	55898.7115346991
1.275	0.00019238	10	-1.62363E-11	0.000019238	51980.4553487889
1.3	0.000206332	10	-2.43306E-11	0.0000206332	48465.5797452649
1.325	0.000220724	10	-2.32458E-11	0.0000220724	45305.4493394465
1.35	0.000235587	10	-1.70112E-11	0.0000235587	42447.1638927445
1.375	0.000250855	10	-0.000000000012958	0.0000250855	39863.6662613861
1.4	0.000266584	10	-1.60694E-11	0.0000266584	37511.6286048675
1.425	0.000282734	10	-9.91821E-12	0.0000282734	35368.9333437082
1.45	0.000299306	10	-1.07765E-11	0.0000299306	33410.623241766
1.475	0.000316272	10	-1.05143E-11	0.0000316272	31618.3538220266
1.5	0.000333674	10	-9.95398E-12	0.0000333674	29969.3713025288
1.525	0.000351477	10	-9.53674E-12	0.0000351477	28451.3638161245
1.55	0.000369658	10	-1.01686E-11	0.0000369658	27052.0318781144
1.575	0.000388287	10	-1.24931E-11	0.0000388287	25754.1457736159
1.6	0.000407259	10	-1.25408E-11	0.0000407259	24554.3990433606
1.625	0.000426606	10	-1.70112E-11	0.0000426606	23440.8329934413
1.65	0.000446398	10	-1.00732E-11	0.0000446398	22401.5340570522
1.675	0.000466488	10	-1.32322E-11	0.0000466488	21436.7786523983
1.7	0.000486999	10	-1.26123E-11	0.0000486999	20533.9230676038
1.725	0.00050788	10	-1.59144E-11	0.000050788	19689.6904780657
1.75	0.000529084	10	-0.000000000021553	0.0000529084	18900.5904544458
1.775	0.000550665	10	-5.13673E-11	0.0000550665	18159.86125866
1.8	0.000572621	10	-5.12004E-11	0.0000572621	17463.5579205094
1.825	0.000594883	10	-5.21779E-11	0.0000594883	16810.0281904173
1.85	0.000617517	10	-0.000000000053072	0.0000617517	16193.8861602191
1.875	0.000640509	10	-6.28233E-11	0.0000640509	15612.5831174894
1.9	0.000663799	10	-6.61016E-11	0.0000663799	15064.8012425448
1.925	0.000687433	10	-6.99162E-11	0.0000687433	14546.872204273
1.95	0.000711409	10	-5.60999E-11	0.0000711409	14056.611597548
1.975	0.000735739	10	-6.52909E-11	0.0000735739	13591.7764315878
2	0.000760343	10	-0.000000000071609	0.0000760343	13151.9590500603
2.025	0.00078872	10	-7.87973E-11	0.000078872	12678.7706663962
2.05	0.000814205	10	-8.81076E-11	0.0000814205	12281.9191726899
2.075	0.000839691	10	-9.29236E-11	0.0000839691	11909.1427679944
2.1	0.00086587	10	-9.75251E-11	0.000086587	11549.0778061372
2.125	0.000892034	10	-0.000000000106907	0.0000892034	11210.3350320728
2.15	0.000918841	10	-0.000000000117636	0.0000918841	10883.2757789433
2.175	0.000945625	10	-0.000000000124359	0.0000945625	10575.0165234633
2.2	0.000972992	10	-0.000000000134718	0.0000972992	10277.5767940538
2.225	0.00100109	10	-0.000000000144613	0.000100109	9989.11186806381
2.25	0.00102895	10	0.000000000938725	0.000102895	9718.64522085621
2.275	0.00105691	10	0.000000000838852	0.000105691	9461.54355621576
2.3	0.00108552	10	0.000000000753403	0.000108552	9212.1748102292
2.325	0.00111405	10	0.00000000067693	0.000111405	8976.25779812396
2.35	0.00114325	10	0.00000000061152	0.000114325	8746.99322108025
2.375	0.0011724	10	0.000000000549805	0.00011724	8529.5121119072
2.4	0.00120212	10	0.000000000496471	0.000120212	8318.63707450171
2.425	0.0012318	10	0.000000000452185	0.00012318	8118.20100665693
2.45	0.00126216	10	0.000000000411212	0.000126216	7922.92577803131
2.475	0.00129245	10	0.000000000369537	0.000129245	7737.24322024063
2.5	0.00132336	10	0.000000000334442	0.000132336	7556.52279047274
2.525	0.00135421	10	0.000000000299346	0.000135421	7384.37908448468
2.55	0.00138569	10	0.000000000270164	0.000138569	7216.62132222936
2.575	0.00141701	10	0.000000000249648	0.000141701	7057.11321726734
2.6	0.00144858	10	0.000000000220144	0.000144858	6903.31220919797
2.625	0.00148092	10	0.000000000243998	0.000148092	6752.55921994436
2.65	0.00151304	10	0.000000000178504	0.000151304	6609.21059588643
2.675	0.00154589	10	0.000000000194204	0.000154589	6468.76556546714
2.7	0.00157853	10	0.000000000156951	0.000157853	6335.00788708482
2.725	0.00161185	10	0.000000000143707	0.000161185	6204.05124546329
2.75	0.00164497	10	0.000000000132585	0.000164497	6079.13822136574
2.775	0.00167877	10	0.000000000119293	0.000167877	5956.74213858956
2.8	0.00171246	10	0.000000000111187	0.000171246	5839.55245669972
2.825	0.00174673	10	0.000000000106835	0.000174673	5724.98325442398
2.85	0.0017808	10	0.000000000101614	0.00017808	5615.45372866128
2.875	0.00181559	10	7.89166E-11	0.000181559	5507.8514422309
2.9	0.00185015	10	6.52075E-11	0.000185015	5404.96716482447
2.925	0.00188524	10	5.49674E-11	0.000188524	5304.36443105387
2.95	0.00192031	10	4.68731E-11	0.000192031	5207.49254026694
2.975	0.00195591	10	3.98994E-11	0.000195591	5112.70968500596
3	0.00199131	10	0.000000000026226	0.000199131	5021.81980706168
3.025	0.00202741	10	2.42114E-11	0.000202741	4932.40143828826
3.05	0.0020632	10	2.14934E-11	0.00020632	4846.83986041101
3.075	0.00209968	10	2.23517E-11	0.000209968	4762.63049607559
3.1	0.00213583	10	2.09808E-11	0.000213583	4682.0205727984
3.125	0.00217269	10	2.91348E-11	0.000217269	4602.58941680589
3.15	0.00220927	10	2.91109E-11	0.000220927	4526.38201758952
3.175	0.00224652	10	4.78506E-11	0.000224652	4451.32916688923
3.2	0.00228339	10	2.34842E-11	0.000228339	4379.45335663203
3.225	0.00232095	10	2.72989E-11	0.000232095	4308.58053814171
3.25	0.00235824	10	0.000000000028348	0.000235824	4240.4505054617
3.275	0.0023961	10	2.80976E-11	0.00023961	4173.4485205125
3.3	0.00243359	10	3.22819E-11	0.000243359	4109.15560961378
3.325	0.00247172	10	3.11613E-11	0.000247172	4045.76570161669
3.35	0.00250955	10	3.27349E-11	0.000250955	3984.77814747664
3.375	0.00254794	10	3.35932E-11	0.000254794	3924.73920108009
3.4	0.00258598	10	3.36647E-11	0.000258598	3867.0059319871
3.425	0.00262467	10	3.92795E-11	0.000262467	3810.00278130203
3.45	0.00266303	10	3.73602E-11	0.000266303	3755.12104632693
3.475	0.00270193	10	3.63111E-11	0.000270193	3701.05813252009
3.5	0.0027404	10	4.03881E-11	0.00027404	3649.10232082908
3.525	0.00277951	10	0.00000000003829	0.000277951	3597.75643908459
3.55	0.00281818	10	4.00186E-11	0.000281818	3548.38938605767
3.575	0.00285753	10	3.98397E-11	0.000285753	3499.52581425217
3.6	0.0028964	10	3.79086E-11	0.00028964	3452.56180085624
3.625	0.00293581	10	3.57628E-11	0.000293581	3406.21497985224
3.65	0.00297472	10	3.80754E-11	0.000297472	3361.66092943201
3.675	0.00301426	10	0.000000000036037	0.000301426	3317.56384651623
3.7	0.00305333	10	3.34144E-11	0.000305333	3275.11274575627
3.725	0.00309291	10	3.06129E-11	0.000309291	3233.20109540853
3.75	0.00313193	10	2.67148E-11	0.000313193	3192.91938197852
3.775	0.00317155	10	2.80023E-11	0.000317155	3153.03242893853
3.8	0.0032105	10	2.81692E-11	0.00032105	3114.77962934122
3.825	0.00324991	10	2.41995E-11	0.000324991	3077.00828638332
3.85	0.00328876	10	2.83718E-11	0.000328876	3040.65970152884
3.875	0.00332784	10	0.000000000029099	0.000332784	3004.95216116159
3.9	0.00336625	10	2.68459E-11	0.000336625	2970.66468622354
3.925	0.00340425	10	2.50578E-11	0.000340425	2937.50458985092
3.95	0.00344236	10	2.78115E-11	0.000344236	2904.98379019045
3.975	0.00347932	10	2.81692E-11	0.000347932	2874.12482898957
4	0.00351585	10	0.000000000028348	0.000351585	2844.2624116501
4.025	0.00355085	10	0.00000000003016	0.000355085	2816.22710055339
4.05	0.003585	10	3.15666E-11	0.0003585	2789.40027894003
4.075	0.00361694	10	2.44498E-11	0.000361694	2764.76800831642
4.1	0.00364755	10	0.000000000034678	0.000364755	2741.56625680251
4.125	0.00367579	10	3.63469E-11	0.000367579	2720.50361963007
4.15	0.00370235	10	3.91006E-11	0.000370235	2700.98721082556
4.175	0.00372672	10	0.000000000040257	0.000372672	2683.32474669414
4.2	0.00374972	10	4.46796E-11	0.000374972	2666.86579264585
4.225	0.00377084	10	4.60029E-11	0.000377084	2651.92901316418
4.25	0.00379083	10	4.50253E-11	0.000379083	2637.94472450624
4.275	0.00380936	10	4.82202E-11	0.000380936	2625.11287985383
4.3	0.00382699	10	4.66228E-11	0.000382699	2613.01963161649
4.325	0.00384343	10	5.12719E-11	0.000384343	2601.84262494699
4.35	0.00385913	10	5.55634E-11	0.000385913	2591.25761505832
4.375	0.00387372	10	5.50508E-11	0.000387372	2581.49788833473
4.4	0.00388789	10	5.54323E-11	0.000388789	2572.0892309196
4.425	0.00390116	10	5.84364E-11	0.000390116	2563.34013472916
4.45	0.00391398	10	6.25134E-11	0.000391398	2554.94407227426
4.475	0.0039262	10	6.23107E-11	0.00039262	2546.99200244511
4.5	0.00393794	10	5.92947E-11	0.000393794	2539.39877194675
4.525	0.00394906	10	6.26922E-11	0.000394906	2532.24818057968
4.55	0.00395996	10	0.000000000064826	0.000395996	2525.27803311145
4.575	0.00397023	10	6.36578E-11	0.000397023	2518.74576535868
4.6	0.00398039	10	6.33359E-11	0.000398039	2512.3166322898
4.625	0.00398997	10	6.38843E-11	0.000398997	2506.28450840483
4.65	0.00399946	10	5.79715E-11	0.000399946	2500.33754556865
4.675	0.00400845	10	5.93901E-11	0.000400845	2494.72988312191
4.7	0.00401733	10	6.34074E-11	0.000401733	2489.21547395907
4.725	0.00402579	10	6.18577E-11	0.000402579	2483.9845098726
4.75	0.00403405	10	6.44207E-11	0.000403405	2478.89837756101
4.775	0.00404203	10	6.54697E-11	0.000404203	2474.00439877982
4.8	0.00404983	10	6.33836E-11	0.000404983	2469.23944955714
4.825	0.00405738	10	6.75559E-11	0.000405738	2464.64467217761
4.85	0.00406485	10	6.79016E-11	0.000406485	2460.11537941129
4.875	0.00407202	10	6.74486E-11	0.000407202	2455.78361599403
4.9	0.00407905	10	6.60062E-11	0.000407905	2451.55121903384
4.925	0.00408588	10	6.54221E-11	0.000408588	2447.45318022066
4.95	0.00409251	10	0.000000000062573	0.000409251	2443.48822605198
4.975	0.00409906	10	6.63042E-11	0.000409906	2439.58370943582
5	0.00410544	10	6.57082E-11	0.000410544	2435.79250945088
5.025	0.00411161	10	6.64115E-11	0.000411161	2432.13728928571
5.05	0.00411766	10	6.50644E-11	0.000411766	2428.56379594236
5.075	0.00412367	10	6.42419E-11	0.000412367	2425.02431086872
5.1	0.00412954	10	6.17266E-11	0.000412954	2421.57722167602
5.125	0.00413527	10	6.31928E-11	0.000413527	2418.22178479277
5.15	0.00414087	10	6.64234E-11	0.000414087	2414.95144740115
5.175	0.00414627	10	6.61492E-11	0.000414627	2411.80627407284
5.2	0.00415159	10	6.69122E-11	0.000415159	2408.71569687758
5.225	0.0041569	10	6.84619E-11	0.00041569	2405.63881738796
5.25	0.00416199	10	7.06196E-11	0.000416199	2402.69678687359
5.275	0.00416709	10	7.19428E-11	0.000416709	2399.75618477163
5.3	0.004172	10	0.000000000072968	0.0004172	2396.93192713327
5.325	0.00417678	10	7.83324E-11	0.000417678	2394.18882488424
5.35	0.00418152	10	7.92742E-11	0.000418152	2391.47487038206
5.375	0.00418622	10	7.75933E-11	0.000418622	2388.78988681914
5.4	0.00419073	10	8.03947E-11	0.000419073	2386.21910741088
5.425	0.0041954	10	8.61526E-11	0.00041954	2383.56294989751
5.45	0.00419975	10	8.64267E-11	0.000419975	2381.09411274481
5.475	0.00420414	10	8.72254E-11	0.000420414	2378.60775330983
5.5	0.0042084	10	8.85844E-11	0.00042084	2376.1999809904
5.525	0.00421268	10	8.82864E-11	0.000421268	2373.78580855892
5.55	0.00421677	10	8.79526E-11	0.000421677	2371.48338657314
5.575	0.00422086	10	8.98957E-11	0.000422086	2369.1854266666
5.6	0.00422498	10	8.87275E-11	0.000422498	2366.87510946797
5.625	0.00422891	10	8.68082E-11	0.000422891	2364.67553104701
5.65	0.00423274	10	8.90374E-11	0.000423274	2362.53585148155
5.675	0.00423663	10	9.52601E-11	0.000423663	2360.3666121422
5.7	0.00424045	10	9.07779E-11	0.000424045	2358.24028110224
5.725	0.00424419	10	9.37223E-11	0.000424419	2356.16218878043
5.75	0.00424775	10	9.23038E-11	0.000424775	2354.18751103525
5.775	0.00425139	10	9.16958E-11	0.000425139	2352.17187790346
5.8	0.00425495	10	9.10759E-11	0.000425495	2350.20388018661
5.825	0.00425856	10	9.74417E-11	0.000425856	2348.21160204388
5.85	0.00426194	10	9.26971E-11	0.000426194	2346.34931510064
5.875	0.00426539	10	9.33766E-11	0.000426539	2344.45150384842
5.9	0.00426875	10	8.90017E-11	0.000426875	2342.60614934114
5.925	0.00427196	10	8.55923E-11	0.000427196	2340.84588807011
5.95	0.00427523	10	8.67248E-11	0.000427523	2339.05544263116
5.975	0.00427849	10	8.89897E-11	0.000427849	2337.27319685216
6	0.00428162	10	8.51035E-11	0.000428162	2335.56457602496
6.025	0.00428468	10	8.15511E-11	0.000428468	2333.89658037473
6.05	0.0042878	10	8.21948E-11	0.00042878	2332.198330146
6.075	0.00429098	10	7.93934E-11	0.000429098	2330.46996257265
6.1	0.00429393	10	7.75933E-11	0.000429393	2328.86889166801
6.125	0.00429691	10	0.000000000079906	0.000429691	2327.25377073292
6.15	0.0042998	10	7.58648E-11	0.00042998	2325.6895669566
6.175	0.00430268	10	7.72238E-11	0.000430268	2324.13286602769
6.2	0.00430577	10	8.24571E-11	0.000430577	2322.46497142207
6.225	0.00430857	10	0.00000000008533	0.000430857	2320.95567670944
6.25	0.0043113	10	0.000000000087738	0.00043113	2319.48600190198
6.275	0.0043138	10	9.19104E-11	0.00043138	2318.14177755112
6.3	0.00431651	10	9.48906E-11	0.000431651	2316.68639711248
6.325	0.00431907	10	0.000000000096488	0.000431907	2315.3132503062
6.35	0.00432189	10	9.85146E-11	0.000432189	2313.8025262096
6.375	0.00432475	10	0.000000000103056	0.000432475	2312.27238568703
6.4	0.00432733	10	0.000000000103927	0.000432733	2310.89378438899
6.425	0.00432998	10	0.0000000001073	0.000432998	2309.47948951265
6.45	0.00433256	10	0.000000000106275	0.000433256	2308.10421552154
6.475	0.00433531	10	0.000000000106239	0.000433531	2306.64012492763
6.5	0.00433783	10	0.000000000106776	0.000433783	2305.30011549554
6.525	0.00434033	10	0.000000000111032	0.000434033	2303.97227860554
6.55	0.00434278	10	0.000000000112474	0.000434278	2302.67248168224
6.575	0.00434507	10	0.000000000112188	0.000434507	2301.45889479341
6.6	0.0043475	10	0.000000000108123	0.00043475	2300.17251293847
6.625	0.00434983	10	0.000000000110972	0.000434983	2298.94041836118
6.65	0.00435218	10	0.000000000113761	0.000435218	2297.69908413715
6.675	0.00435455	10	0.000000000116074	0.000435455	2296.44854232929
6.7	0.00435683	10	0.000000000113356	0.000435683	2295.24677345685
6.725	0.00435901	10	0.000000000113595	0.000435901	2294.09888942673
6.75	0.00436138	10	0.000000000114286	0.000436138	2292.85226235733
6.775	0.0043636	10	0.000000000118625	0.00043636	2291.68576404803
6.8	0.00436578	10	0.000000000114489	0.000436578	2290.54143818516
6.825	0.00436794	10	0.000000000118518	0.000436794	2289.40873729951
6.85	0.00437016	10	0.000000000113654	0.000437016	2288.24573928643
6.875	0.00437226	10	0.000000000118256	0.000437226	2287.1466930146
6.9	0.0043744	10	0.000000000115752	0.00043744	2286.02779809803
6.925	0.00437639	10	0.000000000118458	0.000437639	2284.98831228478
6.95	0.0043784	10	0.000000000117922	0.00043784	2283.93933857117
6.975	0.00438057	10	0.000000000124729	0.000438057	2282.80794508477
7	0.00438256	10	0.000000000124097	0.000438256	2281.77138476142
7.025	0.00438459	10	0.000000000122225	0.000438459	2280.7149585252
7.05	0.00438656	10	0.000000000129199	0.000438656	2279.69069156697
7.075	0.00438875	10	0.000000000133479	0.000438875	2278.55311876958
7.1	0.00439073	10	0.000000000129354	0.000439073	2277.52560508162
7.125	0.00439262	10	0.000000000134778	0.000439262	2276.54566067632
7.15	0.0043945	10	0.000000000137377	0.00043945	2275.57173739902
7.175	0.00439644	10	0.000000000137472	0.000439644	2274.56760469835
7.2	0.00439839	10	0.00000000011332	0.000439839	2273.55918870314
7.225	0.00440019	10	0.000000000139976	0.000440019	2272.62913646911
7.25	0.00440195	10	0.000000000143743	0.000440195	2271.72048751122
7.275	0.00440383	10	0.000000000143397	0.000440383	2270.75068746977
7.3	0.00440559	10	0.00000000014044	0.000440559	2269.84353968481
7.325	0.00440753	10	0.000000000141561	0.000440753	2268.84445483071
7.35	0.00440937	10	0.000000000139749	0.000440937	2267.8976815282
7.375	0.00441104	10	0.000000000144815	0.000441104	2267.03906561718
7.4	0.00441267	10	0.000000000143731	0.000441267	2266.20164208971
7.425	0.00441432	10	0.000000000139487	0.000441432	2265.35457329781
7.45	0.00441604	10	0.000000000115907	0.000441604	2264.47224209926
7.475	0.00441781	10	0.000000000135005	0.000441781	2263.56497902807
7.5	0.0044194	10	0.000000000134253	0.00044194	2262.75059962891
7.525	0.00442098	10	0.000000000127387	0.000442098	2261.9419223792
7.55	0.00442275	10	0.000000000129354	0.000442275	2261.03668532022
7.575	0.00442432	10	0.000000000126374	0.000442432	2260.23434109649
7.6	0.00442598	10	0.000000000125289	0.000442598	2259.38662171994
7.625	0.0044275	10	0.00000000012188	0.00044275	2258.61095426313
7.65	0.00442906	10	0.00000000011431	0.000442906	2257.81542810438
7.675	0.00443049	10	0.000000000114787	0.000443049	2257.08668792842
7.7	0.00443219	10	0.000000000108671	0.000443219	2256.22096525645
7.725	0.00443368	10	0.00000000016036	0.000443368	2255.46273073384
7.75	0.00443531	10	0.000000000158226	0.000443531	2254.63383619183
7.775	0.00443691	10	0.000000000157893	0.000443691	2253.82078969373
7.8	0.00443833	10	0.000000000159228	0.000443833	2253.09970191491
7.825	0.00443991	10	0.000000000162411	0.000443991	2252.29790693956
7.85	0.00444126	10	0.000000000106204	0.000444126	2251.61328091578
7.875	0.00444269	10	0.000000000115228	0.000444269	2250.88853825047
7.9	0.00444421	10	0.000000000117671	0.000444421	2250.1186937611
7.925	0.00444554	10	0.000000000124109	0.000444554	2249.44551168137
7.95	0.00444708	10	0.000000000124335	0.000444708	2248.66654074134
7.975	0.00444846	10	0.000000000128579	0.000444846	2247.9689600446
8	0.0044496	10	0.000000000131118	0.00044496	2247.39302409205
8.025	0.00445096	10	0.000000000134802	0.000445096	2246.70632852239
8.05	0.00445238	10	0.00000000014118	0.000445238	2245.98978523846
8.075	0.00445392	10	0.00000000014261	0.000445392	2245.21320544599
8.1	0.00445524	10	0.000000000145519	0.000445524	2244.54799292518
8.125	0.00445655	10	0.000000000147033	0.000445655	2243.8882094894
8.15	0.00445784	10	0.000000000153661	0.000445784	2243.23887802164
8.175	0.00445907	10	0.000000000153518	0.000445907	2242.62009791279
8.2	0.00446043	10	0.000000000159442	0.000446043	2241.93631555702
8.225	0.00446169	10	0.000000000157809	0.000446169	2241.30318332291
8.25	0.00446296	10	0.000000000159299	0.000446296	2240.66538799362
8.275	0.00446431	10	0.000000000161707	0.000446431	2239.98781446629
8.3	0.00446559	10	0.000000000162542	0.000446559	2239.34575274488
8.325	0.00446698	10	0.000000000165391	0.000446698	2238.64893059741
8.35	0.00446819	10	0.000000000166225	0.000446819	2238.04269737858
8.375	0.00446948	10	0.000000000159681	0.000446948	2237.39674414026
8.4	0.00447087	10	0.000000000163209	0.000447087	2236.70113423115
8.425	0.00447215	10	0.000000000160301	0.000447215	2236.06095502163
8.45	0.00447333	10	0.000000000161362	0.000447333	2235.47111436
8.475	0.0044746	10	0.000000000160301	0.00044746	2234.8366334421
8.5	0.00447566	10	0.000000000161099	0.000447566	2234.30734238079
8.525	0.00447703	10	0.000000000158167	0.000447703	2233.62362995111
8.55	0.00447823	10	0.000000000158215	0.000447823	2233.02510143517
8.575	0.00447957	10	0.000000000155962	0.000447957	2232.3571235632
8.6	0.00448043	10	0.000000000149941	0.000448043	2231.92863185007
8.625	0.00448177	10	0.000000000156331	0.000448177	2231.26130970576
8.65	0.00448283	10	0.000000000150764	0.000448283	2230.73371062476
8.675	0.00448413	10	0.000000000150239	0.000448413	2230.0869956937
8.7	0.00448526	10	0.000000000151372	0.000448526	2229.52515573233
8.725	0.00448648	10	0.000000000146151	0.000448648	2228.91888518393
8.75	0.00448767	10	0.000000000146079	0.000448767	2228.32784050521
8.775	0.0044886	10	0.000000000147498	0.00044886	2227.86614980172
8.8	0.00448969	10	0.000000000145948	0.000448969	2227.32527190073
8.825	0.00449086	10	0.000000000141728	0.000449086	2226.7449887104
8.85	0.00449194	10	0.000000000166702	0.000449194	2226.20961099213
8.875	0.00449313	10	0.000000000167251	0.000449313	2225.62000209208
8.9	0.00449422	10	0.000000000165367	0.000449422	2225.08021414172
8.925	0.00449526	10	0.00000000017457	0.000449526	2224.56543114303
8.95	0.00449632	10	0.000000000173652	0.000449632	2224.04099352359
8.975	0.00449731	10	0.000000000176895	0.000449731	2223.55141184397
9	0.00449836	10	0.000000000177217	0.000449836	2223.03239402805
9.025	0.00449927	10	0.000000000178957	0.000449927	2222.58277453898
9.05	0.00450028	10	0.000000000176764	0.000450028	2222.08395922032
9.075	0.00450132	10	0.000000000173783	0.000450132	2221.57056152418
9.1	0.00450219	10	0.00000000017494	0.000450219	2221.14126680571
9.125	0.00450333	10	0.000000000174987	0.000450333	2220.57899376683
9.15	0.00450427	10	0.000000000171995	0.000450427	2220.11557921705
9.175	0.00450527	10	0.000000000177002	0.000450527	2219.62279730183
9.2	0.00450638	10	0.00000000016464	0.000450638	2219.07606548937
9.225	0.00450737	10	0.000000000163245	0.000450737	2218.58866700537
9.25	0.00450836	10	0.000000000152457	0.000450836	2218.10148257903
9.275	0.00450932	10	0.000000000157988	0.000450932	2217.62926560989
9.3	0.00451038	10	0.000000000159514	0.000451038	2217.10809288796
9.325	0.00451134	10	0.000000000156569	0.000451134	2216.63629874937
9.35	0.00451228	10	0.000000000160658	0.000451228	2216.17452817644
9.375	0.00451304	10	0.000000000163853	0.000451304	2215.80132239023
9.4	0.00451397	10	0.000000000162935	0.000451397	2215.34480734254
9.425	0.00451494	10	0.00000000016979	0.000451494	2214.86885761494
9.45	0.00451582	10	0.00000000016973	0.000451582	2214.43724506291
9.475	0.00451685	10	0.000000000178838	0.000451685	2213.93227581168
9.5	0.00451773	10	0.000000000181329	0.000451773	2213.50102817123
9.525	0.00451857	10	0.000000000186348	0.000451857	2213.08953938967
9.55	0.00451948	10	0.00000000013653	0.000451948	2212.64393248781
9.575	0.00452038	10	0.000000000192702	0.000452038	2212.2033988293
9.6	0.00452134	10	0.000000000196075	0.000452134	2211.73368956991
9.625	0.00452223	10	0.00000000019654	0.000452223	2211.29840808628
9.65	0.00452312	10	0.000000000191176	0.000452312	2210.86329790056
9.675	0.00452399	10	0.000000000187612	0.000452399	2210.43813094193
9.7	0.00452496	10	0.000000000182629	0.000452496	2209.96428697712
9.725	0.00452578	10	0.000000000150716	0.000452578	2209.5638762821
9.75	0.0045267	10	0.000000000155962	0.00045267	2209.11480769656
9.775	0.00452759	10	0.00000000016501	0.000452759	2208.68055632246
9.8	0.00452839	10	0.000000000170171	0.000452839	2208.29036368334
9.825	0.00452928	10	0.00000000017401	0.000452928	2207.85643634308
9.85	0.00453014	10	0.00000000017308	0.000453014	2207.43729774356
9.875	0.00453088	10	0.000000000177252	0.000453088	2207.0767709584
9.9	0.00453174	10	0.000000000185239	0.000453174	2206.65792830127
9.925	0.00453261	10	0.000000000191152	0.000453261	2206.23437710282
9.95	0.00453334	10	0.000000000194502	0.000453334	2205.87910900131
9.975	0.00453412	10	0.00000000019722	0.000453412	2205.49963388706
10	0.00453492	10	0.000000000205743	0.000453492	2205.11056424369
