0	0.00000000021286	10	-0.00000000287727	0.000000001	1000000000
0.025	0.000000000131369	10	-0.00000000249869	0.000000001	1000000000
0.05	0.000000000105786	10	-0.00000000226139	0.000000001	1000000000
0.075	9.48191E-11	10	-0.00000000204772	0.000000001	1000000000
0.1	0.000000000103426	10	-0.00000000186472	0.000000001	1000000000
0.125	0.000000000125086	10	-0.00000000170087	0.000000001	1000000000
0.15	0.000000000134838	10	-0.00000000155836	0.000000001	1000000000
0.175	0.000000000142944	10	-0.00000000141946	0.000000001	1000000000
0.2	0.000000000203443	10	-0.00000000130967	0.000000001	1000000000
0.225	0.000000000298476	10	-0.00000000120491	0.000000001	1000000000
0.25	0.000000000455952	10	-0.00000000110667	0.000000001	1000000000
0.275	0.000000000805449	10	-0.00000000103081	0.000000001	1000000000
0.3	0.00000000140543	10	-0.000000000980186	0.000000001	1000000000
0.325	0.00000000256351	10	-0.000000000945282	0.000000001	1000000000
0.35	0.00000000466423	10	-0.00000000092696	0.000000001	1000000000
0.375	0.000000008639	10	-0.000000000933778	0.000000001	1000000000
0.4	0.0000000159089	10	-0.000000000934279	0.00000000159089	628578971.519087
0.425	0.0000000298898	10	-0.00000000099138	0.00000000298898	334562292.153176
0.45	0.0000000555644	10	-0.00000000113802	0.00000000555644	179971348.561309
0.475	0.000000105073	10	-0.00000000143665	0.0000000105073	95171928.0880911
0.5	0.000000189006	10	-0.000000000508082	0.0000000189006	52908373.2791552
0.525	0.000000337924	10	-0.00000000050602	0.0000000337924	29592452.740853
0.55	0.000000589015	10	-0.000000000506508	0.0000000589015	16977496.3286164
0.575	0.000000990241	10	-0.000000000523293	0.0000000990241	10098551.7666911
0.6	0.00000159989	10	-0.000000000558031	0.000000159989	6250429.71704305
0.625	0.00000247569	10	-0.000000000615549	0.000000247569	4039277.93867568
0.65	0.00000366866	10	-0.000000000697017	0.000000366866	2725790.88822622
0.675	0.00000522426	10	-0.000000000806427	0.000000522426	1914146.69254593
0.7	0.00000717764	10	-0.000000000936937	0.000000717764	1393215.59732726
0.725	0.00000955033	10	-0.00000000109981	0.000000955033	1047084.23687977
0.75	0.0000123959	10	-0.00000000130222	0.00000123959	806718.350422317
0.775	0.0000156584	10	-6.91414E-13	0.00000156584	638634.854135799
0.8	0.0000193923	10	-3.19362E-11	0.00000193923	515668.590110508
0.825	0.0000235798	10	-0.000000000067234	0.00000235798	424091.807394465
0.85	0.0000282319	10	-7.90954E-11	0.00000282319	354209.245569728
0.875	0.0000333458	10	-9.05633E-11	0.00000333458	299887.841947112
0.9	0.0000388972	10	-0.000000000106096	0.00000388972	257087.913782997
0.925	0.0000449112	10	-0.000000000124466	0.00000449112	222661.607794938
0.95	0.000051369	10	-0.000000000133049	0.0000051369	194669.93712161
0.975	0.0000582543	10	-0.000000000145209	0.00000582543	171661.147760766
1	0.0000655625	10	-0.00000000014869	0.00000655625	152526.215443279
1.025	0.0000732956	10	-0.000000000159061	0.00000732956	136433.83777471
1.05	0.000081433	10	-0.000000000163448	0.0000081433	122800.338928935
1.075	0.0000899671	10	-0.000000000131965	0.00000899671	111151.743248365
1.1	0.0000989089	10	-0.000000000128257	0.00000989089	101103.136320392
1.125	0.000108211	10	-0.000000000161755	0.0000108211	92412.0468344253
1.15	0.000117898	10	-0.000000000145245	0.0000117898	84819.0809004394
1.175	0.000127958	10	-0.000000000152183	0.0000127958	78150.6431797934
1.2	0.000138362	10	-0.000000000137937	0.0000138362	72274.1793266937
1.225	0.000149122	10	-0.000000000152969	0.0000149122	67059.1864379501
1.25	0.000160234	10	-0.000000000153399	0.0000160234	62408.7272364167
1.275	0.00017167	10	-0.000000000155985	0.000017167	58251.296091338
1.3	0.000183428	10	-0.000000000159037	0.0000183428	54517.3037922237
1.325	0.000195509	10	-0.000000000161195	0.0000195509	51148.5404763975
1.35	0.000207917	10	-0.00000000015651	0.0000207917	48096.1152767691
1.375	0.000220614	10	-0.000000000158596	0.0000220614	45328.039018376
1.4	0.000233604	10	-0.000000000170994	0.0000233604	42807.486173182
1.425	0.000246925	10	-0.000000000167763	0.0000246925	40498.126961628
1.45	0.000260505	10	-0.000000000171018	0.0000260505	38386.9791366768
1.475	0.00027437	10	-0.000000000183618	0.000027437	36447.1334329555
1.5	0.000288529	10	-0.000000000181997	0.0000288529	34658.561184491
1.525	0.000302937	10	-0.000000000187933	0.0000302937	33010.1638294431
1.55	0.000317624	10	-0.000000000187194	0.0000317624	31483.7669697504
1.575	0.000332598	10	-0.000000000187123	0.0000332598	30066.3263158528
1.6	0.000347797	10	-0.000000000199616	0.0000347797	28752.4044198196
1.625	0.000363273	10	-0.00000000020963	0.0000363273	27527.5068612311
1.65	0.000379016	10	-0.000000000206387	0.0000379016	26384.1104333326
1.675	0.000394972	10	-0.000000000217772	0.0000394972	25318.2504076238
1.7	0.000411169	10	-0.000000000220871	0.0000411169	24320.8996787209
1.725	0.000427646	10	-0.000000000219297	0.0000427646	23383.8268100251
1.75	0.000444328	10	-0.000000000232482	0.0000444328	22505.8965448948
1.775	0.000461253	10	-0.00000000022577	0.0000461253	21680.075793545
1.8	0.000478417	10	-0.000000000229645	0.0000478417	20902.2672689307
1.825	0.000495794	10	-0.000000000237489	0.0000495794	20169.6672408299
1.85	0.000513383	10	-0.000000000240314	0.0000513383	19478.6348593545
1.875	0.000531228	10	-0.000000000246561	0.0000531228	18824.3089596181
1.9	0.000549256	10	-0.000000000245988	0.0000549256	18206.4465385904
1.925	0.000567511	10	-0.000000000251651	0.0000567511	17620.8038258289
1.95	0.000585953	10	-0.000000000255716	0.0000585953	17066.215208387
1.975	0.000604649	10	-0.000000000271261	0.0000604649	16538.5206954779
2	0.00062351	10	-0.000000000267196	0.000062351	16038.2351526038
2.025	0.000643691	10	-0.000000000267208	0.0000643691	15535.4044098799
2.05	0.000663107	10	-0.000000000276554	0.0000663107	15080.5224496197
2.075	0.000682458	10	-0.000000000284088	0.0000682458	14652.9163699451
2.1	0.000702246	10	-0.000000000280595	0.0000702246	14240.024151081
2.125	0.000721988	10	-0.000000000283051	0.0000721988	13850.6457171033
2.15	0.00074217	10	-0.000000000297201	0.000074217	13474.0019133083
2.175	0.000762254	10	-0.000000000294673	0.0000762254	13118.9865845243
2.2	0.000782779	10	-0.00000000030005	0.0000782779	12774.9977963129
2.225	0.00080316	10	-0.000000000306797	0.000080316	12450.8192639076
2.25	0.000823995	10	-0.000000000314105	0.0000823995	12135.9959708493
2.275	0.0008447	10	-0.000000000309789	0.00008447	11838.5225523855
2.3	0.000865853	10	-0.000000000316381	0.0000865853	11549.304558626
2.325	0.000886925	10	-0.000000000325072	0.0000886925	11274.9105053979
2.35	0.000908305	10	-0.000000000320423	0.0000908305	11009.5177280759
2.375	0.000929587	10	-0.00000000032891	0.0000929587	10757.4654120593
2.4	0.000951256	10	-0.000000000330162	0.0000951256	10512.4172672761
2.425	0.000972797	10	-0.000000000332737	0.0000972797	10279.636964341
2.45	0.00099476	10	-0.000000000324297	0.000099476	10052.6760223572
2.475	0.00101745	10	-0.000000000340819	0.000101745	9828.49280062902
2.5	0.0010395	10	0.000000000717974	0.00010395	9620.00962000962
2.525	0.00106145	10	0.000000000627804	0.000106145	9421.07494465118
2.55	0.00108377	10	0.000000000553489	0.000108377	9227.05001983816
2.575	0.00110594	10	0.00000000048238	0.000110594	9042.0818489249
2.6	0.00112817	10	0.000000000433588	0.000112817	8863.91235363465
2.625	0.00115072	10	0.000000000379181	0.000115072	8690.21134593993
2.65	0.00117317	10	0.000000000339222	0.000117317	8523.9138402789
2.675	0.00119593	10	0.000000000294817	0.000119593	8361.69341014942
2.7	0.00121842	10	0.000000000256026	0.000121842	8207.35050311059
2.725	0.00124122	10	0.000000000226867	0.000124122	8056.58948453941
2.75	0.00126391	10	0.000000000208306	0.000126391	7911.95575634341
2.775	0.00128677	10	0.000000000165248	0.000128677	7771.39659768257
2.8	0.00130947	10	0.000000000151742	0.000130947	7636.67743438185
2.825	0.00133244	10	0.000000000136018	0.000133244	7505.02836900723
2.85	0.00135508	10	0.000000000114977	0.000135508	7379.63810254745
2.875	0.00137801	10	0.000000000103509	0.000137801	7256.8413872178
2.9	0.00140056	10	9.18031E-11	0.000140056	7140.00114240018
2.925	0.00142336	10	7.75933E-11	0.000142336	7025.62949640288
2.95	0.00144585	10	6.20008E-11	0.000144585	6916.34678562783
2.975	0.00146831	10	5.38349E-11	0.000146831	6810.55090546274
3	0.00149048	10	2.85625E-11	0.000149048	6709.24802748108
3.025	0.00151247	10	3.64065E-11	0.000151247	6611.70138911846
3.05	0.00153358	10	3.18766E-11	0.000153358	6520.69014984546
3.075	0.00155409	10	2.29239E-11	0.000155409	6434.63377281882
3.1	0.00157283	10	-4.50611E-12	0.000157283	6357.96621376754
3.125	0.00158985	10	-1.50681E-11	0.000158985	6289.90156304054
3.15	0.00160435	10	-1.71065E-11	0.000160435	6233.05388475083
3.175	0.00161693	10	-1.74642E-11	0.000161693	6184.55962843166
3.2	0.00162766	10	-0.000000000023973	0.000162766	6143.78924345379
3.225	0.00163714	10	-0.000000000026381	0.000163714	6108.21310333875
3.25	0.00164528	10	-3.64423E-11	0.000164528	6077.99280365652
3.275	0.0016527	10	-3.37958E-11	0.00016527	6050.70490712168
3.3	0.00165928	10	-3.38793E-11	0.000165928	6026.71038040596
3.325	0.00166543	10	-3.27945E-11	0.000166543	6004.45530583693
3.35	0.00167095	10	-3.63469E-11	0.000167095	5984.61952781352
3.375	0.0016762	10	-3.36885E-11	0.00016762	5965.87519389094
3.4	0.00168095	10	-3.65019E-11	0.000168095	5949.01692495315
3.425	0.00168548	10	-3.66092E-11	0.000168548	5933.02798015995
3.45	0.00168965	10	-3.64423E-11	0.000168965	5918.3854644453
3.475	0.00169362	10	-0.000000000035882	0.000169362	5904.51222824482
3.5	0.00169732	10	-3.47734E-11	0.000169732	5891.64093983456
3.525	0.00170085	10	-3.72529E-11	0.000170085	5879.41323455919
3.55	0.00170424	10	-3.42131E-11	0.000170424	5867.71816176125
3.575	0.00170747	10	-0.000000000036025	0.000170747	5856.61827147768
3.6	0.0017105	10	-3.85046E-11	0.00017105	5846.24378836598
3.625	0.00171348	10	-2.59042E-11	0.000171348	5836.07628918925
3.65	0.00171629	10	-1.76907E-11	0.000171629	5826.52115901159
3.675	0.00171896	10	-2.30074E-11	0.000171896	5817.47102899428
3.7	0.00172153	10	-1.94669E-11	0.000172153	5808.78637026366
3.725	0.001724	10	-2.48909E-11	0.0001724	5800.46403712297
3.75	0.00172634	10	-2.46525E-11	0.000172634	5792.60168912265
3.775	0.00172868	10	-2.00272E-11	0.000172868	5784.76062660527
3.8	0.00173087	10	-2.67029E-11	0.000173087	5777.44140230058
3.825	0.00173305	10	-2.56538E-11	0.000173305	5770.17397074522
3.85	0.00173516	10	-0.000000000017488	0.000173516	5763.15728808871
3.875	0.00173717	10	-2.24829E-11	0.000173717	5756.48900222776
3.9	0.00173913	10	-2.40326E-11	0.000173913	5750.00143750036
3.925	0.00174101	10	-2.39372E-11	0.000174101	5743.79239636763
3.95	0.00174286	10	-2.47478E-11	0.000174286	5737.69551197457
3.975	0.00174463	10	-2.22445E-11	0.000174463	5731.87438024108
4	0.00174636	10	-2.14577E-11	0.000174636	5726.19620238668
4.025	0.0017481	10	-2.56062E-11	0.00017481	5720.49653909959
4.05	0.00174972	10	-2.59995E-11	0.000174972	5715.20014630912
4.075	0.00175132	10	-2.30551E-11	0.000175132	5709.97875887902
4.1	0.00175285	10	-2.40684E-11	0.000175285	5704.99472287988
4.125	0.00175432	10	-0.000000000020051	0.000175432	5700.21432805874
4.15	0.00175587	10	-2.34842E-11	0.000175587	5695.18244516963
4.175	0.00175727	10	-2.50459E-11	0.000175727	5690.64514844048
4.2	0.00175871	10	-2.50697E-11	0.000175871	5685.98575091971
4.225	0.00176003	10	-2.68102E-11	0.000176003	5681.72133429544
4.25	0.00176145	10	-0.000000000024128	0.000176145	5677.14099179653
4.275	0.00176269	10	-2.55346E-11	0.000176269	5673.14729192314
4.3	0.00176401	10	-0.000000000025022	0.000176401	5668.90210372957
4.325	0.00176523	10	-2.76446E-11	0.000176523	5664.98416636926
4.35	0.00176646	10	-2.67506E-11	0.000176646	5661.03959331092
4.375	0.00176768	10	-2.68221E-11	0.000176768	5657.13251267198
4.4	0.0017689	10	-0.000000000025785	0.00017689	5653.23082141444
4.425	0.00177	10	-2.70009E-11	0.000177	5649.71751412429
4.45	0.00177118	10	-2.47836E-11	0.000177118	5645.95354509423
4.475	0.00177226	10	-2.15411E-11	0.000177226	5642.51294956722
4.5	0.00177336	10	-0.000000000022161	0.000177336	5639.01294717373
4.525	0.0017744	10	-2.03133E-11	0.00017744	5635.70784490532
4.55	0.00177549	10	-1.38879E-11	0.000177549	5632.2479991439
4.575	0.0017765	10	-1.93477E-11	0.00017765	5629.0458767239
4.6	0.00177753	10	-1.61767E-11	0.000177753	5625.78409365805
4.625	0.00177854	10	-1.49131E-11	0.000177854	5622.58931483127
4.65	0.00177946	10	-6.90222E-12	0.000177946	5619.68237555213
4.675	0.00178037	10	-1.68443E-11	0.000178037	5616.80998893488
4.7	0.00178131	10	-1.17421E-11	0.000178131	5613.84598974912
4.725	0.00178225	10	-7.78437E-12	0.000178225	5610.88511712723
4.75	0.00178319	10	6.65188E-12	0.000178319	5607.92736612475
4.775	0.00178403	10	5.49555E-12	0.000178403	5605.28690661031
4.8	0.00178492	10	4.69685E-12	0.000178492	5602.49198843646
4.825	0.00178576	10	2.82526E-12	0.000178576	5599.85664366992
4.85	0.00178662	10	7.73668E-12	0.000178662	5597.16111988
4.875	0.00178742	10	7.09295E-12	0.000178742	5594.65598460351
4.9	0.0017883	10	2.28882E-12	0.00017883	5591.90292456523
4.925	0.0017891	10	1.84774E-12	0.00017891	5589.40249287351
4.95	0.00178984	10	5.37634E-12	0.000178984	5587.09158360524
4.975	0.00179065	10	3.31402E-12	0.000179065	5584.56426437327
5	0.00179137	10	2.7895E-12	0.000179137	5582.31967711863
5.025	0.00179214	10	-8.16584E-12	0.000179214	5579.92121151249
5.05	0.00179291	10	-4.93526E-12	0.000179291	5577.52480604158
5.075	0.00179365	10	-7.79629E-12	0.000179365	5575.2237058512
5.1	0.00179437	10	-9.56058E-12	0.000179437	5572.98661925913
5.125	0.00179507	10	-5.14984E-12	0.000179507	5570.81339446373
5.15	0.0017958	10	-6.84261E-12	0.00017958	5568.54883617329
5.175	0.00179645	10	-8.49962E-12	0.000179645	5566.53399760639
5.2	0.00179714	10	-3.31402E-12	0.000179714	5564.39676374684
5.225	0.00179781	10	-2.02656E-12	0.000179781	5562.32304859802
5.25	0.00179845	10	-2.70605E-12	0.000179845	5560.34362923629
5.275	0.00179917	10	-1.68085E-12	0.000179917	5558.11846573698
5.3	0.00179983	10	5.6386E-12	0.000179983	5556.08029647244
5.325	0.00180044	10	5.1856E-12	0.000180044	5554.19786274466
5.35	0.00180107	10	2.8491E-12	0.000180107	5552.2550483879
5.375	0.00180169	10	4.08888E-12	0.000180169	5550.34439886995
5.4	0.00180233	10	1.03951E-11	0.000180233	5548.37349431014
5.425	0.00180291	10	6.78301E-12	0.000180291	5546.58857069959
5.45	0.00180347	10	0.00000000001266	0.000180347	5544.86628554952
5.475	0.00180407	10	1.26719E-11	0.000180407	5543.02216654564
5.5	0.00180464	10	1.40429E-11	0.000180464	5541.27138930756
5.525	0.00180521	10	1.25766E-11	0.000180521	5539.52171769489
5.55	0.0018058	10	1.57356E-11	0.00018058	5537.71181747702
5.575	0.00180634	10	9.05991E-12	0.000180634	5536.05633490926
5.6	0.0018069	10	1.47581E-11	0.00018069	5534.3405833195
5.625	0.00180746	10	1.58668E-11	0.000180746	5532.62589490224
5.65	0.00180799	10	0.000000000013721	0.000180799	5531.00404316396
5.675	0.00180843	10	0.000000000016427	0.000180843	5529.65832241226
5.7	0.00180899	10	0.000000000020957	0.000180899	5527.94653370113
5.725	0.00180951	10	1.87635E-11	0.000180951	5526.35796431078
5.75	0.00181001	10	1.91927E-11	0.000181001	5524.8313545229
5.775	0.00181055	10	0.000000000021565	0.000181055	5523.18356300572
5.8	0.00181105	10	2.54393E-11	0.000181105	5521.65870627537
5.825	0.00181154	10	2.52247E-11	0.000181154	5520.16516334169
5.85	0.00181204	10	2.70128E-11	0.000181204	5518.64197258339
5.875	0.00181252	10	3.21031E-11	0.000181252	5517.18050007724
5.9	0.00181299	10	2.75731E-11	0.000181299	5515.75022476682
5.925	0.00181342	10	3.27706E-11	0.000181342	5514.44232444773
5.95	0.00181393	10	0.000000000033462	0.000181393	5512.89189770278
5.975	0.00181439	10	3.45349E-11	0.000181439	5511.49422119831
6	0.00181482	10	2.87294E-11	0.000181482	5510.1883382374
6.025	0.00181531	10	3.20196E-11	0.000181531	5508.70099321879
6.05	0.00181572	10	3.45945E-11	0.000181572	5507.45709690921
6.075	0.00181616	10	3.39031E-11	0.000181616	5506.12280856312
6.1	0.00181665	10	3.75748E-11	0.000181665	5504.63765722621
6.125	0.0018171	10	0.000000000033474	0.00018171	5503.27444829674
6.15	0.00181746	10	3.55363E-11	0.000181746	5502.18436719378
6.175	0.00181792	10	4.15683E-11	0.000181792	5500.79211406443
6.2	0.00181832	10	4.30465E-11	0.000181832	5499.58203176559
6.225	0.00181876	10	4.58002E-11	0.000181876	5498.25155600519
6.25	0.00181916	10	3.70264E-11	0.000181916	5497.042591086
6.275	0.00181955	10	3.17931E-11	0.000181955	5495.86436206754
6.3	0.00181997	10	3.20911E-11	0.000181997	5494.5960647703
6.325	0.00182033	10	3.07322E-11	0.000182033	5493.5094186219
6.35	0.00182072	10	3.46899E-11	0.000182072	5492.33270354585
6.375	0.00182112	10	2.87771E-11	0.000182112	5491.12633983483
6.4	0.00182152	10	2.48313E-11	0.000182152	5489.92050595107
6.425	0.00182187	10	3.00527E-11	0.000182187	5488.86583565238
6.45	0.00182231	10	2.37942E-11	0.000182231	5487.54053920573
6.475	0.00182265	10	2.53081E-11	0.000182265	5486.51688475571
6.5	0.001823	10	3.19839E-11	0.0001823	5485.46352166758
6.525	0.00182342	10	2.07543E-11	0.000182342	5484.20001974312
6.55	0.0018238	10	2.29955E-11	0.00018238	5483.05735277991
6.575	0.00182408	10	2.73466E-11	0.000182408	5482.2156922942
6.6	0.00182443	10	2.94447E-11	0.000182443	5481.16397998279
6.625	0.00182481	10	3.07679E-11	0.000182481	5480.02257769302
6.65	0.00182517	10	2.87414E-11	0.000182517	5478.94168762362
6.675	0.00182548	10	3.89576E-11	0.000182548	5478.01126279116
6.7	0.00182583	10	4.18425E-11	0.000182583	5476.96116286839
6.725	0.00182616	10	4.06861E-11	0.000182616	5475.97143733298
6.75	0.00182654	10	4.34637E-11	0.000182654	5474.83219639318
6.775	0.00182681	10	4.64082E-11	0.000182681	5474.02302374084
6.8	0.0018272	10	4.90546E-11	0.00018272	5472.85464098074
6.825	0.0018275	10	4.95911E-11	0.00018275	5471.95622435021
6.85	0.00182782	10	5.69344E-11	0.000182782	5470.99823833857
6.875	0.00182812	10	5.35369E-11	0.000182812	5470.10043104391
6.9	0.00182843	10	5.19872E-11	0.000182843	5469.17300634971
6.925	0.00182874	10	5.61595E-11	0.000182874	5468.24589608146
6.95	0.00182905	10	6.01172E-11	0.000182905	5467.31910007928
6.975	0.00182933	10	5.70297E-11	0.000182933	5466.48226399829
7	0.00182969	10	5.64694E-11	0.000182969	5465.40670824019
7.025	0.00182998	10	5.80668E-11	0.000182998	5464.54059607209
7.05	0.00183026	10	5.68628E-11	0.000183026	5463.70461027395
7.075	0.00183064	10	5.58972E-11	0.000183064	5462.57046715903
7.1	0.00183089	10	5.29289E-11	0.000183089	5461.82457711823
7.125	0.00183123	10	5.31077E-11	0.000183123	5460.81049349344
7.15	0.00183146	10	5.31077E-11	0.000183146	5460.12470924836
7.175	0.00183174	10	5.27143E-11	0.000183174	5459.29007391879
7.2	0.00183206	10	5.33938E-11	0.000183206	5458.33651736297
7.225	0.00183233	10	4.99606E-11	0.000183233	5457.53221308389
7.25	0.00183267	10	5.33104E-11	0.000183267	5456.51972259054
7.275	0.0018329	10	5.15819E-11	0.00018329	5455.83501554913
7.3	0.00183313	10	5.39303E-11	0.000183313	5455.150480326
7.325	0.00183343	10	5.33581E-11	0.000183343	5454.25786640341
7.35	0.00183374	10	0.000000000055933	0.000183374	5453.33580551223
7.375	0.00183402	10	5.75781E-11	0.000183402	5452.50324423943
7.4	0.00183427	10	5.63383E-11	0.000183427	5451.76010074853
7.425	0.00183456	10	5.55754E-11	0.000183456	5450.89830804117
7.45	0.0018348	10	5.64098E-11	0.00018348	5450.18530630041
7.475	0.00183503	10	5.77807E-11	0.000183503	5449.50218797513
7.5	0.00183528	10	6.50287E-11	0.000183528	5448.75986225535
7.525	0.00183551	10	5.65529E-11	0.000183551	5448.07710118714
7.55	0.00183577	10	6.23703E-11	0.000183577	5447.3054903392
7.575	0.00183599	10	5.97119E-11	0.000183599	5446.65275954662
7.6	0.00183627	10	5.86629E-11	0.000183627	5445.82223747052
7.625	0.00183647	10	5.89967E-11	0.000183647	5445.2291624693
7.65	0.00183675	10	5.86629E-11	0.000183675	5444.39907445216
7.675	0.001837	10	6.16312E-11	0.0001837	5443.65813826892
7.7	0.00183727	10	0.000000000064528	0.000183727	5442.85815367366
7.725	0.00183752	10	0.00000000006603	0.000183752	5442.11763681484
7.75	0.00183776	10	6.77347E-11	0.000183776	5441.40693017587
7.775	0.00183797	10	7.16329E-11	0.000183797	5440.7852141221
7.8	0.0018382	10	6.52075E-11	0.00018382	5440.10445000544
7.825	0.00183845	10	7.09653E-11	0.000183845	5439.36468220512
7.85	0.00183867	10	6.99997E-11	0.000183867	5438.71385294806
7.875	0.0018389	10	0.000000000074017	0.00018389	5438.03360704769
7.9	0.00183913	10	7.80463E-11	0.000183913	5437.35353128925
7.925	0.0018393	10	8.11458E-11	0.00018393	5436.85097591475
7.95	0.00183958	10	7.27057E-11	0.000183958	5436.02344013307
7.975	0.00183984	10	8.18133E-11	0.000183984	5435.25523958605
8	0.00184003	10	8.75711E-11	0.000184003	5434.69399955435
8.025	0.00184026	10	0.000000000086689	0.000184026	5434.01475878408
8.05	0.0018405	10	9.14931E-11	0.00018405	5433.3061668025
8.075	0.00184071	10	9.37223E-11	0.000184071	5432.68630039496
8.1	0.00184091	10	9.60469E-11	0.000184091	5432.09608291551
8.125	0.00184113	10	0.000000000106585	0.000184113	5431.44699179308
8.15	0.00184133	10	0.000000000105727	0.000184133	5430.85704355004
8.175	0.00184151	10	0.000000000110197	0.000184151	5430.32619969482
8.2	0.00184171	10	0.000000000112462	0.000184171	5429.7364948879
8.225	0.00184189	10	0.00000000011251	0.000184189	5429.20587005739
8.25	0.00184206	10	0.000000000111854	0.000184206	5428.70481960414
8.275	0.0018423	10	0.000000000114346	0.00018423	5427.99761168105
8.3	0.00184259	10	0.000000000114393	0.000184259	5427.14331457351
8.325	0.0018427	10	0.000000000113571	0.00018427	5426.81934118413
8.35	0.00184294	10	0.00000000011245	0.000184294	5426.11262439363
8.375	0.00184315	10	0.000000000112355	0.000184315	5425.49439817703
8.4	0.00184339	10	0.000000000105202	0.000184339	5424.78802640787
8.425	0.00184354	10	0.000000000102866	0.000184354	5424.34663744752
8.45	0.00184371	10	0.00000000010581	0.000184371	5423.84648344913
8.475	0.00184385	10	0.000000000099802	0.000184385	5423.43466117092
8.5	0.00184414	10	0.000000000098896	0.000184414	5422.58179964645
8.525	0.00184431	10	9.44018E-11	0.000184431	5422.08197103524
8.55	0.00184455	10	9.69887E-11	0.000184455	5421.37648749017
8.575	0.00184475	10	9.57251E-11	0.000184475	5420.78872475945
8.6	0.00184482	10	0.000000000098002	0.000184482	5420.58303791156
8.625	0.00184506	10	9.45687E-11	0.000184506	5419.87794434869
8.65	0.00184524	10	9.26375E-11	0.000184524	5419.34924454272
8.675	0.00184544	10	9.14812E-11	0.000184544	5418.76192127623
8.7	0.00184561	10	9.11236E-11	0.000184561	5418.26279658216
8.725	0.00184579	10	9.20892E-11	0.000184579	5417.73441182366
8.75	0.00184596	10	8.94785E-11	0.000184596	5417.23547639169
8.775	0.00184616	10	8.49724E-11	0.000184616	5416.6486111713
8.8	0.0018463	10	8.51154E-11	0.00018463	5416.23788116774
8.825	0.00184645	10	8.87156E-11	0.000184645	5415.79788242303
8.85	0.00184664	10	8.56757E-11	0.000184664	5415.24065329463
8.875	0.00184685	10	8.79169E-11	0.000184685	5414.62490185992
8.9	0.00184702	10	8.69989E-11	0.000184702	5414.12653896547
8.925	0.00184718	10	8.69632E-11	0.000184718	5413.65757533105
8.95	0.00184732	10	8.86202E-11	0.000184732	5413.2472987896
8.975	0.00184753	10	8.91209E-11	0.000184753	5412.63200056291
9	0.00184764	10	8.74639E-11	0.000184764	5412.30975731203
9.025	0.00184782	10	0.000000000114107	0.000184782	5411.7825329307
9.05	0.00184795	10	9.05037E-11	0.000184795	5411.40182364241
9.075	0.0018481	10	8.76427E-11	0.00018481	5410.96261024836
9.1	0.0018483	10	8.89301E-11	0.00018483	5410.3771032841
9.125	0.00184848	10	9.09448E-11	0.000184848	5409.85025534493
9.15	0.00184858	10	9.76086E-11	0.000184858	5409.55760637895
9.175	0.00184875	10	0.000000000100565	0.000184875	5409.06017579446
9.2	0.00184895	10	0.00000000011735	0.000184895	5408.47508045107
9.225	0.00184908	10	0.00000000012033	0.000184908	5408.09483635105
9.25	0.00184923	10	0.00000000011512	0.000184923	5407.65615959075
9.275	0.00184945	10	0.000000000114501	0.000184945	5407.01289572576
9.3	0.00184957	10	0.000000000106239	0.000184957	5406.6620890261
9.325	0.00184969	10	0.000000000110829	0.000184969	5406.31132784413
9.35	0.00184985	10	0.000000000118279	0.000184985	5405.84371705814
9.375	0.00184998	10	0.000000000122499	0.000184998	5405.46384285235
9.4	0.00185015	10	0.000000000126314	0.000185015	5404.96716482447
9.425	0.00185024	10	0.00000000013057	0.000185024	5404.70425458319
9.45	0.00185037	10	0.000000000139391	0.000185037	5404.32454049731
9.475	0.0018505	10	0.000000000145328	0.00018505	5403.94487976223
9.5	0.00185069	10	0.000000000147855	0.000185069	5403.39008694055
9.525	0.00185083	10	0.000000000145376	0.000185083	5402.98136511727
9.55	0.00185097	10	0.000000000148785	0.000185097	5402.57270512218
9.575	0.00185114	10	0.000000000148714	0.000185114	5402.07655822898
9.6	0.00185126	10	0.000000000150061	0.000185126	5401.72639175481
9.625	0.00185134	10	0.000000000140619	0.000185134	5401.49297265764
9.65	0.00185158	10	0.000000000143826	0.000185158	5400.79283638838
9.675	0.00185169	10	0.000000000136197	0.000185169	5400.47200125291
9.7	0.00185186	10	0.000000000132918	0.000185186	5399.97624010454
9.725	0.00185197	10	0.000000000129473	0.000185197	5399.65550197897
9.75	0.0018521	10	0.000000000126696	0.00018521	5399.27649694941
9.775	0.00185225	10	0.000000000123739	0.000185225	5398.83924956134
9.8	0.00185237	10	0.000000000128675	0.000185237	5398.48950263716
9.825	0.00185248	10	0.000000000123835	0.000185248	5398.16894109518
9.85	0.00185259	10	0.000000000123596	0.000185259	5397.84841762074
9.875	0.00185271	10	0.000000000147974	0.000185271	5397.49879905652
9.9	0.00185285	10	0.00000000011698	0.000185285	5397.09096796826
9.925	0.00185304	10	0.000000000141132	0.000185304	5396.53758148772
9.95	0.00185317	10	0.00000000014168	0.000185317	5396.15901401383
9.975	0.00185327	10	0.000000000134563	0.000185327	5395.86784440475
10	0.00185338	10	0.000000000127232	0.000185338	5395.54759412533
