0	0.000000000298512	-25	-0.00000000369765	0	0
-0.1	-2.64883E-11	-25	-0.00000000120972	0.000000000264883	3775251714.90809
-0.2	-0.000000000328934	-25	-0.00000000111053	0.00000000164467	608024710.124219
-0.3	-0.000000000856781	-25	-0.000000000957513	2.85593666666667E-09	350147820.738322
-0.4	-0.00000000164506	-25	-0.0000000010254	0.00000000411265	243152225.450743
-0.5	-0.00000000270129	-25	-0.00000000102496	0.00000000540258	185096750.071262
-0.6	-0.00000000390909	-25	-0.00000000093329	0.00000000651515	153488407.788002
-0.7	-0.0000000053041	-25	-0.00000000103403	7.57728571428572E-09	131973379.084105
-0.8	-0.00000000677955	-25	-0.000000000948644	8.4744375E-09	118001932.281641
-0.9	-0.00000000828456	-25	-0.000000000904763	9.20506666666667E-09	108635823.74924
-1	-0.00000000980662	-25	-0.000000000826705	0.00000000980662	101971933.245094
-1.1	-0.000000011449	-25	-0.00000000079298	1.04081818181818E-08	96078260.1100533
-1.2	-0.0000000130501	-25	-0.000000000900519	1.08750833333333E-08	91953318.3653765
-1.3	-0.0000000147144	-25	-0.00000000101321	1.13187692307692E-08	88348828.3586147
-1.4	-0.0000000162748	-25	-0.000000000907814	1.16248571428571E-08	86022562.4892472
-1.5	-0.0000000179232	-25	-0.000000000877595	0.0000000119488	83690412.4263524
-1.6	-0.0000000196702	-25	-0.000000000925434	0.000000012293875	81341318.339417
-1.7	-0.0000000213702	-25	-0.000000000818288	1.25707058823529E-08	79550027.608539
-1.8	-0.0000000230651	-25	-0.000000000996137	1.28139444444444E-08	78039982.4843595
-1.9	-0.0000000247856	-25	-0.000000000893116	1.30450526315789E-08	76657413.9823123
-2	-0.0000000265305	-25	-0.000000000792205	0.00000001326525	75384934.320876
-2.1	-0.0000000284742	-25	-0.000000000972593	1.35591428571429E-08	73750974.5664496
-2.2	-0.0000000301957	-25	-0.00000000075556	1.37253181818182E-08	72858055.9483635
-2.3	-0.0000000321093	-25	-0.000000000794947	1.39605652173913E-08	71630337.6280392
-2.4	-0.0000000340565	-25	-0.000000000793624	1.41902083333333E-08	70471128.8593954
-2.5	-0.0000000360601	-25	-0.000000000943434	0.00000001442404	69328704.0246699
-2.6	-0.0000000379247	-25	-0.000000000851655	1.45864230769231E-08	68556903.5483471
-2.7	-0.0000000399743	-25	-0.000000000902033	1.48052962962963E-08	67543396.6323363
-2.8	-0.0000000418715	-25	-0.000000000987017	1.49541071428571E-08	66871260.8815065
-2.9	-0.0000000439381	-25	-0.00000000097363	1.51510689655172E-08	66001943.6434438
-3	-0.0000000460189	-25	-0.000000000850523	1.53396333333333E-08	65190606.468212
-3.1	-0.0000000479879	-25	-0.000000000917828	1.54799677419355E-08	64599617.8203255
-3.2	-0.0000000500956	-25	-0.000000000947094	0.000000015654875	63877865.5211236
-3.3	-0.0000000520914	-25	-0.000000000786817	1.57852727272727E-08	63350188.3228326
-3.4	-0.0000000542554	-25	-0.000000000978482	1.59574705882353E-08	62666573.2811849
-3.5	-0.0000000563545	-25	-0.000000000887716	1.61012857142857E-08	62106841.5122129
-3.6	-0.0000000585273	-25	-0.000000000813246	1.62575833333333E-08	61509756.9852018
-3.7	-0.0000000606562	-25	-0.00000000092895	1.63935675675676E-08	60999535.0846245
-3.8	-0.0000000627166	-25	-0.000000000803506	1.65043684210526E-08	60590019.2293587
-3.9	-0.0000000649181	-25	-0.000000000921881	1.66456666666667E-08	60075695.376174
-4	-0.0000000669809	-25	-0.000000000903523	0.000000016745225	59718516.771199
-4.1	-0.0000000693438	-25	-0.000000000770247	1.69131219512195E-08	59125689.6795388
-4.2	-0.0000000715352	-25	-0.00000000109612	1.70321904761905E-08	58712354.1976537
-4.3	-0.0000000738523	-25	-0.000000000856066	1.71749534883721E-08	58224320.7049747
-4.4	-0.0000000761593	-25	-0.000000000966585	1.73089318181818E-08	57773640.2514204
-4.5	-0.0000000784414	-25	-0.000000000822699	1.74314222222222E-08	57367665.5439602
-4.6	-0.0000000806583	-25	-0.000000000954783	1.75344130434783E-08	57030708.5569619
-4.7	-0.0000000828241	-25	-0.000000000794494	1.76221489361702E-08	56746768.150816
-4.8	-0.00000008506	-25	-0.000000000983858	1.77208333333333E-08	56430754.7613449
-4.9	-0.000000087451	-25	-0.000000000796115	1.78471428571429E-08	56031377.57144
-5	-0.0000000897577	-25	-0.000000000788665	0.00000001795154	55705527.2138212
-5.1	-0.0000000920359	-25	-0.00000000090332	1.80462549019608E-08	55413159.4301789
-5.2	-0.0000000941716	-25	-0.000000000823331	1.81099230769231E-08	55218346.0831079
-5.3	-0.0000000964048	-25	-0.000000000859952	1.81895849056604E-08	54976515.6921647
-5.4	-0.0000000986783	-25	-0.00000000094986	1.82737592592593E-08	54723277.559504
-5.5	-0.000000100079	-25	-0.000000000794113	1.81961818181818E-08	54956584.2984043
-5.6	-0.000000102699	-25	-0.000000000922215	1.83391071428571E-08	54528281.6775236
-5.7	-0.000000104841	-25	-0.000000000889409	1.83931578947368E-08	54368043.0365983
-5.8	-0.00000010708	-25	-0.000000000818527	1.84620689655172E-08	54165110.1979828
-5.9	-0.000000109225	-25	-0.00000000100727	1.85127118644068E-08	54016937.5143053
-6	-0.000000111533	-25	-0.000000000863469	1.85888333333333E-08	53795737.5843921
-6.1	-0.000000113796	-25	-0.00000000080986	1.86550819672131E-08	53604696.1228866
-6.2	-0.000000116006	-25	-0.000000000953543	1.87106451612903E-08	53445511.4390635
-6.3	-0.000000118217	-25	-0.000000000867093	1.87646031746032E-08	53291827.7405111
-6.4	-0.000000120293	-25	-0.000000000940537	1.879578125E-08	53203428.2959108
-6.5	-0.000000122256	-25	-0.000000000878382	1.88086153846154E-08	53167124.721895
-6.6	-0.00000012481	-25	-0.000000000610971	1.89106060606061E-08	52880378.1748257
-6.7	-0.000000127116	-25	-0.000000000877726	1.89725373134328E-08	52707762.9881368
-6.8	-0.000000129295	-25	-0.000000000676489	1.90139705882353E-08	52592907.6917128
-6.9	-0.000000131433	-25	-0.00000000191512	1.90482608695652E-08	52498231.0378672
-7	-0.000000133231	-25	-0.000000000858068	0.000000019033	52540324.6992066
-7.1	-0.000000135574	-25	-0.000000000787091	1.90949295774648E-08	52369923.4366471
-7.2	-0.000000137569	-25	-0.000000000784373	1.91068055555556E-08	52337372.518518
-7.3	-0.000000139723	-25	-0.000000000855196	1.91401369863014E-08	52246230.0408666
-7.4	-0.000000141898	-25	-0.000000000729501	1.91754054054054E-08	52150136.0131926
-7.5	-0.000000143899	-25	-0.000000000773013	1.91865333333333E-08	52119889.6448203
-7.6	-0.000000146293	-25	-0.000000000908625	1.92490789473684E-08	51950537.6197084
-7.7	-0.000000148141	-25	-0.000000000789738	1.92390909090909E-08	51977507.9147569
-7.8	-0.000000150562	-25	-0.000000000947118	1.93028205128205E-08	51805900.5592381
-7.9	-0.000000152668	-25	-0.00000000078181	1.93250632911392E-08	51746272.9583148
-8	-0.000000154573	-25	-0.000000000775456	0.000000019321625	51755481.2289339
-8.1	-0.000000156616	-25	-0.000000000729001	1.93353086419753E-08	51718853.7569597
-8.2	-0.000000158545	-25	-0.000000000700307	1.9334756097561E-08	51720331.7670062
-8.3	-0.000000160664	-25	-0.000000000836027	1.93571084337349E-08	51660608.4748295
-8.4	-0.000000162573	-25	-0.00000000088321	1.93539285714286E-08	51669096.3444114
-8.5	-0.000000164582	-25	-0.000000000747716	1.93625882352941E-08	51645988.0181308
-8.6	-0.000000166634	-25	-0.000000000976479	1.93760465116279E-08	51610115.5826542
-8.7	-0.000000168549	-25	-0.000000000915372	1.93734482758621E-08	51617037.1820657
-8.8	-0.000000170471	-25	-0.000000000864077	1.93717045454545E-08	51621683.4534906
-8.9	-0.000000172605	-25	-0.00000000084281	1.93938202247191E-08	51562816.8361287
-9	-0.000000174386	-25	-0.000000000676131	1.93762222222222E-08	51609647.5634512
-9.1	-0.000000176469	-25	-0.00000000106912	1.93921978021978E-08	51567130.7708436
-9.2	-0.000000178332	-25	-0.000000000800562	1.93839130434783E-08	51589170.7601552
-9.3	-0.000000180151	-25	-0.000000000945449	1.93710752688172E-08	51623360.4032173
-9.4	-0.000000181918	-25	-0.000000000929475	1.93529787234043E-08	51671632.2738816
-9.5	-0.000000183904	-25	-0.00000000107902	1.93583157894737E-08	51657386.4625022
-9.6	-0.000000185538	-25	-0.000000000914097	0.000000019326875	51741422.2423439
-9.7	-0.000000187534	-25	-0.000000000752425	1.93334020618557E-08	51723954.0563311
-9.8	-0.000000189265	-25	-0.000000000868022	1.93127551020408E-08	51779251.3142948
-9.9	-0.000000191103	-25	-0.000000000845015	1.93033333333333E-08	51804524.2617855
-10	-0.00000019274	-25	-0.000000000516736	0.000000019274	51883366.1927986
-10.1	-0.000000194893	-25	-0.000000000686491	1.92963366336634E-08	51823308.1742289
-10.2	-0.000000196684	-25	-0.000000000927341	1.92827450980392E-08	51859836.0822436
-10.3	-0.000000198522	-25	-0.000000000955629	1.92739805825243E-08	51883418.4624374
-10.4	-0.00000020001	-25	-0.000000000887728	1.92317307692308E-08	51997400.1299935
-10.5	-0.00000020178	-25	-0.000000000717676	1.92171428571429E-08	52036871.8406185
-10.6	-0.000000203092	-25	-0.00000000101166	1.91596226415094E-08	52193094.7550864
-10.7	-0.000000205173	-25	-0.000000000884151	1.9175046728972E-08	52151111.501026
-10.8	-0.000000206714	-25	-0.000000000921464	1.91401851851852E-08	52246098.4742204
-10.9	-0.000000208388	-25	-0.000000000874972	1.91181651376147E-08	52306274.8334837
-11	-0.000000210144	-25	-0.000000000936413	0.000000019104	52345058.6264657
-11.1	-0.000000211451	-25	-0.000000000793803	1.90496396396396E-08	52494431.3339734
-11.2	-0.000000212991	-25	-0.000000000838196	1.90170535714286E-08	52584381.4996878
-11.3	-0.000000215086	-25	-0.000000000900543	1.90341592920354E-08	52537124.6850097
-11.4	-0.000000216373	-25	-0.000000000987828	1.89800877192982E-08	52686795.4874222
-11.5	-0.00000021821	-25	-0.000000000653708	1.89747826086957E-08	52701526.0528848
-11.6	-0.000000220128	-25	-0.000000000742531	1.89765517241379E-08	52696612.879779
-11.7	-0.00000022153	-25	-0.00000000105433	1.8934188034188E-08	52814517.2211439
-11.8	-0.000000223374	-25	-0.000000000890243	0.00000001893	52826201.7960909
-11.9	-0.000000225001	-25	-0.000000000823438	1.89076470588235E-08	52888653.8282052
-12	-0.000000226343	-25	-0.00000000108095	1.88619166666667E-08	53016881.4586711
-12.1	-0.00000022741	-25	-0.000000000847757	1.87942148760331E-08	53207862.4510795
-12.2	-0.000000229055	-25	-0.000000000749385	0.000000018775	53262316.9107856
-12.3	-0.000000230793	-25	-0.000000000750935	1.87636585365854E-08	53294510.6654015
-12.4	-0.000000232762	-25	-0.000000000706089	1.87711290322581E-08	53273300.6246724
-12.5	-0.00000023412	-25	-0.000000000876117	0.0000000187296	53391423.2017769
-12.6	-0.000000235556	-25	-0.000000000806355	1.86949206349206E-08	53490465.11233
-12.7	-0.000000236949	-25	-0.00000000106637	1.86574015748032E-08	53598031.6439402
-12.8	-0.000000238471	-25	-0.000000000871277	1.8630546875E-08	53675289.657862
-12.9	-0.000000240075	-25	-0.000000000712061	1.86104651162791E-08	53733208.3723836
-13	-0.000000241038	-25	-0.000000000781202	1.85413846153846E-08	53933404.6913765
-13.1	-0.00000024278	-25	-0.000000000804806	1.85328244274809E-08	53958316.171019
-13.2	-0.000000243844	-25	-0.000000000687552	1.84730303030303E-08	54132970.2596742
-13.3	-0.000000245267	-25	-0.000000000972486	1.84411278195489E-08	54226618.3383823
-13.4	-0.000000246656	-25	-0.000000000857437	1.84071641791045E-08	54326673.5858848
-13.5	-0.000000247748	-25	-0.000000000790501	1.83517037037037E-08	54490853.6093127
-13.6	-0.000000248905	-25	-0.00000000107875	1.83018382352941E-08	54639320.2225749
-13.7	-0.000000250582	-25	-0.000000000668502	1.82906569343066E-08	54672721.9034089
-13.8	-0.000000251687	-25	-0.000000000944364	1.82381884057971E-08	54830007.1120082
-13.9	-0.000000252959	-25	-0.000000000776553	1.81984892086331E-08	54949616.3409881
-14	-0.000000254283	-25	-0.000000000711823	1.81630714285714E-08	55056767.4598774
-14.1	-0.000000255216	-25	-0.000000000940549	1.81004255319149E-08	55247319.9172466
-14.2	-0.000000256635	-25	-0.000000000601101	1.80728873239437E-08	55331501.9385509
-14.3	-0.000000258049	-25	-0.000000000760639	1.80453846153846E-08	55415831.8768916
-14.4	-0.000000259607	-25	-0.00000000125612	1.80282638888889E-08	55468458.0924243
-14.5	-0.000000260678	-25	-0.000000000785148	1.79777931034483E-08	55624180.0228634
-14.6	-0.000000261881	-25	-0.000000000914264	1.79370547945205E-08	55750512.6374193
-14.7	-0.000000263245	-25	-0.00000000108505	1.79078231292517E-08	55841516.4580524
-14.8	-0.000000264464	-25	-0.000000000983357	1.78691891891892E-08	55962248.1698832
-14.9	-0.000000265564	-25	-0.000000000657129	1.78230872483221E-08	56107002.4551521
-15	-0.000000266305	-25	-0.000000000820994	1.77536666666667E-08	56326392.6700588
-15.1	-0.000000267698	-25	-0.000000000728667	1.77283443708609E-08	56406846.5210797
-15.2	-0.00000026889	-25	-0.000000000821519	1.76901315789474E-08	56528692.0301982
-15.3	-0.000000270185	-25	-0.000000000893497	1.76591503267974E-08	56627866.091752
-15.4	-0.000000271346	-25	-0.000000001094	1.76198701298701E-08	56754107.3021161
-15.5	-0.000000273119	-25	-0.00000000095489	1.76205806451613E-08	56751818.8042575
-15.6	-0.000000274093	-25	-0.000000000951564	1.75700641025641E-08	56914988.7082122
-15.7	-0.000000275109	-25	-0.000000000966048	1.75228662420382E-08	57068289.2962426
-15.8	-0.00000027572	-25	-0.00000000138614	1.74506329113924E-08	57304511.8235892
-15.9	-0.000000276414	-25	-0.000000000924778	1.73845283018868E-08	57522412.0341227
-16	-0.000000277753	-25	-0.00000000102947	1.73595625E-08	57605138.3783434
-16.1	-0.000000279018	-25	-0.000000000774992	1.73303105590062E-08	57702370.4563863
-16.2	-0.000000279578	-25	-0.000000000523734	1.72579012345679E-08	57944473.4564236
-16.3	-0.000000280925	-25	-0.000000000857306	1.72346625766871E-08	58022603.8978375
-16.4	-0.000000281964	-25	-0.000000000873399	1.71929268292683E-08	58163453.4905165
-16.5	-0.000000283048	-25	-0.000000000776982	1.71544242424242E-08	58293999.6043074
-16.6	-0.000000283822	-25	-0.000000000832868	1.70977108433735E-08	58487361.7971827
-16.7	-0.000000285118	-25	-0.000000000752831	1.70729341317365E-08	58572240.265434
-16.8	-0.000000286234	-25	-0.000000000964749	1.70377380952381E-08	58693237.0018936
-16.9	-0.000000286831	-25	-0.000000000948	1.69722485207101E-08	58919712.304458
-17	-0.000000288038	-25	-0.000000000927556	1.69434117647059E-08	59019990.417931
-17.1	-0.000000288312	-25	-0.000000000987601	1.6860350877193E-08	59310746.6910847
-17.2	-0.000000289902	-25	-0.000000000847304	1.68547674418605E-08	59330394.4091452
-17.3	-0.000000291247	-25	-0.000000000957942	1.68350867052023E-08	59399753.4738555
-17.4	-0.000000291672	-25	-0.000000000690281	1.67627586206897E-08	59656052.0036205
-17.5	-0.000000292452	-25	-0.000000000576448	1.67115428571429E-08	59838879.5426258
-17.6	-0.000000293966	-25	-0.000000000591087	1.67026136363636E-08	59870869.4202731
-17.7	-0.000000294384	-25	-0.000000000657368	1.66318644067797E-08	60125550.3016468
-17.8	-0.000000295396	-25	-0.000000000578606	1.65952808988764E-08	60258094.2192853
-17.9	-0.000000296287	-25	-0.000000000452268	1.65523463687151E-08	60414395.5016589
-18	-0.00000029704	-25	-0.000000000689697	1.65022222222222E-08	60597899.2728252
-18.1	-0.000000298423	-25	-0.000000000905049	1.64874585635359E-08	60652161.5291047
-18.2	-0.000000299101	-25	-0.00000000104454	1.64341208791209E-08	60849010.8692381
-18.3	-0.000000299609	-25	-0.00000000139997	1.63720765027322E-08	61079607.0879046
-18.4	-0.000000300505	-25	-0.000000000807464	1.63317934782609E-08	61230262.3916407
-18.5	-0.000000300743	-25	-0.000000000624776	1.62563783783784E-08	61514316.2101861
-18.6	-0.000000301669	-25	-0.000000000948966	1.62187634408602E-08	61656981.6587054
-18.7	-0.000000302261	-25	-0.000000000586128	1.61636898395722E-08	61867061.9100711
-18.8	-0.000000303095	-25	-0.000000000895	1.61220744680851E-08	62026757.2873192
-18.9	-0.000000303178	-25	-0.00000000069586	1.6041164021164E-08	62339615.6713218
-19	-0.000000303568	-25	-0.000000000893807	1.59772631578947E-08	62588942.180994
-19.1	-0.000000304853	-25	-0.000000000594199	1.5960890052356E-08	62653147.5826054
-19.2	-0.000000305093	-25	-0.00000000102788	1.58902604166667E-08	62931630.6831032
-19.3	-0.000000306065	-25	-0.000000000956714	1.58582901554404E-08	63058500.6452878
-19.4	-0.000000306993	-25	-0.000000000954783	1.5824381443299E-08	63193623.3073718
-19.5	-0.000000307379	-25	-0.000000000697529	1.57630256410256E-08	63439597.370022
-19.6	-0.000000307965	-25	-0.000000000885439	0.0000000157125	63643595.8631663
-19.7	-0.000000308457	-25	-0.000000000749481	1.56577157360406E-08	63866276.3367341
-19.8	-0.000000308564	-25	-0.000000000761306	1.55840404040404E-08	64168211.4569425
-19.9	-0.000000309503	-25	-0.000000000375128	1.55529145728643E-08	64296630.4042287
-20	-0.000000309837	-25	-0.0000000012054	0.00000001549185	64550069.8754506
-20.1	-0.000000310221	-25	-0.000000000835753	1.54338805970149E-08	64792518.8817005
-20.2	-0.000000310974	-25	-0.000000000684643	1.53947524752475E-08	64957198.9941281
-20.3	-0.000000311782	-25	-0.000000000813723	1.53587192118227E-08	65109595.8073269
-20.4	-0.000000312275	-25	-0.000000000960994	1.53075980392157E-08	65327035.4655352
-20.5	-0.000000312929	-25	-0.000000000741971	1.52648292682927E-08	65510067.7789531
-20.6	-0.000000313163	-25	-0.000000000886059	1.52020873786408E-08	65780440.2180334
-20.7	-0.000000314098	-25	-0.000000000695288	1.51738164251208E-08	65902998.4272425
-20.8	-0.000000314858	-25	-0.000000000990558	1.51374038461538E-08	66061526.1482954
-20.9	-0.000000314804	-25	-0.000000000799787	1.50623923444976E-08	66390516.0036086
-21	-0.000000315752	-25	-0.000000000680077	1.50358095238095E-08	66507892.2698827
-21.1	-0.000000316338	-25	-0.000000000758052	1.49923222748815E-08	66700807.3642749
-21.2	-0.000000316899	-25	-0.00000000158336	1.49480660377359E-08	66898286.2047529
-21.3	-0.000000317348	-25	-0.000000000704467	1.48989671361502E-08	67118746.6125515
-21.4	-0.000000318053	-25	-0.000000000728226	1.48622897196262E-08	67284383.4203733
-21.5	-0.000000318155	-25	-0.000000000750613	1.47979069767442E-08	67577124.3576244
-21.6	-0.000000318466	-25	-0.00000000098455	1.47437962962963E-08	67825136.7492919
-21.7	-0.000000318533	-25	-0.00000000100857	1.46789400921659E-08	68124809.6743508
-21.8	-0.000000318831	-25	-0.00000000104835	1.46252752293578E-08	68374781.6241206
-21.9	-0.000000319321	-25	-0.000000000523686	1.45808675799087E-08	68583024.6053344
-22	-0.000000319719	-25	-0.000000000753629	1.45326818181818E-08	68810424.15371
-22.1	-0.000000320082	-25	-0.00000000102043	1.44833484162896E-08	69044807.2681375
-22.2	-0.000000320133	-25	-0.000000000651455	1.44204054054054E-08	69346177.9947709
-22.3	-0.000000321211	-25	-0.000000000384378	1.44040807174888E-08	69424770.6336333
-22.4	-0.00000032167	-25	-0.00000000125126	1.43602678571429E-08	69636584.0768489
-22.5	-0.000000321924	-25	-0.000000000563025	1.43077333333333E-08	69892272.7103291
-22.6	-0.000000322479	-25	-0.00000000105344	1.4268982300885E-08	70082082.8643105
-22.7	-0.000000322692	-25	-0.000000000888336	1.42155066079295E-08	70345716.6586095
-22.8	-0.000000322558	-25	-0.00000000133193	1.41472807017544E-08	70684962.0843383
-22.9	-0.000000322855	-25	-0.000000000985587	1.40984716157205E-08	70929674.3119976
-23	-0.000000323054	-25	-0.000000000666368	1.40458260869565E-08	71195527.6826784
-23.1	-0.000000323411	-25	-0.000000000801051	1.40004761904762E-08	71426141.9679603
-23.2	-0.000000323776	-25	-0.000000000849104	1.39558620689655E-08	71654477.1694011
-23.3	-0.000000324349	-25	-0.000000000533152	1.39205579399142E-08	71836201.1290308
-23.4	-0.000000324906	-25	-0.000000000733531	1.38848717948718E-08	72020830.6402467
-23.5	-0.000000324995	-25	-0.000000000696194	1.38295744680851E-08	72308804.7508423
-23.6	-0.000000324993	-25	-0.000000000772274	1.37708898305085E-08	72616948.6727407
-23.7	-0.000000325363	-25	-0.000000000839031	1.37283966244726E-08	72841718.3269148
-23.8	-0.00000032564	-25	-0.000000000494015	1.36823529411765E-08	73086844.3680138
-23.9	-0.000000326029	-25	-0.000000000664401	1.36413807531381E-08	73306362.3174625
-24	-0.000000326368	-25	-0.00000000093435	1.35986666666667E-08	73536621.2373762
-24.1	-0.000000326765	-25	-0.00000000117089	1.35587136929461E-08	73753308.9529172
-24.2	-0.000000326697	-25	-0.000000000699079	1.34998760330579E-08	74074754.2830207
-24.3	-0.000000326647	-25	-0.000000000771916	1.34422633744856E-08	74392233.8181584
-24.4	-0.000000327216	-25	-0.000000000650001	1.34104918032787E-08	74568480.7588871
-24.5	-0.000000327911	-25	-0.000000000375211	1.33841224489796E-08	74715395.3359296
-24.6	-0.000000328253	-25	-0.000000000818896	1.33436178861789E-08	74942193.9784252
-24.7	-0.00000032823	-25	-0.000000000879574	1.32886639676113E-08	75252109.8010541
-24.8	-0.000000328465	-25	-0.000000000721216	1.32445564516129E-08	75502717.1844793
-24.9	-0.000000328943	-25	-0.000000000867915	1.3210562248996E-08	75697005.2562298
-25	-0.000000329124	-25	-0.000000000243652	0.00000001316496	75959212.9410192
-25.1	-0.000000328669	-25	-0.000000000618851	1.30943824701195E-08	76368626.1862238
-25.2	-0.000000329486	-25	-0.000000000980568	1.30748412698413E-08	76482764.062813
-25.3	-0.000000329961	-25	-0.00000000060569	1.30419367588933E-08	76675728.3436527
-25.4	-0.000000329965	-25	-0.000000000604045	1.29907480314961E-08	76977861.2883185
-25.5	-0.000000329863	-25	-0.000000000949824	1.29358039215686E-08	77304820.4860806
-25.6	-0.000000330343	-25	-0.000000000833857	1.29040234375E-08	77495209.5246456
-25.7	-0.000000330105	-25	-0.000000000795996	1.28445525291829E-08	77854016.1463777
-25.8	-0.000000330321	-25	-0.000000000986469	1.28031395348837E-08	78105842.4986604
-25.9	-0.000000330856	-25	-0.000000000585818	1.27743629343629E-08	78281790.2652514
-26	-0.000000330807	-25	-0.00000000098927	1.27233461538462E-08	78595676.633203
-26.1	-0.000000330917	-25	-0.000000000971413	1.26788122605364E-08	78871741.2523382
-26.2	-0.000000331372	-25	-0.000000000852549	1.2647786259542E-08	79065219.7530268
-26.3	-0.000000331534	-25	-0.00000000101621	1.2605855513308E-08	79328213.6975393
-26.4	-0.000000331661	-25	-0.000000000930727	1.25629166666667E-08	79599349.9386422
-26.5	-0.00000033215	-25	-0.00000000079838	1.25339622641509E-08	79783230.468162
-26.6	-0.000000332476	-25	-0.000000000793529	1.24990977443609E-08	80005774.8529217
-26.7	-0.000000332632	-25	-0.00000000104892	1.2458127340824E-08	80268885.7355877
-26.8	-0.000000332194	-25	-0.00000000102175	1.23952985074627E-08	80675749.7125174
-26.9	-0.000000332189	-25	-0.000000000762486	1.23490334572491E-08	80977997.4652984
-27	-0.000000332125	-25	-0.000000000827241	1.23009259259259E-08	81294693.2630787
-27.1	-0.00000033245	-25	-0.000000000843251	1.22675276752768E-08	81516017.4462325
-27.2	-0.000000332718	-25	-0.000000000810015	1.22322794117647E-08	81750912.1838915
-27.3	-0.000000333085	-25	-0.000000000670981	1.22009157509158E-08	81961060.9904379
-27.4	-0.000000333434	-25	-0.000000000834763	1.21691240875912E-08	82175183.0947054
-27.5	-0.000000333222	-25	-0.000000000674701	1.21171636363636E-08	82527564.2064449
-27.6	-0.000000333338	-25	-0.00000000098232	1.20774637681159E-08	82798840.8162286
-27.7	-0.000000333723	-25	-0.000000000693595	1.2047761732852E-08	83002969.528621
-27.8	-0.000000333746	-25	-0.000000000793397	1.20052517985612E-08	83296878.464461
-27.9	-0.000000333851	-25	-0.000000000982046	1.19659856630824E-08	83570215.4553978
-28	-0.000000333914	-25	-0.000000000935888	0.0000000119255	83853926.4601065
-28.1	-0.000000334182	-25	-0.000000000741732	1.18925978647687E-08	84085917.2546696
-28.2	-0.000000334746	-25	-0.000000000707865	1.18704255319149E-08	84242978.258142
-28.3	-0.000000334208	-25	-0.000000000561881	1.18094699646643E-08	84677805.4385293
-28.4	-0.000000334762	-25	-0.00000000109546	1.17873943661972E-08	84836391.2272002
-28.5	-0.000000334712	-25	-0.000000000720346	1.17442807017544E-08	85147828.580989
-28.6	-0.000000334643	-25	-0.00000000107578	1.17008041958042E-08	85464211.114531
-28.7	-0.000000334818	-25	-0.000000000593197	1.16661324041812E-08	85718211.0878149
-28.8	-0.000000335074	-25	-0.000000000834966	1.16345138888889E-08	85951163.0266747
-28.9	-0.000000335076	-25	-0.000000000999546	1.15943252595156E-08	86249089.7587413
-29	-0.000000335102	-25	-0.000000000691843	1.15552413793103E-08	86540814.4385889
-29.1	-0.000000334704	-25	-0.000000000897694	1.15018556701031E-08	86942492.4709594
-29.2	-0.000000334771	-25	-0.000000000819445	1.14647602739726E-08	87223803.7344931
-29.3	-0.000000334521	-25	-0.000000000969779	1.14170989761092E-08	87587924.2259828
-29.4	-0.000000334895	-25	-0.000000000876117	1.13909863945578E-08	87788709.8941459
-29.5	-0.000000334899	-25	-0.000000000840628	1.13525084745763E-08	88086258.8422181
-29.6	-0.000000335098	-25	-0.000000000703502	1.13208783783784E-08	88332368.4414709
-29.7	-0.000000335071	-25	-0.000000000796902	1.12818518518519E-08	88637930.4684679
-29.8	-0.000000335151	-25	-0.000000000795937	1.1246677852349E-08	88915145.710441
-29.9	-0.000000334975	-25	-0.000000000553989	1.12031772575251E-08	89260392.5666094
-30	-0.00000033491	-25	-0.00000000050633	1.11636666666667E-08	89576304.0816936
-30.1	-0.0000003356	-25	-0.00000000105572	1.11495016611296E-08	89690107.2705602
-30.2	-0.000000335392	-25	-0.000000000681221	1.11056953642384E-08	90043888.9418949
-30.3	-0.000000335395	-25	-0.000000000789166	1.10691419141914E-08	90341239.4341001
-30.4	-0.000000335905	-25	-0.000000000573254	1.10495065789474E-08	90501778.7767375
-30.5	-0.000000336746	-25	-0.000000000853324	1.10408524590164E-08	90572716.5281844
-30.6	-0.000000335784	-25	-0.00000000103455	1.09733333333333E-08	91130012.1506683
-30.7	-0.000000336191	-25	-0.000000000723445	1.09508469055375E-08	91317138.1744306
-30.8	-0.000000336316	-25	-0.000000000944531	1.09193506493506E-08	91580537.3517763
-30.9	-0.000000337015	-25	-0.000000000742006	1.09066343042071E-08	91687313.6210554
-31	-0.000000336426	-25	-0.000000000655329	1.08524516129032E-08	92145077.9666256
-31.1	-0.000000336648	-25	-0.000000000896132	1.08246945337621E-08	92381359.7585609
-31.2	-0.000000336424	-25	-0.000000000877857	1.07828205128205E-08	92740113.666088
-31.3	-0.000000336685	-25	-0.0000000010455	1.07567092651757E-08	92965234.5664345
-31.4	-0.000000336876	-25	-0.000000000781393	1.07285350318471E-08	93209370.8070625
-31.5	-0.000000336743	-25	-0.000000000828946	1.0690253968254E-08	93543147.1478249
-31.6	-0.000000336924	-25	-0.000000000965273	1.06621518987342E-08	93789697.3798245
-31.7	-0.000000336498	-25	-0.000000000950384	1.06150788643533E-08	94205611.9204275
-31.8	-0.000000336497	-25	-0.000000000876212	1.05816666666667E-08	94503071.3498189
-31.9	-0.000000337064	-25	-0.000000000770628	1.05662695924765E-08	94640780.3859208
-32	-0.000000337365	-25	-0.000000000469947	1.054265625E-08	94852755.9171817
-32.1	-0.000000337304	-25	-0.00000000104322	1.05079127725857E-08	95166378.1040249
-32.2	-0.000000337684	-25	-0.000000000878561	1.04870807453416E-08	95355421.0445268
-32.3	-0.000000336321	-25	-0.000000000854623	1.04124148606811E-08	96039200.6446222
-32.4	-0.000000336286	-25	-0.000000000776589	1.03791975308642E-08	96346562.1524536
-32.5	-0.000000336313	-25	-0.00000000071125	1.03480923076923E-08	96636169.2827812
-32.6	-0.000000336656	-25	-0.000000000776064	1.03268711656442E-08	96834751.200038
-32.7	-0.00000033683	-25	-0.000000000560629	1.03006116207951E-08	97081613.8704985
-32.8	-0.000000336898	-25	-0.00000000117509	1.02712804878049E-08	97358844.516738
-32.9	-0.000000337161	-25	-0.00000000122423	1.02480547112462E-08	97579494.6627872
-33	-0.000000337003	-25	-0.000000000898123	1.02122121212121E-08	97921976.9556948
-33.1	-0.00000033714	-25	-0.000000000787008	1.0185498489426E-08	98178798.1254078
-33.2	-0.000000337159	-25	-0.000000000925529	1.01553915662651E-08	98469861.4007041
-33.3	-0.000000337617	-25	-0.000000000757027	1.01386486486487E-08	98632474.0756538
-33.4	-0.000000337684	-25	-0.000000000855696	1.01102994011976E-08	98909039.2200993
-33.5	-0.000000337582	-25	-0.00000000098238	1.00770746268657E-08	99235148.7934783
-33.6	-0.000000337338	-25	-0.000000000792313	1.00398214285714E-08	99603365.1708376
-33.7	-0.000000338311	-25	-0.000000000828135	1.00389020771513E-08	99612486.7355776
-33.8	-0.000000337925	-25	-0.000000000623894	9.99778106508876E-09	100022194.273877
-33.9	-0.000000337844	-25	-0.000000000748432	9.96589970501475E-09	100342169.758824
-34	-0.00000033812	-25	-0.00000000066427	9.94470588235294E-09	100556015.615758
-34.1	-0.000000338576	-25	-0.000000000470531	9.92891495601173E-09	100715939.700392
-34.2	-0.000000338615	-25	-0.00000000094763	9.90102339181287E-09	100999660.381259
-34.3	-0.000000338314	-25	-0.000000000742674	9.86338192419825E-09	101385103.779329
-34.4	-0.000000338755	-25	-0.000000000286126	9.84752906976744E-09	101548316.630013
-34.5	-0.000000338468	-25	-0.000000000736284	9.81066666666667E-09	101929872.247893
-34.6	-0.000000338491	-25	-0.000000000540876	9.78297687861272E-09	102218375.082351
-34.7	-0.000000338705	-25	-0.000000000758874	9.76095100864553E-09	102449033.819991
-34.8	-0.000000338507	-25	-0.000000000766301	9.72721264367816E-09	102804373.321674
-34.9	-0.000000338371	-25	-0.0000000007532	9.6954441260745E-09	103141226.641763
-35	-0.000000338084	-25	-0.000000000857556	9.65954285714286E-09	103524567.858875
-35.1	-0.000000338691	-25	-0.000000000889754	9.64931623931624E-09	103634286.119206
-35.2	-0.000000338611	-25	-0.000000000602937	9.61963068181818E-09	103954094.816766
-35.3	-0.000000338738	-25	-0.000000000724041	9.59597733711048E-09	104210333.650196
-35.4	-0.000000339118	-25	-0.000000000511146	9.57960451977401E-09	104388442.960857
-35.5	-0.00000033949	-25	-0.000000000852406	9.5630985915493E-09	104568617.632331
-35.6	-0.00000033931	-25	-0.00000000128803	9.5311797752809E-09	104918805.811795
-35.7	-0.000000339735	-25	-0.000000000942898	9.51638655462185E-09	105081902.070732
-35.8	-0.000000339768	-25	-0.00000000069772	9.49072625698324E-09	105366014.456924
-35.9	-0.0000003398	-25	-0.000000000792205	9.46518105849582E-09	105650382.577987
-36	-0.0000003396	-25	-0.000000000803602	9.43333333333333E-09	106007067.137809
-36.1	-0.000000339905	-25	-0.000000000694954	9.41565096952909E-09	106206145.834866
-36.2	-0.000000339992	-25	-0.00000000107533	9.39204419889503E-09	106473093.484553
-36.3	-0.000000340356	-25	-0.00000000105599	9.37619834710744E-09	106653033.88217
-36.4	-0.000000340297	-25	-0.000000000925899	9.34881868131868E-09	106965386.118596
-36.5	-0.000000340461	-25	-0.00000000116119	9.32769863013699E-09	107207580.310226
-36.6	-0.00000034044	-25	-0.000000000799823	9.30163934426229E-09	107507930.912936
-36.7	-0.000000340549	-25	-0.00000000103245	9.27926430517711E-09	107767164.196635
-36.8	-0.000000340592	-25	-0.000000000939882	9.25521739130435E-09	108047164.936346
-36.9	-0.000000340804	-25	-0.000000000574696	9.23588075880759E-09	108273377.073039
-37	-0.000000340602	-25	-0.0000000009763	9.20545945945946E-09	108631188.307761
-37.1	-0.000000340659	-25	-0.000000000841141	9.1821832884097E-09	108906560.519464
-37.2	-0.000000341224	-25	-0.000000000591517	9.17268817204301E-09	109019295.243008
-37.3	-0.000000341388	-25	-0.000000000653446	9.15249329758713E-09	109259845.102933
-37.4	-0.000000341994	-25	-0.0000000010684	9.14422459893048E-09	109358643.718896
-37.5	-0.000000341851	-25	-0.000000000813997	9.11602666666667E-09	109696914.737707
-37.6	-0.000000342068	-25	-0.000000000754154	9.09755319148936E-09	109919665.095829
-37.7	-0.000000341676	-25	-0.000000000851679	9.06302387267905E-09	110338449.291141
-37.8	-0.000000341589	-25	-0.000000000927305	9.03674603174603E-09	110659301.089906
-37.9	-0.000000341795	-25	-0.000000000728214	9.01833773087071E-09	110885179.712986
-38	-0.000000342274	-25	-0.000000000797582	9.00721052631579E-09	111022163.529804
-38.1	-0.000000342191	-25	-0.000000000640142	8.98139107611548E-09	111341326.919761
-38.2	-0.000000342056	-25	-0.000000000917792	8.95434554973822E-09	111677620.038824
-38.3	-0.000000342106	-25	-0.000000000783205	8.93227154046997E-09	111953605.023005
-38.4	-0.000000342646	-25	-0.000000000537801	8.92307291666667E-09	112069015.835585
-38.5	-0.000000342901	-25	-0.000000000969184	8.90651948051948E-09	112277304.528129
-38.6	-0.000000343123	-25	-0.000000000980186	8.88919689119171E-09	112496101.980922
-38.7	-0.00000034275	-25	-0.000000000968838	8.85658914728682E-09	112910284.463895
-38.8	-0.00000034279	-25	-0.00000000058229	8.83479381443299E-09	113188832.813093
-38.9	-0.000000342623	-25	-0.000000000561166	8.80778920308483E-09	113535868.870449
-39	-0.000000342523	-25	-0.000000000289309	8.78264102564103E-09	113860967.000756
-39.1	-0.000000342917	-25	-0.00000000073421	8.7702557544757E-09	114021760.367669
-39.2	-0.000000342714	-25	-0.000000000757194	8.74270408163265E-09	114381087.437338
-39.3	-0.00000034244	-25	-0.00000000103406	8.71348600508906E-09	114764630.300199
-39.4	-0.000000342554	-25	-0.000000000693703	8.69426395939086E-09	115018362.068462
-39.5	-0.000000342678	-25	-0.0000000009238	8.67539240506329E-09	115268561.156538
-39.6	-0.000000343385	-25	-0.000000000881314	8.67133838383838E-09	115322451.475749
-39.7	-0.000000343368	-25	-0.00000000088557	8.64906801007557E-09	115619393.769949
-39.8	-0.000000343081	-25	-0.000000000632322	8.6201256281407E-09	116007590.044334
-39.9	-0.000000343938	-25	-0.000000000615609	0.00000000862	116009280.742459
-40	-0.000000343362	-25	-0.00000000080204	0.00000000858405	116495127.591289
