0	0.000000000225294	8	-0.000000000546336	0.000000001	1000000000
0.01	0.000000000223815	8	7.93457E-11	0.000000001	1000000000
0.02	0.000000000225615	8	3.57866E-11	0.000000001	1000000000
0.03	0.000000000235581	8	0.00000000017879	0.000000001	1000000000
0.04	0.000000000256944	8	5.05805E-11	0.000000001	1000000000
0.05	0.000000000278449	8	3.80397E-11	0.000000001	1000000000
0.06	0.000000000311768	8	0.000000000262666	0.000000001	1000000000
0.07	0.000000000343621	8	-5.27143E-11	0.000000001	1000000000
0.08	0.000000000383568	8	0.000000000276482	0.000000001	1000000000
0.09	0.000000000427079	8	0.000000000193906	0.000000001	1000000000
0.1	0.000000000483286	8	0.000000000112295	0.000000001	1000000000
0.11	0.000000000538218	8	0.000000000331199	0.000000001	1000000000
0.12	0.000000000601459	8	0.00000000058775	0.000000001	1000000000
0.13	0.000000000672245	8	0.000000000497866	0.000000001	1000000000
0.14	0.000000000753427	8	0.000000000470102	0.000000001	1000000000
0.15	0.000000000839424	8	0.00000000078826	0.000000001	1000000000
0.16	0.000000000929415	8	0.00000000078212	0.000000001	1000000000
0.17	0.00000000102676	8	0.00000000096345	0.000000001	1000000000
0.18	0.00000000113175	8	0.000000000695908	0.000000001	1000000000
0.19	0.00000000124706	8	0.000000000957036	0.000000001	1000000000
0.2	0.00000000137812	8	0.00000000104872	0.000000001	1000000000
0.21	0.00000000151818	8	0.00000000122837	0.000000001	1000000000
0.22	0.00000000167289	8	0.00000000136095	0.000000001	1000000000
0.23	0.0000000018399	8	0.00000000167718	0.000000001	1000000000
0.24	0.00000000203701	8	0.00000000179826	0.000000001	1000000000
0.25	0.00000000224555	8	0.00000000181551	0.000000001	1000000000
0.26	0.00000000250121	8	0.00000000227515	0.000000001	1000000000
0.27	0.00000000279112	8	0.00000000211744	0.000000001	1000000000
0.28	0.00000000313404	8	0.00000000269438	0.000000001	1000000000
0.29	0.00000000352727	8	0.00000000309685	0.000000001	1000000000
0.3	0.00000000399663	8	0.00000000324456	0.000000001	1000000000
0.31	0.00000000457997	8	0.00000000410882	0.000000001	1000000000
0.32	0.00000000527579	8	0.00000000476406	0.000000001	1000000000
0.33	0.00000000612355	8	0.00000000555109	0.000000001	1000000000
0.34	0.00000000717089	8	0.00000000608159	0.000000001	1000000000
0.35	0.00000000847945	8	0.00000000729314	1.05993125E-09	943457417.639116
0.36	0.0000000101176	8	0.00000000881624	0.0000000012647	790701352.099312
0.37	0.0000000121781	8	0.0000000107575	1.5222625E-09	656916924.643417
0.38	0.0000000147671	8	0.0000000132025	1.8458875E-09	541744824.643972
0.39	0.000000018053	8	0.0000000163069	0.000000002256625	443139644.380435
0.4	0.0000000222266	8	0.0000000202319	0.000000002778325	359929093.968488
0.41	0.0000000275002	8	0.0000000251831	0.000000003437525	290906975.221998
0.42	0.0000000342001	8	0.000000031442	4.2750125E-09	233917444.685834
0.43	0.0000000427477	8	0.0000000394194	5.3434625E-09	187144571.520807
0.44	0.0000000535281	8	0.0000000494447	6.6910125E-09	149454211.899918
0.45	0.0000000672383	8	0.0000000621274	8.4047875E-09	118979807.639396
0.46	0.0000000847249	8	0.000000078159	1.05906125E-08	94423245.1144823
0.47	0.000000107191	8	0.0000000964911	0.000000013398875	74633131.5129069
0.48	0.000000136144	8	0.000000121886	0.000000017018	58761311.5524739
0.49	0.000000173002	8	0.000000148635	0.00000002162525	46242239.9741043
0.5	0.000000220759	8	0.000000176264	0.000000027594875	36238613.1482748
0.51	0.000000282942	8	0.000000201739	0.00000003536775	28274345.9790346
0.52	0.000000364433	8	0.00000021811	0.000000045554125	21951908.8556744
0.53	0.000000469483	8	0.000000229326	0.000000058685375	17040020.6184249
0.54	0.000000598656	8	0.000000237317	0.000000074832	13363267.0515288
0.55	0.000000756897	8	0.000000245426	0.000000094612125	10569469.8221819
0.56	0.000000949048	8	0.000000252507	0.000000118631	8429499.87777225
0.57	0.00000117768	8	0.000000259482	0.00000014721	6793016.77875144
0.58	0.00000145022	8	0.000000265805	0.0000001812775	5516404.40760712
0.59	0.00000176763	8	0.000000268461	0.00000022095375	4525834.02635167
0.6	0.00000213675	8	0.000000276353	0.00000026709375	3744003.74400374
0.61	0.00000256311	8	0.000000282039	0.00000032038875	3121208.21970185
0.62	0.00000304852	8	0.000000288614	0.000000381065	2624224.21371682
0.63	0.00000359827	8	0.000000295157	0.00000044978375	2223290.63688939
0.64	0.00000421649	8	0.000000300231	0.00000052706125	1897312.69373341
0.65	0.00000491082	8	0.000000304529	0.0000006138525	1629055.83996155
0.66	0.00000567734	8	0.000000309123	0.0000007096675	1409110.60461413
0.67	0.00000652412	8	0.000000315699	0.000000815515	1226219.01497827
0.68	0.0000074554	8	0.000000321505	0.000000931925	1073047.72379752
0.69	0.00000846915	8	0.000000326635	0.00000105864375	944604.830472952
0.7	0.00000956874	8	0.000000333501	0.0000011960925	836055.739836175
0.71	0.0000107882	8	0.000000338473	0.000001348525	741550.953819914
0.72	0.0000120681	8	0.000000342318	0.0000015085125	662904.682592952
0.73	0.0000134394	8	0.000000348531	0.000001679925	595264.6695537
0.74	0.0000149109	8	0.000000353356	0.0000018638625	536520.26369971
0.75	0.0000164744	8	0.000000359972	0.0000020593	485601.903559462
0.76	0.0000181364	8	0.000000363141	0.00000226705	441101.872477449
0.77	0.0000198992	8	0.000000372406	0.0000024874	402026.212109029
0.78	0.0000217552	8	0.000000377822	0.0000027194	367728.175332794
0.79	0.0000237117	8	0.000000384346	0.0000029639625	337386.184879195
0.8	0.0000257778	8	0.000000387449	0.000003222225	310344.560047793
0.81	0.0000279385	8	0.000000394362	0.0000034923125	286343.218139843
0.82	0.0000302004	8	0.000000397948	0.00000377505	264897.153680084
0.83	0.0000325731	8	0.000000405148	0.0000040716375	245601.431856348
0.84	0.0000350391	8	0.000000410596	0.0000043798875	228316.366573342
0.85	0.0000376049	8	0.000000415751	0.0000047006125	212738.233581262
0.86	0.0000402902	8	0.000000421138	0.000005036275	198559.451181677
0.87	0.0000430653	8	0.000000428564	0.0000053831625	185764.408932482
0.88	0.0000459479	8	0.000000433503	0.0000057434875	174110.242252638
0.89	0.0000489445	8	0.000000439988	0.0000061180625	163450.438762272
0.9	0.0000520293	8	0.000000444699	0.0000065036625	153759.516272562
0.91	0.000055223	8	0.000000450851	0.000006902875	144867.174909005
0.92	0.0000585335	8	0.000000456062	0.0000073166875	136673.870518592
0.93	0.000061935	8	0.000000463066	0.000007741875	129167.675789134
0.94	0.0000654428	8	0.000000467693	0.00000818035	122244.158257287
0.95	0.0000690695	8	0.000000468889	0.0000086336875	115825.364306966
0.96	0.0000727836	8	0.000000480908	0.00000909795	109914.870932463
0.97	0.0000766061	8	0.000000486198	0.0000095757625	104430.326044532
0.98	0.0000805433	8	0.000000494059	0.0000100679125	99325.4559969606
0.99	0.0000845686	8	0.00000049779	0.000010571075	94597.7585061122
1	0.000088702	8	0.000000505437	0.00001108775	90189.6236837952
1.01	0.0000929528	8	0.000000511193	0.0000116191	86065.1857717035
1.02	0.0000972974	8	0.000000516164	0.000012162175	82222.1354321904
1.03	0.000101731	8	0.000000523744	0.000012716375	78638.7630122578
1.04	0.000106294	8	0.000000530593	0.00001328675	75262.9499313226
1.05	0.000110942	8	0.000000538854	0.00001386775	72109.7510410845
1.06	0.000115693	8	0.000000541317	0.000014461625	69148.5223825123
1.07	0.000120562	8	0.000000548486	0.00001507025	66355.8998689471
1.08	0.000125522	8	0.000000555506	0.00001569025	63733.8474530361
1.09	0.000130582	8	0.000000558761	0.00001632275	61264.1864881837
1.1	0.00013576	8	0.000000565491	0.00001697	58927.5191514437
1.11	0.000141021	8	0.000000565876	0.000017627625	56729.1396316861
1.12	0.000146389	8	0.000000578155	0.000018298625	54648.914877484
1.13	0.000151883	8	0.000000586418	0.000018985375	52672.1226207015
1.14	0.000157452	8	0.000000593245	0.0000196815	50809.1354825598
1.15	0.000163115	8	0.000000599202	0.000020389375	49045.1521932379
1.16	0.000168906	8	0.000000607763	0.00002111325	47363.6223698388
1.17	0.000174773	8	0.000000613247	0.000021846625	45773.6606912967
1.18	0.000180756	8	0.000000616632	0.0000225945	44258.5584987497
1.19	0.000186834	8	0.00000062391	0.00002335425	42818.7588982733
1.2	0.000193006	8	0.000000622774	0.00002412575	41449.4886169342
1.21	0.000199276	8	0.000000628763	0.0000249095	40145.3260804111
1.22	0.000205661	8	0.000000644954	0.000025707625	38898.9648012992
1.23	0.000212135	8	0.000000652308	0.000026516875	37711.8344450468
1.24	0.000218696	8	0.000000658474	0.000027337	36580.4587189523
1.25	0.000225373	8	0.000000664926	0.000028171625	35496.7098987013
1.26	0.000232139	8	0.000000671317	0.000029017375	34462.1110627684
1.27	0.000238991	8	0.000000678876	0.000029873875	33474.0638768824
1.28	0.000245954	8	0.000000685552	0.00003074425	32526.4073769892
1.29	0.000253024	8	0.000000692813	0.000031628	31617.5540660174
1.3	0.000260171	8	0.000000699938	0.000032521375	30749.0073836054
1.31	0.000267411	8	0.000000705172	0.000033426375	29916.4955817076
1.32	0.00027477	8	0.000000712669	0.00003434625	29115.2600356662
1.33	0.000282211	8	0.000000719058	0.000035276375	28347.5838999897
1.34	0.000289728	8	0.000000728838	0.000036216	27612.1051468964
1.35	0.000297396	8	0.00000073468	0.0000371745	26900.1600559523
1.36	0.000305101	8	0.000000732122	0.000038137625	26220.8252349222
1.37	0.000312913	8	0.000000744747	0.000039114125	25566.2116946244
1.38	0.000320847	8	0.000000757858	0.000040105875	24934.0028113088
1.39	0.000328867	8	0.00000076955	0.000041108375	24325.9433144706
1.4	0.000336955	8	0.000000771106	0.000042119375	23742.0427059993
1.41	0.000345172	8	0.000000778985	0.0000431465	23176.8509612599
1.42	0.000353463	8	0.00000078544	0.000044182875	22633.2034753284
1.43	0.000361827	8	0.000000792774	0.000045228375	22110.0139016712
1.44	0.000370335	8	0.000000787392	0.000046291875	21602.0629970162
1.45	0.000378883	8	0.000000808917	0.000047360375	21114.6976771193
1.46	0.00038753	8	0.000000814193	0.00004844125	20643.5630789874
1.47	0.000396287	8	0.000000827467	0.000049535875	20187.3894425
1.48	0.000405128	8	0.000000827897	0.000050641	19746.8454414407
1.49	0.000414053	8	0.000000838072	0.000051756625	19321.1980108827
1.5	0.000423082	8	0.000000850749	0.00005288525	18908.8640027229
1.51	0.000432184	8	0.000000853337	0.000054023	18510.6343594395
1.52	0.000441377	8	0.000000861276	0.000055172125	18125.0948735435
1.53	0.000450689	8	0.0000008568	0.000056336125	17750.599637444
1.54	0.00046007	8	0.000000874178	0.00005750875	17388.658247658
1.55	0.000469535	8	0.000000878826	0.000058691875	17038.1334724781
1.56	0.000479108	8	0.00000089022	0.0000598885	16697.6965527605
1.57	0.000488764	8	0.000000898192	0.0000610955	16367.8175970407
1.58	0.000498483	8	0.000000908915	0.000062310375	16048.691730711
1.59	0.000508319	8	0.000000915844	0.000063539875	15738.1486822251
1.6	0.00051821	8	0.000000928145	0.00006477625	15437.7568939233
1.61	0.000528205	8	0.000000934596	0.000066025625	15145.6347440861
1.62	0.000538308	8	0.000000937371	0.0000672885	14861.3804736322
1.63	0.000548491	8	0.000000934922	0.000068561375	14585.4717762005
1.64	0.000558732	8	0.000000955598	0.0000698415	14318.13463342
1.65	0.000569097	8	0.00000096281	0.000071137125	14057.3575330743
1.66	0.000579509	8	0.000000973755	0.000072438625	13804.7899169814
1.67	0.000590019	8	0.000000983316	0.000073752375	13558.8853918264
1.68	0.000600662	8	0.000000985376	0.00007508275	13318.6384355927
1.69	0.000611339	8	0.000000989618	0.000076417375	13086.0291916596
1.7	0.000622088	8	0.00000100263	0.000077761	12859.9169249367
1.71	0.000632976	8	0.00000101172	0.000079122	12638.7098404995
1.72	0.0006439	8	0.00000101959	0.0000804875	12424.289485945
1.73	0.000654906	8	0.00000102059	0.00008186325	12215.4935212076
1.74	0.000666046	8	0.00000103842	0.00008325575	12011.1824108245
1.75	0.000677221	8	0.00000104632	0.000084652625	11812.9827633815
1.76	0.000688481	8	0.00000105586	0.000086060125	11619.7832619927
1.77	0.000699864	8	0.00000107008	0.000087483	11430.7922682121
1.78	0.000711283	8	0.00000108096	0.000088910375	11247.2813212181
1.79	0.000722792	8	0.00000108135	0.000090349	11068.1911255244
1.8	0.000734425	8	0.00000108874	0.000091803125	10892.8753786976
1.81	0.000746085	8	0.00000109431	0.000093260625	10722.6388414189
1.82	0.000757834	8	0.00000110765	0.00009472925	10556.4015338451
1.83	0.000769722	8	0.00000111763	0.00009621525	10393.3627985169
1.84	0.000781633	8	0.0000011118	0.000097704125	10234.9824022271
1.85	0.000793628	8	0.00000112832	0.0000992035	10080.2895059146
1.86	0.000805745	8	0.00000114164	0.000100718125	9928.69952652514
1.87	0.000817905	8	0.00000114577	0.000102238125	9781.08704556153
1.88	0.000830144	8	0.00000115625	0.000103768	9636.88227584612
1.89	0.000842489	8	0.00000115987	0.000105311125	9495.67294053691
1.9	0.000854873	8	0.00000117441	0.000106859125	9358.11518202119
1.91	0.000867341	8	0.00000118113	0.000108417625	9223.59256624557
1.92	0.000879896	8	0.00000119683	0.000109987	9091.98359806159
1.93	0.000892566	8	0.00000120087	0.00011157075	8962.92262981113
1.94	0.000905268	8	0.00000120566	0.0001131585	8837.16203378447
1.95	0.000918053	8	0.00000121992	0.000114756625	8714.09384861223
1.96	0.000930958	8	0.00000123385	0.00011636975	8593.29851615218
1.97	0.00094389	8	0.00000124001	0.00011798625	8475.56388986005
1.98	0.000956915	8	0.00000124658	0.000119614375	8360.19918174551
1.99	0.00097007	8	0.0000012562	0.00012125875	8246.82754852743
2	0.000983234	8	0.00000126662	0.00012290425	8136.41513617308
2.01	0.00099873	8	0.00000127328	0.00012484125	8010.1729196079
2.02	0.0010135	8	0.00000128267	0.0001266875	7893.43857918106
2.03	0.00102682	8	0.0000012947	0.0001283525	7791.0441946982
2.04	0.00104036	8	0.00000130175	0.000130045	7689.64589180668
2.05	0.00105393	8	0.00000131154	0.00013174125	7590.63694932301
2.06	0.0010675	8	0.00000131864	0.0001334375	7494.14519906323
2.07	0.00108128	8	0.00000133619	0.00013516	7398.63865048831
2.08	0.00109499	8	0.00000133091	0.00013687375	7306.00279454607
2.09	0.00110896	8	0.00000135547	0.00013862	7213.966238638
2.1	0.00112289	8	0.00000135763	0.00014036125	7124.47345688358
2.11	0.001137	8	0.00000136671	0.000142125	7036.05980650836
2.12	0.00115102	8	0.00000138797	0.0001438775	6950.35707459471
2.13	0.00116527	8	0.0000013889	0.00014565875	6865.36167583479
2.14	0.00117954	8	0.00000139667	0.0001474425	6782.30496634281
2.15	0.00119392	8	0.00000141377	0.00014924	6700.61645671402
2.16	0.0012083	8	0.00000141934	0.0001510375	6620.87229992552
2.17	0.00122282	8	0.00000142809	0.0001528525	6542.25478811272
2.18	0.00123737	8	0.00000142968	0.00015467125	6465.32565037135
2.19	0.00125201	8	0.00000143345	0.00015650125	6389.72532168273
2.2	0.00126685	8	0.000001459	0.00015835625	6314.87547854916
2.21	0.00128152	8	0.00000146721	0.00016019	6242.58692802297
2.22	0.00129629	8	0.00000147335	0.00016203625	6171.45854708437
2.23	0.00131119	8	0.00000148791	0.00016389875	6101.32780146279
2.24	0.00132624	8	0.00000149493	0.00016578	6032.09072264447
2.25	0.00134126	8	0.00000151039	0.0001676575	5964.54080491478
2.26	0.00135645	8	0.00000150563	0.00016955625	5897.74779755981
2.27	0.00137162	8	0.00000151283	0.0001714525	5832.51921086015
2.28	0.00138676	8	0.00000153672	0.000173345	5768.84248175604
2.29	0.00140213	8	0.0000015475	0.00017526625	5705.60504375486
2.3	0.00141753	8	0.00000155885	0.00017719125	5643.61953538902
2.31	0.00143302	8	0.00000156927	0.0001791275	5582.61573460245
2.32	0.0014485	8	0.00000157895	0.0001810625	5522.95478080773
2.33	0.00146415	8	0.00000159142	0.00018301875	5463.92104634088
2.34	0.0014799	8	0.00000158987	0.0001849875	5405.77066017974
2.35	0.00149554	8	0.00000161018	0.0001869425	5349.23840218249
2.36	0.00151133	8	0.00000161984	0.00018891625	5293.35088961378
2.37	0.00152726	8	0.00000162452	0.0001909075	5238.13888925265
2.38	0.00154321	8	0.00000162799	0.00019290125	5183.99958528003
2.39	0.00155917	8	0.00000165847	0.00019489625	5130.93504877595
2.4	0.00157526	8	0.00000165433	0.0001969075	5078.5267193987
2.41	0.0015914	8	0.00000166531	0.000198925	5027.02023375644
2.42	0.00160768	8	0.0000016748	0.00020096	4976.11464968153
2.43	0.00162404	8	0.0000016889	0.000203005	4925.98704465407
2.44	0.00164034	8	0.00000170585	0.0002050425	4877.03768730873
2.45	0.00165668	8	0.0000017163	0.000207085	4828.93497839052
2.46	0.00167323	8	0.00000171597	0.00020915375	4781.17174566557
2.47	0.00168978	8	0.00000173006	0.0002112225	4734.34411580206
2.48	0.00170639	8	0.00000175051	0.00021329875	4688.26001090021
2.49	0.00172312	8	0.00000176316	0.00021539	4642.74107433028
2.5	0.00173985	8	0.0000017621	0.00021748125	4598.09753714401
2.51	0.00175679	8	0.00000178785	0.00021959875	4553.75998269571
2.52	0.00177364	8	0.00000178931	0.000221705	4510.49818452448
2.53	0.00179047	8	0.00000180878	0.00022380875	4468.10055460298
2.54	0.00180743	8	0.00000180345	0.00022592875	4426.17418101946
2.55	0.00182461	8	0.00000183075	0.00022807625	4384.49860518138
2.56	0.00184177	8	0.00000184475	0.00023022125	4343.64768673613
2.57	0.00185901	8	0.00000185411	0.00023237625	4303.36576995282
2.58	0.00187617	8	0.00000186252	0.00023452125	4264.00592696824
2.59	0.00189348	8	0.00000186551	0.000236685	4225.02482202083
2.6	0.00191033	8	0.00000188622	0.00023879125	4187.75813602885
2.61	0.00192779	8	0.00000189322	0.00024097375	4149.82959762215
2.62	0.00194525	8	0.00000190936	0.00024315625	4112.58193034314
2.63	0.00196288	8	0.00000192434	0.00024536	4075.64395174438
2.64	0.00198047	8	0.0000019244	0.00024755875	4039.44518220422
2.65	0.00199819	8	0.00000193196	0.00024977375	4003.62327906756
2.66	0.00201589	8	0.00000194945	0.00025198625	3968.4705018627
2.67	0.00203382	8	0.00000196692	0.0002542275	3933.48477249707
2.68	0.00205156	8	0.00000196922	0.000256445	3899.47162159527
2.69	0.00206969	8	0.00000198075	0.00025871125	3865.31316284081
2.7	0.00208767	8	0.00000199293	0.00026095875	3832.02326038119
2.71	0.00210573	8	0.00000201811	0.00026321625	3799.15753681621
2.72	0.0021238	8	0.00000201612	0.000265475	3766.83303512572
2.73	0.00214205	8	0.00000204138	0.00026775625	3734.74008543218
2.74	0.0021602	8	0.00000204139	0.000270025	3703.36079992593
2.75	0.00217859	8	0.00000206279	0.00027232375	3672.09984439477
2.76	0.00219693	8	0.00000207972	0.00027461625	3641.44510749091
2.77	0.0022154	8	0.00000208213	0.000276925	3611.08603412476
2.78	0.00223389	8	0.00000210052	0.00027923625	3581.19692554244
2.79	0.00225248	8	0.0000020895	0.00028156	3551.64085807643
2.8	0.00227112	8	0.00000210629	0.00028389	3522.49110570996
2.81	0.00228977	8	0.00000214141	0.00028622125	3493.80068740529
2.82	0.00230848	8	0.00000215437	0.00028856	3465.4837815359
2.83	0.00232731	8	0.00000216813	0.00029091375	3437.44494717077
2.84	0.0023462	8	0.00000216582	0.000293275	3409.76898815105
2.85	0.00236512	8	0.00000218706	0.00029564	3382.49222026789
2.86	0.00238412	8	0.00000219603	0.000298015	3355.5357951781
2.87	0.00240304	8	0.00000221876	0.00030038	3329.11645249351
2.88	0.00242224	8	0.00000222931	0.00030278	3302.72805337209
2.89	0.00244129	8	0.00000222869	0.00030516125	3276.95603553859
2.9	0.00246051	8	0.00000224948	0.00030756375	3251.35845820582
2.91	0.00247983	8	0.00000225973	0.00030997875	3226.02759060097
2.92	0.00249905	8	0.00000228332	0.00031238125	3201.21646225566
2.93	0.00251846	8	0.00000228392	0.0003148075	3176.54439617862
2.94	0.0025379	8	0.00000231167	0.0003172375	3152.21245911974
2.95	0.00255743	8	0.00000232012	0.00031967875	3128.14035965794
2.96	0.00257699	8	0.00000233135	0.00032212375	3104.39699028712
2.97	0.00259656	8	0.00000234405	0.00032457	3080.99947623009
2.98	0.00261627	8	0.00000234064	0.00032703375	3057.78837811082
2.99	0.002636	8	0.0000023667	0.0003295	3034.90136570561
3	0.00265578	8	0.00000237105	0.0003319725	3012.29770538222
3.01	0.00267556	8	0.00000240197	0.000334445	2990.02825576702
3.02	0.00269546	8	0.00000241091	0.0003369325	2967.95352184785
3.03	0.0027154	8	0.0000024274	0.000339425	2946.1589452751
3.04	0.00273537	8	0.0000024336	0.00034192125	2924.65004734277
3.05	0.00275544	8	0.00000243366	0.00034443	2903.34755973638
3.06	0.00277562	8	0.00000246716	0.0003469525	2882.23892319554
3.07	0.00279571	8	0.00000248611	0.00034946375	2861.5271254887
3.08	0.00281597	8	0.00000249193	0.00035199625	2840.93935659826
3.09	0.00283627	8	0.00000250013	0.00035453375	2820.60593667035
3.1	0.00285655	8	0.00000249593	0.00035706875	2800.58112058252
3.11	0.002877	8	0.0000025213	0.000359625	2780.67431352103
3.12	0.00289742	8	0.00000254807	0.0003621775	2761.07709617522
3.13	0.0029179	8	0.00000255145	0.0003647375	2741.6977963604
3.14	0.00293859	8	0.00000256531	0.00036732375	2722.3940733481
3.15	0.00295914	8	0.00000258057	0.0003698925	2703.48817561859
3.16	0.0029799	8	0.00000260249	0.0003724875	2684.65384744455
3.17	0.00300076	8	0.00000262049	0.000375095	2665.99128220851
3.18	0.00302141	8	0.00000262218	0.00037767625	2647.77041182759
3.19	0.00304222	8	0.00000263458	0.0003802775	2629.65860457166
3.2	0.00306293	8	0.00000266388	0.00038286625	2611.87816894281
3.21	0.00308378	8	0.00000266118	0.0003854725	2594.2187834411
3.22	0.00310473	8	0.00000268483	0.00038809125	2576.71359506302
3.23	0.00312595	8	0.00000269746	0.00039074375	2559.22199651306
3.24	0.00314693	8	0.00000271449	0.00039336625	2542.16013702243
3.25	0.00316806	8	0.00000272815	0.0003960075	2525.20469940595
3.26	0.00318926	8	0.00000273519	0.0003986575	2508.41888086892
3.27	0.00321048	8	0.00000276003	0.00040131	2491.8392265331
3.28	0.00323185	8	0.00000275884	0.00040398125	2475.36240852762
3.29	0.00325297	8	0.00000279212	0.00040662125	2459.29104787317
3.3	0.00327443	8	0.00000278627	0.00040930375	2443.17331566105
3.31	0.00329592	8	0.00000282428	0.00041199	2427.24337969368
3.32	0.00331747	8	0.0000028259	0.00041468375	2411.47621530865
3.33	0.00333899	8	0.00000283568	0.00041737375	2395.93409983258
3.34	0.00336059	8	0.00000285028	0.00042007375	2380.53437045281
3.35	0.00338221	8	0.0000028723	0.00042277625	2365.31735167243
3.36	0.00340388	8	0.00000289461	0.000425485	2350.25911606755
3.37	0.00342561	8	0.00000291599	0.00042820125	2335.35049232108
3.38	0.00344749	8	0.00000290787	0.00043093625	2320.52884852458
3.39	0.00346939	8	0.00000294843	0.00043367375	2305.88086090062
3.4	0.00349114	8	0.00000294957	0.0004363925	2291.51509249128
3.41	0.003513	8	0.00000296362	0.000439125	2277.25590663251
3.42	0.00353493	8	0.00000299288	0.00044186625	2263.12826562336
3.43	0.00355674	8	0.00000300524	0.0004445925	2249.25071835445
3.44	0.00357909	8	0.00000302468	0.00044738625	2235.20503815216
3.45	0.00360129	8	0.00000303964	0.00045016125	2221.42621116322
3.46	0.00362341	8	0.00000304963	0.00045292625	2207.86496697862
3.47	0.00364578	8	0.00000306458	0.0004557225	2194.31781402059
3.48	0.00366802	8	0.00000308818	0.0004585025	2181.01318967726
3.49	0.00369034	8	0.00000308041	0.0004612925	2167.82193510625
3.5	0.0037128	8	0.0000031039	0.0004641	2154.70803706098
3.51	0.00373523	8	0.00000311853	0.00046690375	2141.76904768917
3.52	0.00375782	8	0.00000314271	0.0004697275	2128.89387996232
3.53	0.0037802	8	0.0000031573	0.000472525	2116.29014337866
3.54	0.00380286	8	0.00000317402	0.0004753575	2103.6798619986
3.55	0.00382537	8	0.00000318863	0.00047817125	2091.30097219354
3.56	0.00384808	8	0.00000320857	0.00048101	2078.95885740421
3.57	0.00387085	8	0.00000322555	0.00048385625	2066.72952968986
3.58	0.00389373	8	0.00000323896	0.00048671625	2054.58519209087
3.59	0.0039165	8	0.00000325937	0.0004895625	2042.64011234521
3.6	0.00393929	8	0.0000032706	0.00049241125	2030.82281324807
3.61	0.00396223	8	0.00000332195	0.00049527875	2019.06502146519
3.62	0.00398521	8	0.00000331202	0.00049815125	2007.4224444885
3.63	0.00400806	8	0.00000332677	0.0005010075	1995.9781041202
3.64	0.00403128	8	0.0000033391	0.00050391	1984.48135579766
3.65	0.00405434	8	0.00000335029	0.0005067925	1973.1941573721
3.66	0.00407758	8	0.00000336193	0.0005096975	1961.94801818726
3.67	0.00410071	8	0.00000338336	0.00051258875	1950.88167658771
3.68	0.004124	8	0.00000340176	0.0005155	1939.86420950533
3.69	0.00414735	8	0.00000341996	0.00051841875	1928.94257779064
3.7	0.0041707	8	0.00000343769	0.0005213375	1918.14323734625
3.71	0.00419397	8	0.00000345282	0.00052424625	1907.50053052358
3.72	0.00421733	8	0.00000346225	0.00052716625	1896.93479049541
3.73	0.00424075	8	0.00000348494	0.00053009375	1886.45876319047
3.74	0.00426434	8	0.00000350274	0.0005330425	1876.02301880244
3.75	0.00428787	8	0.00000352187	0.00053598375	1865.72820537936
3.76	0.00431143	8	0.00000353499	0.00053892875	1855.53285104942
3.77	0.00433513	8	0.00000354862	0.00054189125	1845.3887196001
3.78	0.00435883	8	0.00000357712	0.00054485375	1835.35490028287
3.79	0.00438252	8	0.00000359602	0.000547815	1825.43376869929
3.8	0.00440638	8	0.00000361444	0.0005507975	1815.5492717378
3.81	0.0044301	8	0.00000362663	0.0005537625	1805.82831087334
3.82	0.00445406	8	0.0000036453	0.0005567575	1796.11410712923
3.83	0.00447797	8	0.0000036596	0.00055974625	1786.52380431311
3.84	0.00450183	8	0.00000368263	0.00056272875	1777.05510870024
3.85	0.00452605	8	0.00000368445	0.00056575625	1767.54565239005
3.86	0.00455003	8	0.00000370871	0.00056875375	1758.23016551539
3.87	0.00457423	8	0.00000373824	0.00057177875	1748.92823491604
3.88	0.00459822	8	0.00000375155	0.0005747775	1739.80366315661
3.89	0.0046225	8	0.00000376269	0.0005778125	1730.66522444565
3.9	0.00464665	8	0.00000378248	0.00058083125	1721.67045075484
3.91	0.00467092	8	0.00000378076	0.000583865	1712.72468807002
3.92	0.00469521	8	0.00000379856	0.00058690125	1703.86415091125
3.93	0.00471946	8	0.0000038143	0.0005899325	1695.10918622046
3.94	0.00474385	8	0.00000383	0.00059298125	1686.39396270961
3.95	0.00476837	8	0.00000384449	0.00059604625	1677.72215662795
3.96	0.00479286	8	0.00000386244	0.0005991075	1669.14952658747
3.97	0.00481735	8	0.00000388142	0.00060216875	1660.66405804021
3.98	0.00484202	8	0.00000390633	0.0006052525	1652.20300618337
3.99	0.00486663	8	0.00000392977	0.00060832875	1643.84800159453
4	0.00489123	8	0.00000394646	0.00061140375	1635.58041637788
4.01	0.00491591	8	0.00000396856	0.00061448875	1627.36909341302
4.02	0.00494068	8	0.00000398282	0.000617585	1619.21031113126
4.03	0.00496539	8	0.0000040072	0.00062067375	1611.15239689128
4.04	0.0049903	8	0.00000403139	0.0006237875	1603.11003346492
4.05	0.00501512	8	0.00000405612	0.00062689	1595.17618720988
4.06	0.00503984	8	0.00000407696	0.00062998	1587.35197942792
4.07	0.00506476	8	0.0000040954	0.000633095	1579.54177493109
4.08	0.00508984	8	0.00000411856	0.00063623	1571.75864074313
4.09	0.00511497	8	0.0000041166	0.00063937125	1564.03654371384
4.1	0.00513997	8	0.0000041459	0.00064249625	1556.42931768084
4.11	0.00516499	8	0.00000415706	0.00064562375	1548.88973647577
4.12	0.00519006	8	0.00000417246	0.0006487575	1541.40799913681
4.13	0.00521527	8	0.00000419766	0.00065190875	1533.95701468956
4.14	0.00524057	8	0.00000421548	0.00065507125	1526.55150107717
4.15	0.00526586	8	0.00000422395	0.0006582325	1519.22003243535
4.16	0.00529096	8	0.00000426223	0.00066137	1512.01294283079
4.17	0.00531628	8	0.00000429102	0.000664535	1504.81163520356
4.18	0.00534169	8	0.00000431695	0.00066771125	1497.65336438468
4.19	0.00536716	8	0.00000432304	0.000670895	1490.5462106589
4.2	0.00539267	8	0.00000434686	0.00067408375	1483.49518883967
4.21	0.00541808	8	0.00000436044	0.00067726	1476.53781413342
4.22	0.00544371	8	0.00000438804	0.00068046375	1469.58599925419
4.23	0.00546923	8	0.00000437451	0.00068365375	1462.72875706452
4.24	0.00549504	8	0.00000439522	0.00068688	1455.85837409737
4.25	0.00552069	8	0.00000440947	0.00069008625	1449.09422554065
4.26	0.00554632	8	0.00000444114	0.00069329	1442.39784217283
4.27	0.00557207	8	0.00000446022	0.00069650875	1435.73214263281
4.28	0.00559787	8	0.00000446774	0.00069973375	1429.11500267066
4.29	0.00562366	8	0.00000450919	0.0007029575	1422.56110789059
4.3	0.00564948	8	0.00000454812	0.000706185	1416.05953114269
4.31	0.00567525	8	0.00000456475	0.00070940625	1409.62953173869
4.32	0.00570116	8	0.00000458699	0.000712645	1403.2232036989
4.33	0.00572722	8	0.00000461437	0.0007159025	1396.83825660617
4.34	0.00575306	8	0.00000463734	0.0007191325	1390.5643257675
4.35	0.00577924	8	0.000004655	0.000722405	1384.26505907351
4.36	0.00580538	8	0.00000468625	0.0007256725	1378.0321012578
4.37	0.00583152	8	0.00000469614	0.00072894	1371.85502236124
4.38	0.00585766	8	0.0000047173	0.0007322075	1365.73307429929
4.39	0.0058838	8	0.00000473569	0.000735475	1359.66552228152
4.4	0.00591011	8	0.00000475557	0.00073876375	1353.6127077161
4.41	0.00593628	8	0.00000477012	0.000742035	1347.64532670292
4.42	0.00596252	8	0.00000480517	0.000745315	1341.71457705802
4.43	0.00598904	8	0.00000482481	0.00074863	1335.77334597865
4.44	0.00601532	8	0.00000484166	0.000751915	1329.93755943158
4.45	0.00604167	8	0.00000486943	0.00075520875	1324.13720047603
4.46	0.0060683	8	0.00000485983	0.0007585375	1318.32638465468
4.47	0.00609479	8	0.00000488267	0.00076184875	1312.5964963518
4.48	0.00612129	8	0.00000490297	0.00076516125	1306.91406549927
4.49	0.00614794	8	0.00000492628	0.0007684925	1301.24887360644
4.5	0.00617465	8	0.00000494481	0.00077183125	1295.61999465557
4.51	0.00620126	8	0.00000495282	0.0007751575	1290.06040707856
4.52	0.00622788	8	0.00000497322	0.000778485	1284.54626614514
4.53	0.0062546	8	0.00000500027	0.000781825	1279.05861286093
4.54	0.00628124	8	0.0000050328	0.000785155	1273.63386847183
4.55	0.00630804	8	0.00000503977	0.000788505	1268.22277601283
4.56	0.006335	8	0.00000506458	0.000791875	1262.82557221784
4.57	0.0063619	8	0.00000506816	0.0007952375	1257.48597117213
4.58	0.00638869	8	0.0000050993	0.00079858625	1252.21289497534
4.59	0.0064157	8	0.00000513555	0.0008019625	1246.9410976199
4.6	0.00644267	8	0.00000513411	0.00080533375	1241.72121185782
4.61	0.00646973	8	0.00000517181	0.00080871625	1236.52764489399
4.62	0.00649664	8	0.00000522517	0.00081208	1231.40577283026
4.63	0.0065237	8	0.00000521301	0.0008154625	1226.29795974677
4.64	0.00655089	8	0.00000524412	0.00081886125	1221.20811065367
4.65	0.00657792	8	0.000005295	0.00082224	1216.18992021794
4.66	0.00660498	8	0.00000528832	0.0008256225	1211.20730115761
4.67	0.00663221	8	0.00000531046	0.00082902625	1206.23442261328
4.68	0.00665946	8	0.00000532714	0.0008324325	1201.2986037907
4.69	0.00668675	8	0.0000053531	0.00083584375	1196.39585747934
4.7	0.00671403	8	0.00000537524	0.00083925375	1191.53474142951
4.71	0.00674131	8	0.00000542132	0.00084266375	1186.71296825098
4.72	0.00676874	8	0.00000540389	0.0008460925	1181.90386984875
4.73	0.006796	8	0.00000546842	0.0008495	1177.16303708064
4.74	0.00682361	8	0.00000546332	0.00085295125	1172.3999466558
4.75	0.00685095	8	0.00000547804	0.00085636875	1167.72126493406
4.76	0.00687845	8	0.00000552172	0.00085980625	1163.05272263373
4.77	0.00690604	8	0.00000553227	0.000863255	1158.40626466108
4.78	0.00693359	8	0.00000558282	0.00086669875	1153.80344093031
4.79	0.00696132	8	0.00000560593	0.000870165	1149.20733424121
4.8	0.00698893	8	0.0000056097	0.00087361625	1144.66735251319
4.81	0.00701668	8	0.00000565596	0.000877085	1140.14035127724
4.82	0.00704429	8	0.00000563566	0.00088053625	1135.67158649062
4.83	0.00707193	8	0.00000567141	0.00088399125	1131.23291661541
4.84	0.00709979	8	0.00000569675	0.00088747375	1126.79389108692
4.85	0.00712762	8	0.00000574073	0.0008909525	1122.39429150263
4.86	0.0071554	8	0.00000575163	0.000894425	1118.0367275065
4.87	0.0071833	8	0.0000058125	0.0008979125	1113.69426308243
4.88	0.00721127	8	0.00000582919	0.00090140875	1109.37463165295
4.89	0.00723911	8	0.0000058293	0.00090488875	1105.10822462982
4.9	0.00726711	8	0.00000582683	0.00090838875	1100.85026922669
4.91	0.00729513	8	0.00000586749	0.00091189125	1096.62199302823
4.92	0.00732312	8	0.00000591004	0.00091539	1092.43054872786
4.93	0.00735118	8	0.00000591872	0.0009188975	1088.26066019333
4.94	0.00737939	8	0.0000059517	0.00092242375	1084.10044732695
4.95	0.00740737	8	0.00000597952	0.00092592125	1080.00545402754
4.96	0.00743551	8	0.0000059625	0.00092943875	1075.91812801005
4.97	0.00746364	8	0.00000599017	0.000932955	1071.86305877561
4.98	0.00749181	8	0.00000605468	0.00093647625	1067.83274001877
4.99	0.0075202	8	0.00000607738	0.000940025	1063.8014946411
5	0.00754848	8	0.00000608008	0.00094356	1059.81601593963
