0	0.000000000116265	2	-0.000000000170636	0.000000001	1000000000
0.01	0.000000000103641	2	0.000000000127077	0.000000001	1000000000
0.02	0.000000000116837	2	-5.68628E-12	0.000000001	1000000000
0.03	0.000000000126755	2	-0.000000000155771	0.000000001	1000000000
0.04	0.000000000150907	2	-4.52518E-11	0.000000001	1000000000
0.05	0.000000000176132	2	0.000000000215101	0.000000001	1000000000
0.06	0.000000000203311	2	0.000000000248134	0.000000001	1000000000
0.07	0.000000000238335	2	7.19547E-11	0.000000001	1000000000
0.08	0.000000000278449	2	1.36614E-11	0.000000001	1000000000
0.09	0.00000000032295	2	0.000000000267482	0.000000001	1000000000
0.1	0.00000000037266	2	0.000000000483727	0.000000001	1000000000
0.11	0.000000000404632	2	0.000000000332606	0.000000001	1000000000
0.12	0.000000000484622	2	0.000000000159764	0.000000001	1000000000
0.13	0.000000000570238	2	0.00000000024786	0.000000001	1000000000
0.14	0.000000000627351	2	0.000000000670075	0.000000001	1000000000
0.15	0.000000000699866	2	0.00000000070169	0.000000001	1000000000
0.16	0.000000000803208	2	0.000000000631881	0.000000001	1000000000
0.17	0.000000000879645	2	0.000000000595582	0.000000001	1000000000
0.18	0.000000000983346	2	0.000000000892949	0.000000001	1000000000
0.19	0.00000000108966	2	0.00000000115844	0.000000001	1000000000
0.2	0.00000000120788	2	0.00000000107932	0.000000001	1000000000
0.21	0.00000000134847	2	0.00000000102742	0.000000001	1000000000
0.22	0.00000000150019	2	0.00000000136272	0.000000001	1000000000
0.23	0.00000000165274	2	0.00000000126812	0.000000001	1000000000
0.24	0.00000000183103	2	0.00000000163935	0.000000001	1000000000
0.25	0.00000000203329	2	0.00000000205514	0.000000001016645	983627519.930753
0.26	0.0000000022629	2	0.00000000218327	0.00000000113145	883821644.792081
0.27	0.0000000025319	2	0.00000000232725	0.00000000126595	789920612.978396
0.28	0.00000000285932	2	0.00000000266063	0.00000000142966	699467006.14132
0.29	0.00000000322139	2	0.00000000303193	0.000000001610695	620850005.742862
0.3	0.00000000364507	2	0.00000000348431	0.000000001822535	548686307.807532
0.31	0.00000000418001	2	0.00000000388833	0.000000002090005	478467754.86183
0.32	0.00000000482898	2	0.00000000447166	0.00000000241449	414166138.60484
0.33	0.00000000559602	2	0.00000000523895	0.00000000279801	357396864.199914
0.34	0.00000000657079	2	0.00000000618776	0.000000003285395	304377403.630309
0.35	0.00000000776529	2	0.00000000737844	0.000000003882645	257556382.311543
0.36	0.00000000923429	2	0.00000000875813	0.000000004617145	216584057.89725
0.37	0.0000000111199	2	0.000000010709	0.00000000555995	179857732.533566
0.38	0.0000000134827	2	0.0000000130904	0.00000000674135	148338240.856802
0.39	0.0000000164884	2	0.0000000161414	0.0000000082442	121297396.957861
0.4	0.000000020279	2	0.0000000199735	0.0000000101395	98624192.5144238
0.41	0.0000000251223	2	0.0000000253625	0.00000001256115	79610545.2128189
0.42	0.0000000311932	2	0.0000000310435	0.0000000155966	64116538.2198684
0.43	0.0000000390103	2	0.0000000392831	0.00000001950515	51268511.1368023
0.44	0.0000000488892	2	0.0000000489155	0.0000000244446	40908830.580169
0.45	0.0000000614366	2	0.0000000618577	0.0000000307183	32553884.8178447
0.46	0.0000000774045	2	0.0000000776204	0.00000003870225	25838291.0554296
0.47	0.0000000977143	2	0.0000000972444	0.00000004885715	20467833.2649367
0.48	0.000000123265	2	0.000000120999	0.0000000616325	16225205.8572993
0.49	0.000000157548	2	0.000000147641	0.000000078774	12694543.8850382
0.5	0.000000201194	2	0.000000174816	0.000000100597	9940654.29386562
0.51	0.000000258005	2	0.000000199176	0.0000001290025	7751787.75605124
0.52	0.000000333229	2	0.000000216145	0.0000001666145	6001878.58799804
0.53	0.00000042903	2	0.000000226831	0.000000214515	4661678.67048924
0.54	0.000000547832	2	0.000000235849	0.000000273916	3650754.24582719
0.55	0.000000695133	2	0.000000243098	0.0000003475665	2877147.25095773
0.56	0.000000871436	2	0.000000250959	0.000000435718	2295062.40274673
0.57	0.00000108294	2	0.000000257006	0.00000054147	1846824.38546919
0.58	0.00000133435	2	0.000000263255	0.000000667175	1498857.1214449
0.59	0.00000162796	2	0.000000268549	0.00000081398	1228531.41354824
0.6	0.00000196927	2	0.000000274604	0.000000984635	1015604.76724878
0.61	0.00000236688	2	0.000000280877	0.00000118344	844994.254039073
0.62	0.0000028186	2	0.000000285999	0.0000014093	709572.128006812
0.63	0.00000332767	2	0.000000291983	0.000001663835	601021.134908209
0.64	0.00000389903	2	0.000000298465	0.000001949515	512948.092217808
0.65	0.00000454254	2	0.000000302541	0.00000227127	440282.309016541
0.66	0.00000525355	2	0.00000030766	0.000002626775	380694.95864701
0.67	0.00000603838	2	0.000000314205	0.00000301919	331214.663535584
0.68	0.00000690182	2	0.000000319702	0.00000345091	289778.638098357
0.69	0.00000784286	2	0.000000325361	0.00000392143	255009.014568665
0.7	0.00000886329	2	0.000000331504	0.000004431645	225649.843342596
0.71	0.00000997047	2	0.000000336481	0.000004985235	200592.349207209
0.72	0.0000111809	2	0.000000341611	0.00000559045	178876.476848912
0.73	0.0000124563	2	0.000000348113	0.00000622815	160561.322383051
0.74	0.0000138219	2	0.000000352706	0.00000691095	144697.906944776
0.75	0.0000152737	2	0.000000356211	0.00000763685	130944.041064051
0.76	0.0000168141	2	0.000000363874	0.00000840705	118947.787868515
0.77	0.0000184525	2	0.000000369221	0.00000922625	108386.397507113
0.78	0.0000201781	2	0.000000374611	0.00001008905	99117.3599100014
0.79	0.0000219963	2	0.000000381866	0.00001099815	90924.3827370967
0.8	0.0000239167	2	0.000000385423	0.00001195835	83623.5768312518
0.81	0.0000259203	2	0.000000391481	0.00001296015	77159.6007762256
0.82	0.0000280246	2	0.000000397825	0.0000140123	71365.8714129729
0.83	0.0000302283	2	0.000000402808	0.00001511415	66163.16498116
0.84	0.0000325216	2	0.000000408069	0.0000162608	61497.5892944997
0.85	0.0000349109	2	0.000000415405	0.00001745545	57288.6977992547
0.86	0.000037403	2	0.000000419448	0.0000187015	53471.6466593589
0.87	0.0000399842	2	0.000000426269	0.0000199921	50019.7578043327
0.88	0.0000426649	2	0.000000432427	0.00002133245	46876.9409983382
0.89	0.00004545	2	0.000000437802	0.000022725	44004.400440044
0.9	0.0000483228	2	0.00000044477	0.0000241614	41388.3301464319
0.91	0.0000512934	2	0.000000449409	0.0000256467	38991.3712095513
0.92	0.0000543705	2	0.000000453949	0.00002718525	36784.6534425838
0.93	0.0000575326	2	0.000000461328	0.0000287663	34762.899642985
0.94	0.0000607937	2	0.000000466612	0.00003039685	32898.1456960178
0.95	0.0000641687	2	0.000000473417	0.00003208435	31167.8435124913
0.96	0.0000676266	2	0.000000480581	0.0000338133	29574.1616464527
0.97	0.00007118	2	0.000000484357	0.00003559	28097.7802753582
0.98	0.0000748418	2	0.000000490484	0.0000374209	26723.0344540083
0.99	0.0000785935	2	0.000000497956	0.00003929675	25447.3970493743
1	0.0000824373	2	0.000000502055	0.00004121865	24260.8624979227
1.01	0.0000863878	2	0.000000509883	0.0000431939	23151.4172140048
1.02	0.0000904336	2	0.000000514594	0.0000452168	22115.67382035
1.03	0.0000945671	2	0.000000521126	0.00004728355	21149.0042520073
1.04	0.0000988147	2	0.000000526761	0.00004940735	20239.9035770994
1.05	0.000103137	2	0.000000533162	0.0000515685	19391.6829072011
1.06	0.00010756	2	0.00000053892	0.00005378	18594.2729639271
1.07	0.000112092	2	0.000000546669	0.000056046	17842.4865289227
1.08	0.000116706	2	0.000000551223	0.000058353	17137.0794989118
1.09	0.000121422	2	0.000000559475	0.000060711	16471.4796330154
1.1	0.000126246	2	0.00000056595	0.000063123	15842.0860858958
1.11	0.000131156	2	0.000000571795	0.000065578	15249.0164384397
1.12	0.000136148	2	0.000000577837	0.000068074	14689.8962893322
1.13	0.00014126	2	0.000000585003	0.00007063	14158.2896786068
1.14	0.000146441	2	0.000000592481	0.0000732205	13657.3773738229
1.15	0.000151717	2	0.000000598029	0.0000758585	13182.4383556226
1.16	0.000157114	2	0.000000603958	0.000078557	12729.6103466273
1.17	0.000162578	2	0.000000609092	0.000081289	12301.7874497164
1.18	0.000168143	2	0.000000616466	0.0000840715	11894.637302772
1.19	0.000173822	2	0.000000624174	0.000086911	11506.0234032516
1.2	0.000179566	2	0.000000628339	0.000089783	11137.9659846519
1.21	0.000185403	2	0.000000636716	0.0000927015	10787.3119636683
1.22	0.000191362	2	0.000000642273	0.000095681	10451.3957839069
1.23	0.000197383	2	0.000000648584	0.0000986915	10132.584873064
1.24	0.000203508	2	0.000000656186	0.000101754	9827.62348408908
1.25	0.00020974	2	0.000000662494	0.00010487	9535.61552398207
1.26	0.000216039	2	0.000000671296	0.0001080195	9257.58775035989
1.27	0.00022243	2	0.000000677745	0.000111215	8991.59286067527
1.28	0.000228911	2	0.000000683404	0.0001144555	8737.02006456658
1.29	0.000235518	2	0.000000687716	0.000117759	8491.91993817882
1.3	0.000242174	2	0.000000698261	0.000121087	8258.5248622891
1.31	0.000248912	2	0.000000702714	0.000124456	8034.968181526
1.32	0.000255785	2	0.000000710004	0.0001278925	7819.06679437809
1.33	0.00026272	2	0.000000716731	0.00013136	7612.66747868453
1.34	0.000269751	2	0.0000007284	0.0001348755	7414.24498889717
1.35	0.000276897	2	0.000000732731	0.0001384485	7222.9023788629
1.36	0.000284094	2	0.000000742162	0.000142047	7039.92340563335
1.37	0.000291377	2	0.000000748266	0.0001456885	6863.95974974003
1.38	0.00029878	2	0.000000756308	0.00014939	6693.88847981793
1.39	0.000306257	2	0.000000766951	0.0001531285	6530.46297717277
1.4	0.000313808	2	0.000000768718	0.000156904	6373.32381583643
1.41	0.000321476	2	0.000000775395	0.000160738	6221.30423421966
1.42	0.000329205	2	0.000000782316	0.0001646025	6075.24187056697
1.43	0.000337021	2	0.000000789311	0.0001685105	5934.34830470505
1.44	0.000344948	2	0.000000804299	0.000172474	5797.97534700883
1.45	0.000352947	2	0.000000803883	0.0001764735	5666.57316820939
1.46	0.000361013	2	0.000000811319	0.0001805065	5539.9667048001
1.47	0.000369195	2	0.000000821805	0.0001845975	5417.19145708907
1.48	0.000377459	2	0.000000828602	0.0001887295	5298.58872089419
1.49	0.000385778	2	0.000000836496	0.000192889	5184.3288108705
1.5	0.00039422	2	0.000000844509	0.00019711	5073.30931966922
1.51	0.000402721	2	0.000000850959	0.0002013605	4966.21730677069
1.52	0.000411306	2	0.000000861629	0.000205653	4862.55974870291
1.53	0.000419993	2	0.000000871495	0.0002099965	4761.9841283069
1.54	0.000428746	2	0.00000087646	0.000214373	4664.76655175792
1.55	0.000437587	2	0.000000879842	0.0002187935	4570.51969094146
1.56	0.000446525	2	0.000000885142	0.0002232625	4479.03252897374
1.57	0.00045553	2	0.000000894192	0.000227765	4390.49019823063
1.58	0.000464616	2	0.000000899373	0.000232308	4304.63006009264
1.59	0.00047381	2	0.000000908205	0.000236905	4221.10128532534
1.6	0.000483059	2	0.000000916163	0.0002415295	4140.28100087153
1.61	0.000492389	2	0.000000926568	0.0002461945	4061.82916352721
1.62	0.000501837	2	0.000000935179	0.0002509185	3985.35779545948
1.63	0.000511332	2	0.000000948396	0.000255666	3911.35309348916
1.64	0.000520894	2	0.000000957101	0.000260447	3839.55276889348
1.65	0.000530603	2	0.000000961592	0.0002653015	3769.29644197262
1.66	0.000540343	2	0.000000968978	0.0002701715	3701.35265932935
1.67	0.000550151	2	0.000000976087	0.0002750755	3635.36556327263
1.68	0.000560086	2	0.000000982557	0.000280043	3570.88018625711
1.69	0.000570061	2	0.000000995265	0.0002850305	3508.39646985147
1.7	0.000580117	2	0.000000997425	0.0002900585	3447.58040188445
1.71	0.000590283	2	0.00000100592	0.0002951415	3388.20531846589
1.72	0.000600517	2	0.00000102209	0.0003002585	3330.46358387856
1.73	0.000610814	2	0.00000102387	0.000305407	3274.319187183
1.74	0.000621216	2	0.00000103771	0.000310608	3219.49209292742
1.75	0.00063165	2	0.00000104002	0.000315825	3166.31045674028
1.76	0.000642178	2	0.00000105583	0.000321089	3114.40130306551
1.77	0.000652825	2	0.00000106096	0.0003264125	3063.60816451576
1.78	0.000663517	2	0.00000106904	0.0003317585	3014.24078056779
1.79	0.000674278	2	0.00000106024	0.000337139	2966.1356295178
1.8	0.000685171	2	0.00000109011	0.0003425855	2918.97934968059
1.81	0.000696077	2	0.0000010991	0.0003480385	2873.24534498339
1.82	0.000707055	2	0.00000110189	0.0003535275	2828.63426466116
1.83	0.000718172	2	0.00000110639	0.000359086	2784.84819792473
1.84	0.000729334	2	0.00000112085	0.000364667	2742.22784074238
1.85	0.000740543	2	0.00000112633	0.0003702715	2700.72095745959
1.86	0.000751878	2	0.00000113534	0.000375939	2660.00601161359
1.87	0.000763257	2	0.00000114406	0.0003816285	2620.34937118166
1.88	0.000774702	2	0.00000115377	0.000387351	2581.63784268015
1.89	0.000786268	2	0.00000116065	0.000393134	2543.6619575005
1.9	0.000797847	2	0.00000117003	0.0003989235	2506.74628092855
1.91	0.000809521	2	0.00000118345	0.0004047605	2470.59680971834
1.92	0.000821271	2	0.00000119184	0.0004106355	2435.24975312656
1.93	0.000833134	2	0.00000119647	0.000416567	2400.57421735279
1.94	0.000845013	2	0.00000121473	0.0004225065	2366.82749259479
1.95	0.000856988	2	0.00000121332	0.000428494	2333.75496506369
1.96	0.00086907	2	0.00000122221	0.000434535	2301.31059638464
1.97	0.000881182	2	0.00000123604	0.000440591	2269.67868158905
1.98	0.000893379	2	0.00000123788	0.0004466895	2238.69152957479
1.99	0.000905652	2	0.00000125179	0.000452826	2208.35376060562
2	0.000917986	2	0.00000126633	0.000458993	2178.68246356698
2.01	0.00093243	2	0.00000127198	0.000466215	2144.93313170962
2.02	0.000944944	2	0.00000128314	0.000472472	2116.52754025635
2.03	0.000957558	2	0.00000129409	0.000478779	2088.64632742873
2.04	0.000970209	2	0.00000130592	0.0004851045	2061.41151030345
2.05	0.000982981	2	0.00000130645	0.0004914905	2034.62732239992
2.06	0.000995758	2	0.00000132125	0.000497879	2008.52014244425
2.07	0.00100995	2	0.00000133757	0.000504975	1980.29605426011
2.08	0.00102287	2	0.00000134802	0.000511435	1955.28268499418
2.09	0.00103592	2	0.00000135136	0.00051796	1930.65101552243
2.1	0.00104899	2	0.00000134041	0.000524495	1906.59586840675
2.11	0.00106208	2	0.00000137517	0.00053104	1883.09731846942
2.12	0.00107534	2	0.0000013815	0.00053767	1859.8768761508
2.13	0.00108853	2	0.00000139036	0.000544265	1837.3402662306
2.14	0.00110202	2	0.00000139968	0.00055101	1814.84909529773
2.15	0.00111539	2	0.00000140499	0.000557695	1793.09479195618
2.16	0.00112888	2	0.00000141164	0.00056444	1771.66749344483
2.17	0.00114248	2	0.00000142848	0.00057124	1750.57769063791
2.18	0.00115619	2	0.00000143496	0.000578095	1729.81949333587
2.19	0.00116984	2	0.00000145099	0.00058492	1709.63550571018
2.2	0.00118358	2	0.00000145783	0.00059179	1689.78860744521
2.21	0.00119739	2	0.00000146237	0.000598695	1670.29956822756
2.22	0.00121134	2	0.00000147587	0.00060567	1651.06411081942
2.23	0.00122534	2	0.00000148921	0.00061267	1632.2000424372
2.24	0.00123937	2	0.00000149582	0.000619685	1613.72310125306
2.25	0.00125343	2	0.00000151053	0.000626715	1595.62161429039
2.26	0.00126764	2	0.00000151415	0.00063382	1577.73500362879
2.27	0.00128183	2	0.00000152349	0.000640915	1560.26930248161
2.28	0.00129607	2	0.00000153931	0.000648035	1543.12652865972
2.29	0.00131044	2	0.00000155033	0.00065522	1526.20493879918
2.3	0.00132488	2	0.00000155495	0.00066244	1509.57067809915
2.31	0.00133943	2	0.00000156896	0.000669715	1493.17246888602
2.32	0.00135395	2	0.00000158256	0.000676975	1477.15942243067
2.33	0.00136856	2	0.00000159611	0.00068428	1461.39007423862
2.34	0.0013832	2	0.00000160004	0.0006916	1445.92249855408
2.35	0.00139794	2	0.00000161433	0.00069897	1430.67656694851
2.36	0.00141284	2	0.00000162412	0.00070642	1415.58846012287
2.37	0.00142767	2	0.00000162967	0.000713835	1400.88395777736
2.38	0.00144266	2	0.00000164681	0.00072133	1386.32803293915
2.39	0.00145759	2	0.0000016523	0.000728795	1372.12796465398
2.4	0.00147272	2	0.00000166161	0.00073636	1358.03139768591
2.41	0.0014878	2	0.00000166499	0.0007439	1344.26670251378
2.42	0.00150298	2	0.00000167607	0.00075149	1330.68969646968
2.43	0.00151826	2	0.00000169214	0.00075913	1317.2974325873
2.44	0.00153354	2	0.00000170216	0.00076677	1304.17204637636
2.45	0.00154897	2	0.00000171701	0.000774485	1291.18059097336
2.46	0.00156433	2	0.0000017242	0.000782165	1278.50261773411
2.47	0.0015798	2	0.00000173986	0.0007899	1265.98303582732
2.48	0.00159537	2	0.00000175107	0.000797685	1253.6276851138
2.49	0.00161095	2	0.00000176311	0.000805475	1241.5034606909
2.5	0.00162666	2	0.00000176718	0.00081333	1229.51323570998
2.51	0.00164234	2	0.00000178457	0.00082117	1217.77463862538
2.52	0.00165812	2	0.00000178635	0.00082906	1206.18531831231
2.53	0.00167399	2	0.0000018029	0.000836995	1194.75026732537
2.54	0.00168985	2	0.00000182321	0.000844925	1183.53700032547
2.55	0.00170593	2	0.00000182722	0.000852965	1172.38104728799
2.56	0.00172195	2	0.00000183913	0.000860975	1161.47391039229
2.57	0.00173803	2	0.00000185774	0.000869015	1150.72812321997
2.58	0.00175418	2	0.00000186195	0.00087709	1140.13385171419
2.59	0.00177033	2	0.00000187016	0.000885165	1129.73287466179
2.6	0.00178607	2	0.00000187986	0.000893035	1119.77694043347
2.61	0.00180235	2	0.00000189329	0.000901175	1109.6623852193
2.62	0.00181867	2	0.00000190163	0.000909335	1099.70472928019
2.63	0.00183503	2	0.00000192472	0.000917515	1089.90043759503
2.64	0.00185159	2	0.00000193427	0.000925795	1080.15273359653
2.65	0.00186807	2	0.00000194139	0.000934035	1070.62369183168
2.66	0.00188456	2	0.00000195271	0.00094228	1061.25567771788
2.67	0.0019012	2	0.00000196941	0.0009506	1051.96717862403
2.68	0.0019179	2	0.00000197974	0.00095895	1042.80723708223
2.69	0.00193461	2	0.00000198885	0.000967305	1033.80009407581
2.7	0.00195142	2	0.00000200764	0.00097571	1024.89469207039
2.71	0.00196827	2	0.00000201377	0.000984135	1016.12075579062
2.72	0.00198522	2	0.00000202192	0.00099261	1007.4450186881
2.73	0.00200227	2	0.00000203458	0.001001135	998.866286764522
2.74	0.00201924	2	0.00000205303	0.00100962	990.471662605733
2.75	0.00203611	2	0.00000206282	0.001018055	982.265201781829
2.76	0.00205322	2	0.00000207787	0.00102661	974.079738167366
2.77	0.00207036	2	0.00000208694	0.00103518	966.015572171023
2.78	0.00208753	2	0.00000209651	0.001043765	958.070063663756
2.79	0.00210476	2	0.00000211246	0.00105238	950.227104277923
2.8	0.00212207	2	0.00000212087	0.001061035	942.475978643494
2.81	0.00213935	2	0.00000213926	0.001069675	934.863393086685
2.82	0.00215664	2	0.00000214011	0.00107832	927.368499146821
2.83	0.00217412	2	0.00000216311	0.00108706	919.912424337203
2.84	0.00219165	2	0.00000217674	0.001095825	912.554468094815
2.85	0.00220914	2	0.00000218758	0.00110457	905.329675801443
2.86	0.00222666	2	0.00000220024	0.00111333	898.206282054737
2.87	0.00224421	2	0.00000221573	0.001122105	891.182197744418
2.88	0.00226192	2	0.00000222356	0.00113096	884.204569569215
2.89	0.00227951	2	0.00000223518	0.001139755	877.38154252449
2.9	0.00229722	2	0.00000223637	0.00114861	870.617529013329
2.91	0.00231502	2	0.00000225626	0.00115751	863.923421827889
2.92	0.00233278	2	0.00000226513	0.00116639	857.346170663329
2.93	0.00235058	2	0.00000228365	0.00117529	850.853831820232
2.94	0.00236843	2	0.00000229078	0.001184215	844.441254333039
2.95	0.00238621	2	0.00000230574	0.001193105	838.149198938903
2.96	0.00240426	2	0.00000232338	0.00120213	831.856787535458
2.97	0.00242204	2	0.00000233359	0.00121102	825.750194051296
2.98	0.00244012	2	0.00000234597	0.00122006	819.631821385834
2.99	0.00245808	2	0.00000236361	0.00122904	813.643168651956
3	0.00247617	2	0.00000237562	0.001238085	807.698986741621
3.01	0.00249416	2	0.00000238953	0.00124708	801.873175738525
3.02	0.00251229	2	0.00000240518	0.001256145	796.086439065554
3.03	0.0025304	2	0.00000241348	0.0012652	790.388871324692
3.04	0.0025486	2	0.00000243061	0.0012743	784.744565643883
3.05	0.0025667	2	0.0000024446	0.00128335	779.210659601823
3.06	0.00258493	2	0.00000245957	0.001292465	773.715342388382
3.07	0.00260309	2	0.0000024615	0.001301545	768.31765325056
3.08	0.0026213	2	0.00000248354	0.00131065	762.980200663793
3.09	0.00263947	2	0.00000249068	0.001319735	757.727877187466
3.1	0.00265769	2	0.00000250471	0.001328845	752.533214934774
3.11	0.00267592	2	0.00000251731	0.00133796	747.406499446919
3.12	0.00269417	2	0.00000253181	0.001347085	742.343653147351
3.13	0.00271251	2	0.00000255197	0.001356255	737.324470693196
3.14	0.00273083	2	0.00000256989	0.001365415	732.378068206369
3.15	0.00274919	2	0.00000257595	0.001374595	727.487005263368
3.16	0.00276743	2	0.00000259969	0.001383715	722.692172882422
3.17	0.00278586	2	0.00000261498	0.00139293	717.91116567236
3.18	0.00280404	2	0.00000262392	0.00140202	713.25658692458
3.19	0.00282244	2	0.00000263122	0.00141122	708.60673743286
3.2	0.00284076	2	0.00000264677	0.00142038	704.036947859024
3.21	0.00285902	2	0.00000266907	0.00142951	699.540401955915
3.22	0.00287729	2	0.00000268196	0.001438645	695.098512836732
3.23	0.00289573	2	0.0000026905	0.001447865	690.672127580955
3.24	0.00291413	2	0.00000271479	0.001457065	686.311180352283
3.25	0.00293244	2	0.00000272486	0.00146622	682.025889702773
3.26	0.00295065	2	0.00000273641	0.001475325	677.816752241032
3.27	0.00296901	2	0.00000274535	0.001484505	673.625215139053
3.28	0.00298731	2	0.00000274496	0.001493655	669.498645938989
3.29	0.00300564	2	0.00000277735	0.00150282	665.415685178531
3.3	0.00302392	2	0.00000279744	0.00151196	661.393158549168
3.31	0.00304201	2	0.00000281568	0.001521005	657.460034648144
3.32	0.00306028	2	0.00000282838	0.00153014	653.53497065628
3.33	0.00307859	2	0.00000283835	0.001539295	649.648053167197
3.34	0.00309691	2	0.00000285233	0.001548455	645.805012092699
3.35	0.00311517	2	0.00000287306	0.001557585	642.0195366545
3.36	0.00313347	2	0.00000288375	0.001566735	638.27003290282
3.37	0.00315167	2	0.00000290476	0.001575835	634.584204564564
3.38	0.00316981	2	0.00000291931	0.001584905	630.952643849316
3.39	0.0031881	2	0.00000293017	0.00159405	627.332894200307
3.4	0.00320636	2	0.00000294252	0.00160318	623.760276450555
3.41	0.00322459	2	0.00000296694	0.001612295	620.233890199994
3.42	0.0032428	2	0.00000297024	0.0016214	616.750955963982
3.43	0.00326098	2	0.00000299179	0.00163049	613.312562481217
3.44	0.003279	2	0.0000030026	0.0016395	609.942055504727
3.45	0.00329714	2	0.00000302855	0.00164857	606.586314199579
3.46	0.00331527	2	0.00000303702	0.001657635	603.269115336006
3.47	0.0033334	2	0.00000305899	0.0016667	599.988000239995
3.48	0.00335148	2	0.00000307677	0.00167574	596.751285999021
3.49	0.0033697	2	0.00000308705	0.00168485	593.52464611093
3.5	0.0033876	2	0.0000031054	0.0016938	590.388475616956
3.51	0.00340561	2	0.00000312454	0.001702805	587.266304714868
3.52	0.00342368	2	0.000003127	0.00171184	584.166744555566
3.53	0.00344162	2	0.00000315858	0.00172081	581.121681068799
3.54	0.00345954	2	0.00000316	0.00172977	578.11154084069
3.55	0.00347742	2	0.00000318068	0.00173871	575.139039862887
3.56	0.00349535	2	0.00000320677	0.001747675	572.188765073598
3.57	0.00351331	2	0.00000323024	0.001756655	569.263742738329
3.58	0.00353122	2	0.00000322814	0.00176561	566.37649311003
3.59	0.00354911	2	0.00000324911	0.001774555	563.521558926041
3.6	0.00356693	2	0.00000327495	0.001783465	560.706265612165
3.61	0.00358475	2	0.00000329068	0.001792375	557.91896227073
3.62	0.00360252	2	0.00000327526	0.00180126	555.166938698467
3.63	0.00362043	2	0.00000329705	0.001810215	552.42056882746
3.64	0.0036382	2	0.00000331154	0.0018191	549.722390192953
3.65	0.00365593	2	0.00000333155	0.001827965	547.056426135074
3.66	0.0036736	2	0.00000333901	0.0018368	544.425087108014
3.67	0.0036914	2	0.00000335755	0.0018457	541.799859132037
3.68	0.00370906	2	0.00000337888	0.00185453	539.220179776008
3.69	0.00372676	2	0.00000339559	0.00186338	536.659189215297
3.7	0.00374437	2	0.00000341917	0.001872185	534.135248386244
3.71	0.00376202	2	0.00000343816	0.00188101	531.629284267495
3.72	0.00377946	2	0.00000344998	0.00188973	529.176125689913
3.73	0.00379704	2	0.00000346674	0.00189852	526.726081368645
3.74	0.00381466	2	0.00000347438	0.00190733	524.293121798535
3.75	0.00383225	2	0.00000350363	0.001916125	521.886620131776
3.76	0.00384974	2	0.00000352273	0.00192487	519.515603651156
3.77	0.0038672	2	0.00000353387	0.0019336	517.170045510964
3.78	0.00388466	2	0.00000356071	0.00194233	514.845572070657
3.79	0.00390217	2	0.00000357865	0.001951085	512.535332904512
3.8	0.00391949	2	0.00000359815	0.001959745	510.27046886202
3.81	0.00393694	2	0.00000361754	0.00196847	508.008758070989
3.82	0.00395437	2	0.000003643	0.001977185	505.769566327885
3.83	0.00397169	2	0.00000365147	0.001985845	503.56397402617
3.84	0.00398906	2	0.0000036805	0.00199453	501.371250369761
3.85	0.00400644	2	0.00000369096	0.00200322	499.196293966714
3.86	0.00402375	2	0.00000371673	0.002011875	497.048772910842
3.87	0.00404091	2	0.00000372986	0.002020455	494.938021386272
3.88	0.00405816	2	0.00000374579	0.00202908	492.834190864825
3.89	0.00407538	2	0.00000376561	0.00203769	490.75178265585
3.9	0.00409254	2	0.00000378245	0.00204627	488.69406285583
3.91	0.00410982	2	0.00000379189	0.00205491	486.639317537021
3.92	0.00412688	2	0.00000380712	0.00206344	484.627612142829
3.93	0.00414397	2	0.00000384649	0.002071985	482.628976561124
3.94	0.00416112	2	0.00000387946	0.00208056	480.639827738686
3.95	0.00417826	2	0.00000388466	0.00208913	478.668153729064
3.96	0.00419533	2	0.00000390009	0.002097665	476.720544033485
3.97	0.00421234	2	0.00000392199	0.00210617	474.795481846195
3.98	0.00422941	2	0.0000039166	0.002114705	472.879195916215
3.99	0.00424637	2	0.00000394133	0.002123185	470.990516605948
4	0.00426333	2	0.00000395244	0.002131665	469.116864047587
4.01	0.00428028	2	0.00000398938	0.00214014	467.259151270478
4.02	0.00429719	2	0.00000405113	0.002148595	465.420425906232
4.03	0.00431419	2	0.00000406443	0.002157095	463.58644380521
4.04	0.0043311	2	0.00000405658	0.00216555	461.77645401861
4.05	0.00434792	2	0.00000410347	0.00217396	459.990064214613
4.06	0.00436482	2	0.00000412896	0.00218241	458.209044130113
4.07	0.00438155	2	0.0000041213	0.002190775	456.459472104621
4.08	0.00439833	2	0.00000413745	0.002199165	454.718040710906
4.09	0.00441511	2	0.00000415239	0.002207555	452.989846232597
4.1	0.00443193	2	0.00000417509	0.002215965	451.270665376033
4.11	0.0044486	2	0.00000419193	0.0022243	449.579643033763
4.12	0.00446541	2	0.0000042195	0.002232705	447.887204086523
4.13	0.004482	2	0.00000421387	0.002241	446.229361892012
4.14	0.00449871	2	0.00000423815	0.002249355	444.571888385782
4.15	0.0045154	2	0.00000426195	0.0022577	442.92864419542
4.16	0.00453199	2	0.00000428172	0.002265995	441.307240307238
4.17	0.00454855	2	0.000004304	0.002274275	439.700563915973
4.18	0.00456522	2	0.00000433117	0.00228261	438.094987755245
4.19	0.00458169	2	0.00000435625	0.002290845	436.520148678763
4.2	0.00459818	2	0.00000438878	0.00229909	434.95469946805
4.21	0.00461466	2	0.00000440936	0.00230733	433.401377349577
4.22	0.00463127	2	0.00000440858	0.002315635	431.846987975221
4.23	0.00464775	2	0.00000443415	0.002323875	430.31574417729
4.24	0.00466423	2	0.00000446301	0.002332115	428.795320985457
4.25	0.00468071	2	0.00000446141	0.002340355	427.285604107069
4.26	0.00469712	2	0.00000453217	0.00234856	425.792826242463
4.27	0.00471343	2	0.00000451561	0.002356715	424.319444650711
4.28	0.00472987	2	0.00000456606	0.002364935	422.84460249436
4.29	0.00474618	2	0.00000460925	0.00237309	421.391519074287
4.3	0.00476251	2	0.00000458503	0.002381255	419.94662478399
4.31	0.00477888	2	0.00000460674	0.00238944	418.508102316861
4.32	0.00479501	2	0.00000464184	0.002397505	417.100277163134
4.33	0.00481133	2	0.00000464869	0.002405665	415.685475741635
4.34	0.00482761	2	0.00000466174	0.002413805	414.283672459043
4.35	0.00484393	2	0.00000469341	0.002421965	412.887882359985
4.36	0.00486008	2	0.00000472677	0.00243004	411.515859821237
4.37	0.00487627	2	0.00000478996	0.002438135	410.149561037432
4.38	0.00489243	2	0.00000476754	0.002446215	408.794811576252
4.39	0.00490858	2	0.00000478067	0.00245429	407.449812369361
4.4	0.00492472	2	0.00000483022	0.00246236	406.114459299209
4.41	0.0049409	2	0.00000484412	0.00247045	404.784553421441
4.42	0.00495692	2	0.00000488724	0.00247846	403.476352250995
4.43	0.00497305	2	0.00000489773	0.002486525	402.167683815767
4.44	0.00498896	2	0.00000491592	0.00249448	400.885154420962
4.45	0.00500497	2	0.00000494501	0.002502485	399.602794821947
4.46	0.00502107	2	0.0000049692	0.002510535	398.321473311465
4.47	0.00503705	2	0.00000498671	0.002518525	397.057801689481
4.48	0.00505307	2	0.00000501382	0.002526535	395.79898952518
4.49	0.00506898	2	0.00000501346	0.00253449	394.556695824407
4.5	0.00508488	2	0.00000505005	0.00254244	393.322949607464
4.51	0.00510085	2	0.0000050904	0.002550425	392.091514159405
4.52	0.00511674	2	0.00000514838	0.00255837	390.873876726197
4.53	0.00513256	2	0.00000514175	0.00256628	389.669093006219
4.54	0.0051484	2	0.00000514869	0.0025742	388.470204335327
4.55	0.00516426	2	0.00000516598	0.00258213	387.277170398082
4.56	0.00517998	2	0.00000519966	0.00258999	386.101876841223
4.57	0.0051958	2	0.00000521239	0.0025979	384.926286616113
4.58	0.00521164	2	0.00000521885	0.00260582	383.75636076168
4.59	0.00522755	2	0.00000526869	0.002613775	382.588401832598
4.6	0.00524319	2	0.00000528527	0.002621595	381.447172427473
4.61	0.00525894	2	0.00000531756	0.00262947	380.304776247685
4.62	0.00527465	2	0.00000534296	0.002637325	379.172077768193
4.63	0.00529031	2	0.00000537348	0.002645155	378.049679508384
4.64	0.00530601	2	0.00000539218	0.002653005	376.931064962184
4.65	0.00532164	2	0.00000542444	0.00266082	375.82399410708
4.66	0.00533716	2	0.00000546389	0.00266858	374.731130413928
4.67	0.00535282	2	0.00000548745	0.00267641	373.634831733553
4.68	0.00536838	2	0.00000548355	0.00268419	372.551868533897
4.69	0.00538401	2	0.00000552807	0.002692005	371.470335307698
4.7	0.00539957	2	0.00000553773	0.002699785	370.399865174449
4.71	0.00541507	2	0.00000559316	0.002707535	369.339639192106
4.72	0.0054306	2	0.00000561594	0.0027153	368.283430928443
4.73	0.00544605	2	0.00000560374	0.002723025	367.23864084979
4.74	0.00546152	2	0.00000564041	0.00273076	366.198420952409
4.75	0.00547696	2	0.00000569179	0.00273848	365.166077532062
4.76	0.0054924	2	0.00000569658	0.0027462	364.139538271065
4.77	0.00550792	2	0.00000571888	0.00275396	363.11348022484
4.78	0.00552325	2	0.00000575325	0.002761625	362.105644321731
4.79	0.0055387	2	0.00000576488	0.00276935	361.095563940997
4.8	0.00555405	2	0.0000057778	0.002777025	360.097586445927
4.81	0.00556937	2	0.00000581681	0.002784685	359.107044423337
4.82	0.00558476	2	0.00000586072	0.00279238	358.117448198311
4.83	0.00560003	2	0.00000591389	0.002800015	357.140943887801
4.84	0.00561528	2	0.00000590284	0.00280764	356.17101907652
4.85	0.00563052	2	0.00000592638	0.00281526	355.206979106726
4.86	0.00564585	2	0.00000599552	0.002822925	354.242496701117
4.87	0.00566112	2	0.00000598459	0.00283056	353.286982081284
4.88	0.00567624	2	0.00000600687	0.00283812	352.345919129565
4.89	0.00569144	2	0.00000607592	0.00284572	351.404916857597
4.9	0.00570667	2	0.00000609998	0.002853335	350.467085007544
4.91	0.00572189	2	0.0000060858	0.002860945	349.534856489726
4.92	0.00573699	2	0.00000611704	0.002868495	348.61486598373
4.93	0.00575208	2	0.00000608971	0.00287604	347.700310148677
4.94	0.00576735	2	0.00000621145	0.002883675	346.779716854361
4.95	0.00578246	2	0.000006196	0.00289123	345.873555545564
4.96	0.00579746	2	0.00000622624	0.00289873	344.978663069689
4.97	0.00581246	2	0.000006302	0.00290623	344.088389425476
4.98	0.00582754	2	0.00000627165	0.00291377	343.197987487001
4.99	0.00584274	2	0.00000630588	0.00292137	342.305151350223
5	0.0058576	2	0.00000634651	0.0029288	341.436765910953
