0	9.31025E-11	5	-0.000000000386262	0.000000001	1000000000
0.05	2.79188E-11	5	0.0000000036563	0.000000001	1000000000
0.1	2.13504E-11	5	0.00000000727611	0.000000001	1000000000
0.15	3.24488E-11	5	0.0000000109519	0.000000001	1000000000
0.2	8.27074E-11	5	0.0000000146091	0.000000001	1000000000
0.25	0.000000000247264	5	0.0000000183985	0.000000001	1000000000
0.3	0.000000000810599	5	0.0000000224014	0.000000001	1000000000
0.35	0.00000000246189	5	0.0000000271722	0.000000001	1000000000
0.4	0.00000000757457	5	0.0000000344264	0.000000001514914	660103477.821183
0.45	0.0000000250157	5	0.0000000503471	0.00000000500314	199874478.827296
0.5	0.0000000873933	5	0.0000000979635	0.00000001747866	57212623.8510275
0.55	0.000000343097	5	0.000000149256	0.0000000686194	14573138.2087281
0.6	0.00000116832	5	0.000000170658	0.000000233664	4279649.41112024
0.65	0.0000031369	5	0.000000188638	0.00000062738	1593930.3133667
0.7	0.00000687385	5	0.000000205159	0.00000137477	727394.400517905
0.75	0.0000128782	5	0.000000222808	0.00000257564	388253.01672594
0.8	0.0000214	5	0.00000023982	0.00000428	233644.859813084
0.85	0.0000326107	5	0.000000258026	0.00000652214	153323.909023725
0.9	0.0000466144	5	0.00000027612	0.00000932288	107262.991693554
0.95	0.0000634415	5	0.000000294215	0.0000126883	78812.7645153409
1	0.0000830806	5	0.000000313228	0.00001661612	60182.521551361
1.05	0.000105551	5	0.000000332544	0.0000211102	47370.4654621936
1.1	0.000130825	5	0.000000352268	0.000026165	38218.9948404357
1.15	0.000158845	5	0.000000372533	0.000031769	31477.2262268249
1.2	0.000189623	5	0.00000039289	0.0000379246	26368.1093538231
1.25	0.00022312	5	0.000000414367	0.000044624	22409.4657583363
1.3	0.00025922	5	0.000000436639	0.000051844	19288.6351361778
1.35	0.000297982	5	0.000000459086	0.0000595964	16779.5370190146
1.4	0.000339299	5	0.000000481448	0.0000678598	14736.265064147
1.45	0.000383182	5	0.000000505233	0.0000766364	13048.629632916
1.5	0.000429579	5	0.000000528872	0.0000859158	11639.3026660987
1.55	0.000478378	5	0.000000553461	0.0000956756	10451.9856682373
1.6	0.000529663	5	0.000000578156	0.0001059326	9439.96465677232
1.65	0.000583307	5	0.000000604853	0.0001166614	8571.81552767239
1.7	0.000639247	5	0.00000063153	0.0001278494	7821.70272210898
1.75	0.000697591	5	0.000000659011	0.0001395182	7167.52366357938
1.8	0.000758165	5	0.00000068695	0.000151633	6594.87050971754
1.85	0.000820941	5	0.000000713763	0.0001641882	6090.57167323839
1.9	0.000885982	5	0.000000743129	0.0001771964	5643.45551038283
1.95	0.000953124	5	0.000000772555	0.0001906248	5245.90714324684
2	0.00102415	5	0.000000803041	0.00020483	4882.09734902114
2.05	0.00109785	5	0.000000836588	0.00021957	4554.35624174523
2.1	0.00117146	5	0.000000868081	0.000234292	4268.17817082956
2.15	0.00124725	5	0.000000897876	0.00024945	4008.81940268591
2.2	0.00132489	5	0.000000931585	0.000264978	3773.89821041747
2.25	0.00140458	5	0.000000965445	0.000280916	3559.78299562859
2.3	0.00148615	5	0.000000998108	0.00029723	3364.39794098846
2.35	0.0015697	5	0.00000103318	0.00031394	3185.32203605785
2.4	0.0016552	5	0.00000106987	0.00033104	3020.78298695022
2.45	0.00174252	5	0.00000110664	0.000348504	2869.40752473429
2.5	0.00183181	5	0.00000114314	0.000366362	2729.54072747719
2.55	0.00192268	5	0.00000118334	0.000384536	2600.53675078536
2.6	0.00201466	5	0.00000122069	0.000402932	2481.80834483238
2.65	0.00210914	5	0.0000012612	0.000421828	2370.63447661132
2.7	0.00220546	5	0.00000129984	0.000441092	2267.10074088852
2.75	0.00230343	5	0.00000134099	0.000460686	2170.67590506332
2.8	0.00240314	5	0.00000138354	0.000480628	2080.61120034621
2.85	0.0025044	5	0.00000142496	0.00050088	1996.4861843156
2.9	0.00260741	5	0.00000146892	0.000521482	1917.61172964743
2.95	0.00271198	5	0.00000151221	0.000542396	1843.671413506
3	0.00281818	5	0.0000015559	0.000563636	1774.19469302883
3.05	0.00292586	5	0.00000160467	0.000585172	1708.8992638062
3.1	0.00303525	5	0.00000165036	0.00060705	1647.31076517585
3.15	0.00314608	5	0.00000169943	0.000629216	1589.27935716829
3.2	0.00325845	5	0.00000174901	0.00065169	1534.47191149166
3.25	0.00337225	5	0.00000179355	0.00067445	1482.68959893246
3.3	0.00348754	5	0.00000184505	0.000697508	1433.67531268459
3.35	0.00360432	5	0.00000190059	0.000720864	1387.2242198251
3.4	0.0037224	5	0.00000195179	0.00074448	1343.21942832581
3.45	0.00384194	5	0.0000019941	0.000768388	1301.42584215266
3.5	0.00396305	5	0.00000205268	0.00079261	1261.65453375557
3.55	0.00408529	5	0.00000211068	0.000817058	1223.90332142883
3.6	0.00420891	5	0.00000216296	0.000841782	1187.95602661972
3.65	0.00433401	5	0.00000221779	0.000866802	1153.66600446238
3.7	0.00446051	5	0.00000227474	0.000892102	1120.94805302533
3.75	0.00458818	5	0.00000234252	0.000917636	1089.75672270922
3.8	0.00471707	5	0.00000239582	0.000943414	1059.98002997624
3.85	0.00484737	5	0.00000245451	0.000969474	1031.4871775829
3.9	0.00497868	5	0.00000252004	0.000995736	1004.28225955474
3.95	0.00511145	5	0.00000258501	0.00102229	978.196010916667
4	0.00524531	5	0.00000264746	0.001049062	953.232506753652
4.05	0.00538036	5	0.00000270308	0.001076072	929.305845705492
4.1	0.00551651	5	0.00000276868	0.001103302	906.370150693101
4.15	0.00565389	5	0.00000284136	0.001130778	884.346883296279
4.2	0.00579272	5	0.00000290856	0.001158544	863.15237056167
4.25	0.0059323	5	0.00000297147	0.00118646	842.843416550073
4.3	0.00607301	5	0.00000304145	0.001214602	823.314962432138
4.35	0.00621495	5	0.00000311448	0.00124299	804.5117016227
4.4	0.00635792	5	0.00000318417	0.001271584	786.420716209075
4.45	0.00650205	5	0.00000324819	0.00130041	768.988242169777
4.5	0.00664716	5	0.00000332964	0.001329432	752.200939950295
4.55	0.00679332	5	0.00000340159	0.001358664	736.017146255439
4.6	0.00694046	5	0.00000347799	0.001388092	720.41334436046
4.65	0.00708867	5	0.0000035518	0.001417734	705.35093324982
4.7	0.00723789	5	0.00000362925	0.001447578	690.809061756948
4.75	0.00738796	5	0.00000370926	0.001477592	676.776809836545
4.8	0.00753918	5	0.00000378371	0.001507836	663.202098902003
4.85	0.00769116	5	0.0000038703	0.001538232	650.096994471575
4.9	0.00784423	5	0.00000394466	0.001568846	637.411192685579
4.95	0.00799803	5	0.00000402744	0.001599606	625.153944158749
5	0.00815296	5	0.00000411862	0.001630592	613.27419734673
5.05	0.0083082	5	0.00000420584	0.00166164	601.81507426398
5.1	0.00846477	5	0.00000429422	0.001692954	590.683503509251
5.15	0.00862221	5	0.00000438166	0.001724442	579.897729236472
5.2	0.00877928	5	0.00000447469	0.001755856	569.522785467601
5.25	0.00893829	5	0.00000456373	0.001787658	559.391113960277
5.3	0.00909812	5	0.00000464925	0.001819624	549.56408576717
5.35	0.00925876	5	0.00000475111	0.001851752	540.029118370063
5.4	0.00942022	5	0.00000484346	0.001884044	530.773166656405
5.45	0.00958222	5	0.00000493448	0.001916444	521.79974995356
5.5	0.00974518	5	0.0000050409	0.001949036	513.074155633862
5.55	0.00990885	5	0.00000513221	0.00198177	504.599423747458
5.6	0.0100733	5	0.00000525617	0.00201466	496.361668966476
5.65	0.0102382	5	0.00000534593	0.00204764	488.367095778555
5.7	0.0104039	5	0.00000545499	0.00208078	480.589009890522
5.75	0.0105701	5	0.0000055662	0.00211402	473.032421642179
5.8	0.0107373	5	0.0000056616	0.00214746	465.666415206802
5.85	0.010905	5	0.00000576174	0.002181	458.505272810637
5.9	0.011073	5	0.00000586238	0.0022146	451.548812426623
5.95	0.0112417	5	0.00000598315	0.00224834	444.77258777587
6	0.0114111	5	0.00000608831	0.00228222	438.169852161492
6.05	0.0115807	5	0.00000620999	0.00231614	431.752830139802
6.1	0.0117512	5	0.00000632285	0.00235024	425.488460752944
6.15	0.011922	5	0.0000064449	0.0023844	419.392719342392
6.2	0.0120932	5	0.00000656762	0.00241864	413.455495650448
6.25	0.0122648	5	0.00000667486	0.00245296	407.670732502772
6.3	0.0124365	5	0.00000679421	0.0024873	402.042375266353
6.35	0.0126085	5	0.00000689672	0.0025217	396.557877622239
6.4	0.012781	5	0.00000703753	0.0025562	391.205695954933
6.45	0.0129537	5	0.00000715205	0.00259074	385.990103213754
6.5	0.0131266	5	0.00000729679	0.00262532	380.90594670364
6.55	0.0132994	5	0.00000741146	0.00265988	375.956810081658
6.6	0.013472	5	0.00000753378	0.0026944	371.140142517815
6.65	0.0136449	5	0.00000767965	0.00272898	366.437276931308
6.7	0.0138174	5	0.00000782265	0.00276348	361.862579066974
6.75	0.0139904	5	0.00000796488	0.00279808	357.387923147301
6.8	0.014163	5	0.00000810673	0.0028326	353.032549601073
6.85	0.0143354	5	0.0000082736	0.00286708	348.786919095386
6.9	0.0145078	5	0.000008398	0.00290156	344.642192475772
6.95	0.0146795	5	0.00000854664	0.0029359	340.611056234885
7	0.0148511	5	0.00000869244	0.00297022	336.675397781982
7.05	0.0150223	5	0.00000885881	0.00300446	332.838513410064
7.1	0.0151934	5	0.00000899628	0.00303868	329.090262877302
7.15	0.0153638	5	0.00000915092	0.00307276	325.44032075398
7.2	0.0155338	5	0.00000928592	0.00310676	321.878741840374
7.25	0.0157032	5	0.00000949342	0.00314064	318.406439451831
7.3	0.0158722	5	0.0000096132	0.00317444	315.01619183226
7.35	0.0160405	5	0.00000977768	0.0032081	311.710981577881
7.4	0.0162082	5	0.00000994117	0.00324164	308.485828161054
7.45	0.0163765	5	0.0000101338	0.0032753	305.315543614325
7.5	0.0165431	5	0.0000102981	0.00330862	302.240813390477
7.55	0.016709	5	0.0000104747	0.0033418	299.239930576336
7.6	0.0168743	5	0.0000106653	0.00337486	296.308587615486
7.65	0.0170388	5	0.0000108327	0.00340776	293.447895391694
7.7	0.0172027	5	0.000011018	0.00344054	290.652048806292
7.75	0.0173659	5	0.0000111998	0.00347318	287.920579987216
7.8	0.0175275	5	0.000011391	0.0035055	285.266010554842
7.85	0.0176891	5	0.0000115946	0.00353782	282.659943128819
7.9	0.0178501	5	0.0000117725	0.00357002	280.110475571565
7.95	0.0180104	5	0.000011996	0.00360208	277.617376626838
8	0.0181699	5	0.0000121745	0.00363398	275.180380739575
8.05	0.0183286	5	0.0000123774	0.00366572	272.797704134522
8.1	0.0184866	5	0.0000126002	0.00369732	270.466175500092
8.15	0.0186439	5	0.0000128258	0.00372878	268.184231839905
8.2	0.0188004	5	0.0000130232	0.00376008	265.951788259824
8.25	0.0189561	5	0.000013239	0.00379122	263.767336108166
8.3	0.0191111	5	0.0000134478	0.00382222	261.628059086081
8.35	0.0192651	5	0.0000136976	0.00385302	259.536675127562
8.4	0.0194181	5	0.0000139076	0.00388362	257.491721641149
8.45	0.0195704	5	0.0000141556	0.00391408	255.487879654989
8.5	0.0197221	5	0.0000143928	0.00394442	253.522697887142
8.55	0.019873	5	0.0000145868	0.0039746	251.597645046042
8.6	0.0200228	5	0.0000148657	0.00400456	249.715324530036
8.65	0.0201721	5	0.0000150904	0.00403442	247.867103573748
8.7	0.0203205	5	0.0000153222	0.0040641	246.056937575355
8.75	0.0204685	5	0.000015559	0.0040937	244.277792705865
8.8	0.0206158	5	0.0000158119	0.00412316	242.532426585434
8.85	0.020762	5	0.0000161331	0.0041524	240.824583373471
8.9	0.0209038	5	0.0000163815	0.00418076	239.190960495221
8.95	0.0210471	5	0.0000166259	0.00420942	237.56241952573
9	0.0211908	5	0.0000168715	0.00423816	235.951450629518
9.05	0.0213332	5	0.0000171504	0.00426664	234.376464852905
9.1	0.0214754	5	0.0000174317	0.00429508	232.824534118107
9.15	0.0216169	5	0.0000177141	0.00432338	231.300510248926
9.2	0.0217571	5	0.0000179773	0.00435142	229.810039021745
9.25	0.021897	5	0.0000182607	0.0043794	228.341781979267
9.3	0.0220357	5	0.0000185571	0.00440714	226.904523114764
9.35	0.0221737	5	0.0000188361	0.00443474	225.49236257368
9.4	0.0222024	5	0.0000191802	0.00444048	225.200879184232
9.45	0.0223383	5	0.000019492	0.00446766	223.830819713228
9.5	0.0224415	5	0.0000197472	0.0044883	222.801506138182
9.55	0.0225742	5	0.0000200775	0.00451484	221.491791514206
9.6	0.0227073	5	0.0000204366	0.00454146	220.193506053119
9.65	0.0228388	5	0.0000207196	0.00456776	218.925687864511
9.7	0.0229699	5	0.0000210254	0.00459398	217.676176213218
9.75	0.0230998	5	0.000021401	0.00461996	216.45209049429
9.8	0.0232376	5	0.0000217078	0.00464752	215.168519984852
9.85	0.0233449	5	0.0000220328	0.00466898	214.179542426826
9.9	0.0234823	5	0.0000224128	0.00469646	212.926331747742
9.95	0.0236121	5	0.0000226994	0.00472242	211.755837049648
10	0.0237395	5	0.0000230557	0.0047479	210.619431748773
