0	0.000000000153631	5	-0.000000000945811	0.000000001	1000000000
0.05	0.000000000109041	5	0.0000000043772	0.000000001	1000000000
0.1	0.000000000139785	5	0.00000000879866	0.000000001	1000000000
0.15	0.000000000428557	5	0.0000000133761	0.000000001	1000000000
0.2	0.00000000119543	5	0.0000000182671	0.000000001	1000000000
0.25	0.00000000279768	5	0.0000000240289	0.000000001	1000000000
0.3	0.00000000742458	5	0.0000000320467	0.000000001484916	673438766.90668
0.35	0.000000019924	5	0.0000000469774	0.0000000039848	250953623.770327
0.4	0.0000000577424	5	0.0000000826333	0.00000001154848	86591482.169082
0.45	0.000000170465	5	0.000000177261	0.000000034093	29331534.3325609
0.5	0.000000530861	5	0.000000310334	0.0000001061722	9418661.38216972
0.55	0.00000151449	5	0.00000036264	0.000000302898	3301441.40931931
0.6	0.00000353842	5	0.000000403993	0.000000707684	1413060.0663573
0.65	0.0000070309	5	0.000000442965	0.00000140618	711146.510404073
0.7	0.0000123287	5	0.000000480406	0.00000246574	405557.763592268
0.75	0.0000195933	5	0.000000518711	0.00000391866	255189.27388444
0.8	0.000028969	5	0.000000557353	0.0000057938	172598.294728848
0.85	0.0000405171	5	0.000000596326	0.00000810342	123404.685922734
0.9	0.000054295	5	0.000000635782	0.000010859	92089.5110046966
0.95	0.0000703104	5	0.000000676184	0.00001406208	71113.2350263972
1	0.0000885392	5	0.000000717013	0.00001770784	56472.1614832752
1.05	0.000109007	5	0.000000759213	0.0000218014	45868.6139422239
1.1	0.00013168	5	0.00000080147	0.000026336	37970.8383961118
1.15	0.000156531	5	0.000000842911	0.0000313062	31942.5545099693
1.2	0.000183564	5	0.000000887532	0.0000367128	27238.4563422022
1.25	0.000212748	5	0.000000933518	0.0000425496	23501.9835674131
1.3	0.000244023	5	0.000000979603	0.0000488046	20489.8718563414
1.35	0.000277398	5	0.00000102338	0.0000554796	18024.6432923092
1.4	0.000312824	5	0.00000106983	0.0000625648	15983.4283814541
1.45	0.000350305	5	0.00000111911	0.000070061	14273.2761450736
1.5	0.000389782	5	0.00000116968	0.0000779564	12827.6831664879
1.55	0.000431217	5	0.0000012174	0.0000862434	11595.0901750163
1.6	0.000474626	5	0.00000127144	0.0000949252	10534.6104090379
1.65	0.000519954	5	0.00000132179	0.0001039908	9616.2352823519
1.7	0.000567138	5	0.00000137406	0.0001134276	8816.19641075012
1.75	0.000616242	5	0.00000142881	0.0001232484	8113.6955936142
1.8	0.000667188	5	0.00000148453	0.0001334376	7494.13958284621
1.85	0.000719904	5	0.0000015404	0.0001439808	6945.37049384362
1.9	0.000774451	5	0.00000160012	0.0001548902	6456.18638235344
1.95	0.000830709	5	0.00000165494	0.0001661418	6018.95489274824
2	0.000888754	5	0.00000171569	0.0001777508	5625.85372330251
2.05	0.000950398	5	0.00000177664	0.0001900796	5260.95383197355
2.1	0.0010136	5	0.00000183853	0.00020272	4932.91239147593
2.15	0.0010769	5	0.00000189902	0.00021538	4642.95663478503
2.2	0.00114171	5	0.00000196216	0.000228342	4379.39581855287
2.25	0.00120828	5	0.00000202394	0.000241656	4138.11368225908
2.3	0.00127635	5	0.00000209627	0.00025527	3917.42077016492
2.35	0.00134604	5	0.00000215925	0.000269208	3714.59986330273
2.4	0.00141721	5	0.00000222592	0.000283442	3528.05865044701
2.45	0.00149002	5	0.00000229667	0.000298004	3355.65965557509
2.5	0.00156435	5	0.00000237033	0.00031287	3196.21568063413
2.55	0.00164019	5	0.00000244349	0.000328038	3048.4273163475
2.6	0.00171699	5	0.00000251305	0.000343398	2912.07287171154
2.65	0.00179561	5	0.00000259099	0.000359122	2784.56903225088
2.7	0.00187581	5	0.00000266155	0.000375162	2665.51516411577
2.75	0.00195741	5	0.00000273371	0.000391482	2554.39585983519
2.8	0.00204036	5	0.00000280856	0.000408072	2450.54794251995
2.85	0.00212477	5	0.00000289034	0.000424954	2353.19587531827
2.9	0.00221046	5	0.00000297542	0.000442092	2261.97262108339
2.95	0.00229747	5	0.00000305736	0.000459494	2176.30698115753
3	0.00238592	5	0.00000313629	0.000477184	2095.62768240343
3.05	0.00247558	5	0.00000322579	0.000495116	2019.72871003967
3.1	0.00256663	5	0.0000033143	0.000513326	1948.07977776306
3.15	0.00265898	5	0.00000339877	0.000531796	1880.42031154804
3.2	0.00275259	5	0.00000349115	0.000550518	1816.47103273644
3.25	0.0028474	5	0.00000358705	0.00056948	1755.98791880312
3.3	0.00294341	5	0.00000366865	0.000588682	1698.70999962628
3.35	0.00304071	5	0.00000376253	0.000608142	1644.35279918177
3.4	0.00313913	5	0.00000384494	0.000627826	1592.79800454266
3.45	0.00323873	5	0.000003946	0.000647746	1543.81501390977
3.5	0.00333953	5	0.0000040394	0.000667906	1497.21667420266
3.55	0.0034414	5	0.00000414667	0.00068828	1452.89707677108
3.6	0.00354455	5	0.00000424164	0.00070891	1410.61629826071
3.65	0.00364871	5	0.00000434455	0.000729742	1370.34732823381
3.7	0.00375399	5	0.00000445668	0.000750798	1331.91617452364
3.75	0.00386031	5	0.00000454266	0.000772062	1295.23276628043
3.8	0.00396788	5	0.0000046533	0.000793576	1260.11875359134
3.85	0.00407638	5	0.00000476332	0.000815276	1226.57848385087
3.9	0.00418605	5	0.00000486436	0.00083721	1194.4434490749
3.95	0.00429659	5	0.00000496666	0.000859318	1163.71354958234
4	0.00440822	5	0.00000508204	0.000881644	1134.24466111038
4.05	0.00452092	5	0.00000518933	0.000904184	1105.96958141263
4.1	0.0046348	5	0.00000529964	0.00092696	1078.79520151894
4.15	0.0047493	5	0.0000054251	0.00094986	1052.78672646495
4.2	0.00486487	5	0.00000553247	0.000972974	1027.77669290238
4.25	0.00498146	5	0.00000564682	0.000996292	1003.72180043602
4.3	0.0050989	5	0.00000577333	0.00101978	980.603659612858
4.35	0.00521746	5	0.00000590016	0.001043492	958.320715443913
4.4	0.00533673	5	0.00000601287	0.001067346	936.903309704632
4.45	0.00545682	5	0.00000614702	0.001091364	916.284575998475
4.5	0.00557801	5	0.00000627034	0.001115602	896.377023347036
4.55	0.0057001	5	0.00000639277	0.00114002	877.177593375555
4.6	0.00582314	5	0.00000652712	0.001164628	858.643274934142
4.65	0.00594705	5	0.00000665979	0.00118941	840.752978367426
4.7	0.00607164	5	0.00000679419	0.001214328	823.500734562655
4.75	0.00619705	5	0.0000069419	0.00123941	806.835510444486
4.8	0.00632344	5	0.00000707414	0.001264688	790.708854674038
4.85	0.00645055	5	0.00000721542	0.00129011	775.127702288952
4.9	0.00657836	5	0.00000735383	0.001315672	760.067858858439
4.95	0.00670684	5	0.00000749379	0.001341368	745.507571374895
5	0.00683607	5	0.00000765001	0.001367214	731.41439452785
5.05	0.00696631	5	0.00000778532	0.001393262	717.740094827821
5.1	0.00709724	5	0.00000794775	0.001419448	704.499213778877
5.15	0.00722894	5	0.00000808756	0.001445788	691.664338063395
5.2	0.00736041	5	0.00000826921	0.001472082	679.30998409056
5.25	0.00749334	5	0.00000838901	0.001498668	667.2591928299
5.3	0.00762718	5	0.00000854959	0.001525436	655.550282017731
5.35	0.00776157	5	0.00000871498	0.001552314	644.199562717337
5.4	0.00789667	5	0.00000889079	0.001579334	633.178289076282
5.45	0.00803247	5	0.00000904538	0.001606494	622.473535537637
5.5	0.00816869	5	0.0000092168	0.001633738	612.093248733885
5.55	0.00830562	5	0.00000935276	0.001661124	602.002017910764
5.6	0.00844305	5	0.00000952201	0.00168861	592.203054583356
5.65	0.00858121	5	0.00000970391	0.001716242	582.668411564336
5.7	0.00871957	5	0.00000988176	0.001743914	573.422771994491
5.75	0.00885891	5	0.0000100437	0.001771782	564.403521426451
5.8	0.00899863	5	0.0000102376	0.001799726	555.640136331864
5.85	0.00913898	5	0.0000104143	0.001827796	547.107007565396
5.9	0.00927946	5	0.0000105995	0.001855892	538.824457457654
5.95	0.00942059	5	0.0000107643	0.001884118	530.752320183768
6	0.00956215	5	0.0000109536	0.00191243	522.894955632363
6.05	0.00970392	5	0.0000111485	0.001940784	515.255690483846
6.1	0.00984606	5	0.0000113336	0.001969212	507.817340134023
6.15	0.00998849	5	0.0000115358	0.001997698	500.576163163802
6.2	0.0101315	5	0.00001171	0.0020263	493.510339041603
6.25	0.0102742	5	0.000011925	0.00205484	486.655895349516
6.3	0.0104172	5	0.0000121223	0.00208344	479.975425258227
6.35	0.0105603	5	0.0000123276	0.00211206	473.471397592871
6.4	0.0107033	5	0.0000125499	0.00214066	467.145646669719
6.45	0.0108465	5	0.0000127464	0.0021693	460.978195731342
6.5	0.0109894	5	0.0000129611	0.00219788	454.983893570168
6.55	0.011132	5	0.0000131815	0.0022264	449.155587495508
6.6	0.0112747	5	0.0000134322	0.00225494	443.470779710325
6.65	0.0114171	5	0.0000136106	0.00228342	437.939581855287
6.7	0.0115592	5	0.0000138515	0.00231184	432.5558862205
6.75	0.0117009	5	0.0000140927	0.00234018	427.317556769137
6.8	0.0118422	5	0.0000143184	0.00236844	422.218844471466
6.85	0.0119832	5	0.000014543	0.00239664	417.250817811603
6.9	0.0121237	5	0.0000147583	0.00242474	412.415351749054
6.95	0.0122641	5	0.0000150309	0.00245282	407.694001190467
7	0.0124036	5	0.000015241	0.00248072	403.108774871811
7.05	0.0125425	5	0.0000155425	0.0025085	398.644608331672
7.1	0.0126811	5	0.0000157946	0.00253622	394.287561804575
7.15	0.0128192	5	0.0000160465	0.00256384	390.039940089865
7.2	0.0129565	5	0.0000163483	0.0025913	385.906687762899
7.25	0.0130931	5	0.0000166188	0.00261862	381.880532494214
7.3	0.0132293	5	0.0000167934	0.00264586	377.948946656286
7.35	0.0133649	5	0.0000171013	0.00267298	374.114284431608
7.4	0.0134996	5	0.000017343	0.00269992	370.381344632434
7.45	0.0136338	5	0.0000176495	0.00272676	366.735612961903
7.5	0.0137673	5	0.0000179737	0.00275346	363.179417896029
7.55	0.0139001	5	0.0000182823	0.00278002	359.709642376674
7.6	0.014032	5	0.0000185755	0.0028064	356.328392246294
7.65	0.0141634	5	0.000018899	0.00283268	353.022579324174
7.7	0.0142938	5	0.000019169	0.00285876	349.802012061173
7.75	0.0144239	5	0.0000194986	0.00288478	346.646884684447
7.8	0.0145521	5	0.0000197775	0.00291042	343.593020938559
7.85	0.0146805	5	0.0000201106	0.0029361	340.587854637104
7.9	0.0148084	5	0.000020437	0.00296168	337.646200804949
7.95	0.0149353	5	0.000020752	0.00298706	334.777339591438
8	0.0150618	5	0.0000211025	0.00301236	331.965634917473
8.05	0.0151874	5	0.0000213756	0.00303748	329.220274701397
8.1	0.0153121	5	0.0000216963	0.00306242	326.539142246981
8.15	0.0154365	5	0.0000219844	0.0030873	323.907621546335
8.2	0.0155599	5	0.0000223023	0.00311198	321.338826085001
8.25	0.0156826	5	0.0000226161	0.00313652	318.824684682387
8.3	0.0158048	5	0.000023001	0.00316096	316.359586960923
8.35	0.0159262	5	0.0000234037	0.00318524	313.948085544574
8.4	0.0160467	5	0.000023742	0.00320934	311.5905450965
8.45	0.0161667	5	0.0000240846	0.00323334	309.277712829458
8.5	0.0162859	5	0.0000245003	0.00325718	307.014042822319
8.55	0.0164044	5	0.0000248441	0.00328088	304.796274170345
8.6	0.0165223	5	0.0000252664	0.00330446	302.62130575041
8.65	0.0166395	5	0.0000255922	0.0033279	300.489798371345
8.7	0.016756	5	0.00002608	0.0033512	298.4005729291
8.75	0.016872	5	0.0000263965	0.0033744	296.348980559507
8.8	0.0169872	5	0.0000267941	0.00339744	294.33926721296
8.85	0.0171018	5	0.0000272209	0.00342036	292.366885357097
8.9	0.0172154	5	0.0000275951	0.00344308	290.437631423028
8.95	0.0173285	5	0.000028066	0.0034657	288.541997287705
9	0.017441	5	0.0000284624	0.0034882	286.680809586606
9.05	0.0175527	5	0.0000288604	0.00351054	284.856460829388
9.1	0.0176632	5	0.0000293082	0.00353264	283.074414602111
9.15	0.0177737	5	0.0000297746	0.00355474	281.31452651952
9.2	0.0178836	5	0.0000301971	0.00357672	279.585765729495
9.25	0.0179927	5	0.0000307005	0.00359854	277.890477804888
9.3	0.0181014	5	0.0000311431	0.00362028	276.221728706067
9.35	0.0182093	5	0.0000315674	0.00364186	274.584964825666
9.4	0.0183167	5	0.0000320476	0.00366334	272.974935441428
9.45	0.0184235	5	0.0000325381	0.0036847	271.392514994436
9.5	0.0185294	5	0.0000330501	0.00370588	269.841441169169
9.55	0.0186348	5	0.0000335341	0.00372696	268.315195226136
9.6	0.0187399	5	0.0000341088	0.00374798	266.810388529288
9.65	0.0188443	5	0.0000346478	0.00376886	265.332222475762
9.7	0.0189479	5	0.0000350876	0.00378958	263.881485547211
9.75	0.0190512	5	0.0000355993	0.00381024	262.450659276056
9.8	0.0191537	5	0.0000361727	0.00383074	261.046168625383
9.85	0.0192556	5	0.0000367267	0.00385112	259.664720912358
9.9	0.019357	5	0.000037213	0.0038714	258.304489332025
9.95	0.019458	5	0.000037841	0.0038916	256.963716723199
10	0.0195579	5	0.0000384403	0.00391158	255.651169092796
