0	-6.18219E-11	0	-8.11219E-11	0	0
-0.2	-0.000000000114846	0	-2.42472E-11	0.00000000057423	1741462480.19086
-0.4	-5.8651E-12	0	-2.51293E-11	1.466275E-11	68200030690.0138
-0.6	-8.28505E-11	0	-2.09332E-11	1.38084166666667E-10	7241959915.75187
-0.8	-0.000000000120497	0	-2.01464E-11	1.5062125E-10	6639169439.90307
-1	-1.25527E-11	0	-2.07663E-11	1.25527E-11	79664136002.613
-1.2	-9.13024E-11	0	-1.75476E-11	7.60853333333333E-11	13143137529.7911
-1.4	-0.00000000012958	0	-1.73211E-11	9.25571428571429E-11	10804136440.8088
-1.6	-1.94669E-11	0	-1.79291E-11	1.21668125E-11	82190795658.2712
-1.8	-0.000000000121069	0	-1.40667E-11	6.72605555555556E-11	14867554865.4073
-2	-0.000000000137365	0	-0.00000000001266	6.86825E-11	14559749572.3074
-2.2	-5.10693E-11	0	-5.37634E-12	2.32133181818182E-11	43078718525.6113
-2.4	-0.00000000018816	0	1.17302E-11	0.0000000000784	12755102040.8163
-2.6	-0.000000000318205	0	3.60608E-11	1.22386538461538E-10	8170833267.86191
-2.8	-0.000000000431252	0	0.000000000070107	1.54018571428571E-10	6492723512.0069
-3	-0.000000000752258	0	8.94904E-11	2.50752666666667E-10	3987993480.95999
-3.2	-0.000000000857699	0	6.50764E-11	2.680309375E-10	3730912592.87932
-3.4	-0.000000000601757	0	1.63674E-11	1.76987352941176E-10	5650121228.33636
-3.6	-0.00000000054729	0	-2.19345E-12	0.000000000152025	6577865482.65088
-3.8	-0.000000000412297	0	-1.00493E-11	1.08499210526316E-10	9216656924.4986
-4	-0.000000000263596	0	-1.07527E-11	0.000000000065899	15174737097.6798
-4.2	-0.000000000324941	0	-8.84533E-12	7.73669047619048E-11	12925423384.5529
-4.4	-0.000000000226486	0	-9.11951E-12	5.14740909090909E-11	19427249366.4068
-4.6	-0.000000000268769	0	-6.62804E-12	5.84280434782609E-11	17115069074.1864
-4.8	-0.000000000254262	0	-6.56843E-12	5.297125E-11	18878165042.3579
-5	-0.000000000106287	0	-4.60148E-12	2.12574E-11	47042441690.8935
-5.2	-0.000000000130343	0	-2.90871E-12	2.50659615384615E-11	39894739264.8627
-5.4	-0.000000000209737	0	-1.80006E-12	3.88401851851852E-11	25746530178.2709
-5.6	-0.000000000122821	0	-3.09944E-13	2.19323214285714E-11	45594808705.3517
-5.8	-0.000000000186527	0	-1.81198E-12	3.21598275862069E-11	31094694065.7385
-6	-0.000000000151992	0	7.15256E-13	0.000000000025332	39475761882.2043
-6.2	-0.000000000220382	0	1.52588E-12	3.55454838709677E-11	28132969117.26
-6.4	-0.000000000154138	0	4.3869E-12	2.40840625E-11	41521234218.6871
-6.6	-0.00000000011946	0	5.20945E-12	0.0000000000181	55248618784.5304
-6.8	-0.000000000119054	0	6.68764E-12	1.75079411764706E-11	57116938532.0947
-7	-0.000000000181746	0	7.35521E-12	2.59637142857143E-11	38515290570.3564
-7.2	-0.000000000214362	0	6.97374E-12	2.97725E-11	33588042656.8142
-7.4	-0.000000000169861	0	8.97646E-12	2.29541891891892E-11	43565032585.4669
-7.6	-0.000000000240123	0	1.00136E-11	3.15951315789474E-11	31650445813.1874
-7.8	-0.000000000148785	0	9.98974E-12	0.000000000019075	52424639580.6029
-8	-0.000000000188756	0	1.15991E-11	2.35945E-11	42382758693.7634
-8.2	-0.000000000214398	0	0.000000000013566	2.61460975609756E-11	38246625434.9388
-8.4	-0.000000000115502	0	1.33991E-11	1.37502380952381E-11	72726013402.3653
-8.6	-0.000000000125146	0	1.43528E-11	1.45518604651163E-11	68719735349.1122
-8.8	-0.000000000190353	0	1.52707E-11	2.16310227272727E-11	46229899187.2994
-9	-0.000000000130355	0	0.000000000016427	1.44838888888889E-11	69042230831.1917
-9.2	-0.000000000194812	0	1.86086E-11	2.11752173913043E-11	47225016939.4082
-9.4	-0.000000000136352	0	1.85728E-11	1.45055319148936E-11	68939216146.4445
-9.6	-0.000000000202119	0	1.97649E-11	2.10540625E-11	47496771703.7983
-9.8	-0.000000000132239	0	1.88828E-11	1.34937755102041E-11	74108243407.7693
-10	-0.000000000162542	0	2.10166E-11	1.62542E-11	61522560322.8704
-10.2	-0.000000000209653	0	2.31266E-11	2.05542156862745E-11	48651819911.9497
-10.4	-0.000000000135088	0	2.24113E-11	1.29892307692308E-11	76986853014.3314
-10.6	-0.000000000228333	0	2.38657E-11	2.15408490566038E-11	46423425435.6576
-10.8	-0.000000000222647	0	2.40564E-11	2.0615462962963E-11	48507278337.458
-11	-0.000000000269771	0	2.61903E-11	2.45246363636364E-11	40775324256.499
-11.2	-0.000000000196087	0	2.57611E-11	1.75077678571429E-11	57117503965.0767
-11.4	-0.000000000212407	0	2.73466E-11	1.86321929824561E-11	53670547580.8236
-11.6	-0.00000000024128	0	2.81572E-11	0.0000000000208	48076923076.9231
-11.8	-0.00000000019263	0	2.83241E-11	1.63245762711864E-11	61257332710.3774
-12	-0.000000000158238	0	3.04461E-11	1.31865E-11	75835134417.7758
-12.2	-0.000000000258994	0	3.11971E-11	2.12290163934426E-11	47105338347.6065
-12.4	-0.000000000254321	0	3.11136E-11	2.05097580645161E-11	48757279186.5398
-12.6	-0.000000000161803	0	3.23892E-11	1.28415079365079E-11	77872474552.3878
-12.8	-0.000000000275016	0	3.31759E-11	2.1485625E-11	46542746603.834
-13	-0.000000000247478	0	3.43919E-11	1.90367692307692E-11	52529921851.6393
-13.2	-0.000000000161612	0	3.47734E-11	1.22433333333333E-11	81677103185.407
-13.4	-0.000000000290096	0	3.60131E-11	2.16489552238806E-11	46191605537.4773
-13.6	-0.000000000251186	0	3.67522E-11	1.84695588235294E-11	54143144920.4972
-13.8	-0.000000000174952	0	3.66688E-11	1.26776811594203E-11	78878778179.1577
-14	-0.000000000307834	0	3.91245E-11	2.19881428571429E-11	45479056894.3002
-14.2	-0.000000000255811	0	3.93033E-11	1.80148591549296E-11	55509731794.1762
-14.4	-0.000000000184739	0	4.00305E-11	1.28290972222222E-11	77947807447.2634
-14.6	-0.000000000314856	0	0.000000000041759	2.15654794520548E-11	46370404248.2913
-14.8	-0.000000000255227	0	4.05431E-11	1.72450675675676E-11	57987595356.2907
-15	-0.000000000193369	0	4.30107E-11	1.28912666666667E-11	77571896219.1458
-15.2	-0.000000000324368	0	4.50373E-11	0.00000000002134	46860356138.7067
-15.4	-0.000000000256562	0	4.39048E-11	1.66598701298701E-11	60024477514.2071
-15.6	-0.000000000210154	0	4.51565E-11	1.34714102564103E-11	74231278015.1698
-15.8	-0.000000000340056	0	4.86374E-11	2.15225316455696E-11	46462935516.5032
-16	-0.000000000270414	0	4.67062E-11	1.6900875E-11	59168534173.5265
-16.2	-0.000000000212383	0	4.78864E-11	1.31100617283951E-11	76277291496.9654
-16.4	-0.000000000351882	0	5.02586E-11	2.14562195121951E-11	46606532871.815
-16.6	-0.000000000276184	0	4.83036E-11	1.66375903614458E-11	60104857631.1445
-16.8	-0.000000000214458	0	5.13196E-11	1.27653571428571E-11	78337017038.3012
-17	-0.000000000360882	0	5.23448E-11	2.12283529411765E-11	47106810536.408
-17.2	-0.000000000277901	0	4.97699E-11	1.61570348837209E-11	61892544467.2743
-17.4	-0.00000000022496	0	5.31554E-11	1.29287356321839E-11	77347083926.0313
-17.6	-0.00000000026195	0	5.31673E-11	1.48835227272727E-11	67188394731.8191
-17.8	-0.000000000270438	0	5.43833E-11	1.51931460674157E-11	65819152633.8754
-18	-0.000000000281286	0	5.39541E-11	0.000000000015627	63991809048.4418
-18.2	-0.000000000285912	0	5.60403E-11	1.57094505494506E-11	63655950082.5429
-18.4	-0.000000000381589	0	5.72085E-11	2.07385326086957E-11	48219419322.884
-18.6	-0.000000000388086	0	0.000000000058043	2.08648387096774E-11	47927521219.5235
-18.8	-0.000000000243747	0	5.73635E-11	1.29652659574468E-11	77129154410.1056
-19	-0.000000000312281	0	6.04033E-11	1.64358421052632E-11	60842638521.0756
-19.2	-0.000000000233889	0	5.95689E-11	1.218171875E-11	82090222284.93
-19.4	-0.000000000328207	0	6.02007E-11	1.69178865979381E-11	59109037893.7683
-19.6	-0.000000000227773	0	6.30975E-11	1.16210714285714E-11	86050585451.3046
-19.8	-0.000000000248349	0	6.29306E-11	1.25428787878788E-11	79726513897.7809
-20	-0.000000000301051	0	6.45399E-11	1.505255E-11	66433926477.5736
-20.2	-0.000000000402486	0	6.24538E-11	1.99250495049505E-11	50188081076.112
-20.4	-0.000000000334394	0	6.22392E-11	1.6391862745098E-11	61005879292.0926
-20.6	-0.000000000255156	0	6.35982E-11	1.2386213592233E-11	80734922949.0978
-20.8	-0.00000000032661	0	6.50525E-11	1.57024038461538E-11	63684516701.8769
-21	-0.000000000365508	0	6.58512E-11	1.74051428571429E-11	57454282806.3955
-21.2	-0.000000000361538	0	6.61612E-11	1.7053679245283E-11	58638372729.8375
-21.4	-0.000000000356948	0	0.000000000065577	1.66798130841122E-11	59952710198.6844
-21.6	-0.000000000396025	0	6.53744E-11	1.83344907407407E-11	54542011236.6644
-21.8	-0.000000000379491	0	0.000000000067699	1.74078440366972E-11	57445367610.8261
-22	-0.000000000328505	0	6.86526E-11	1.49320454545455E-11	66970061338.488
-22.2	-0.000000000279796	0	7.04885E-11	1.26034234234234E-11	79343521708.6734
-22.4	-0.000000000302136	0	7.12633E-11	1.34882142857143E-11	74138798421.9027
-22.6	-0.000000000306761	0	6.97613E-11	1.35734955752212E-11	73672989721.64
-22.8	-0.000000000420713	0	7.35402E-11	1.84523245614035E-11	54193714004.5589
-23	-0.000000000397646	0	7.37786E-11	1.72889565217391E-11	57840390699.2652
-23.2	-0.000000000426054	0	7.33495E-11	1.83643965517241E-11	54453191379.4965
-23.4	-0.000000000340068	0	7.43389E-11	1.45328205128205E-11	68809767458.2731
-23.6	-0.000000000292134	0	7.69138E-11	1.23785593220339E-11	80784845310.7136
-23.8	-0.00000000038017	0	0.000000000075376	1.59735294117647E-11	62603572086.172
-24	-0.000000000355673	0	7.59602E-11	1.48197083333333E-11	67477711268.4966
-24.2	-0.000000000396419	0	7.77364E-11	1.63809504132231E-11	61046518960.9983
-24.4	-0.000000000324225	0	7.70927E-11	1.32879098360656E-11	75256380599.892
-24.6	-0.000000000409925	0	0.000000000079143	1.66636178861789E-11	60010977617.8569
-24.8	-0.000000000411463	0	7.95007E-11	1.659125E-11	60272734121.9016
-25	-0.000000000336647	0	7.88808E-11	1.346588E-11	74261763806.0045
-25.2	-0.000000000382102	0	8.19921E-11	1.51627777777778E-11	65950976440.8456
-25.4	-0.00000000045774	0	8.18968E-11	1.80212598425197E-11	55490016166.3827
-25.6	-0.000000000328314	0	8.40664E-11	1.2824765625E-11	77974134517.5655
-25.8	-0.000000000412202	0	8.49366E-11	1.59768217054264E-11	62590671563.942
-26	-0.000000000435841	0	8.29101E-11	1.67631153846154E-11	59654782363.293
-26.2	-0.000000000321388	0	8.47459E-11	1.22667175572519E-11	81521400923.4943
-26.4	-0.000000000453627	0	8.72254E-11	1.71828409090909E-11	58197594058.5547
-26.6	-0.000000000399733	0	8.48174E-11	1.50275563909774E-11	66544418399.2815
-26.8	-0.000000000376165	0	8.64506E-11	1.40360074626866E-11	71245331171.1616
-27	-0.000000000422907	0	8.94785E-11	1.56632222222222E-11	63843823819.4213
-27.2	-0.000000000426042	0	8.88705E-11	1.56633088235294E-11	63843470831.5143
-27.4	-0.000000000364149	0	0.000000000091064	1.32901094890511E-11	75243924876.9048
-27.6	-0.000000000398338	0	9.07064E-11	1.44325362318841E-11	69287891187.8857
-27.8	-0.000000000470734	0	9.07064E-11	1.69328776978417E-11	59056707184.9495
-28	-0.000000000362551	0	9.45568E-11	1.294825E-11	77230513775.9929
-28.2	-0.000000000434685	0	9.10282E-11	1.54143617021277E-11	64874564339.6943
-28.4	-0.000000000420201	0	9.43661E-11	1.47958098591549E-11	67586702554.2538
-28.6	-0.000000000458944	0	9.43065E-11	1.6046993006993E-11	62316971133.7331
-28.8	-0.000000000375474	0	9.73105E-11	1.30372916666667E-11	76703047348.1519
-29	-0.000000000445771	0	9.60708E-11	1.53714137931034E-11	65055824627.4432
-29.2	-0.000000000451136	0	9.55224E-11	1.54498630136986E-11	64725492977.7273
-29.4	-0.000000000389516	0	9.84311E-11	1.3248843537415E-11	75478285872.7241
-29.6	-0.00000000049808	0	9.90391E-11	1.6827027027027E-11	59428204304.5294
-29.8	-0.000000000385153	0	0.000000000100517	1.29245973154362E-11	77371849628.5892
-30	-0.000000000481606	0	9.93967E-11	1.60535333333333E-11	62291582746.0621
-30.2	-0.000000000450623	0	0.000000000101173	1.49212913907285E-11	67018327959.2919
-30.4	-0.000000000410104	0	0.000000000100279	1.34902631578947E-11	74127538380.5084
-30.6	-0.00000000051049	0	0.000000000102973	1.66826797385621E-11	59942408274.403
-30.8	-0.000000000470936	0	0.000000000104022	1.52901298701299E-11	65401668167.2244
-31	-0.000000000409019	0	0.000000000105071	1.31941612903226E-11	75791100168.9408
-31.2	-0.000000000518525	0	0.000000000104165	1.6619391025641E-11	60170676437.9731
-31.4	-0.000000000391054	0	0.00000000010581	1.2453949044586E-11	80295815923.1206
-31.6	-0.000000000502014	0	0.000000000105	1.58865189873418E-11	62946451692.5823
-31.8	-0.000000000405884	0	0.000000000107813	1.27636477987421E-11	78347508155.0394
-32	-0.00000000047642	0	0.00000000010798	1.4888125E-11	67167625204.6514
-32.2	-0.000000000458872	0	0.000000000107431	1.42506832298137E-11	70172074129.6048
-32.4	-0.000000000459135	0	0.000000000109839	1.41708333333333E-11	70567480152.8962
-32.6	-0.000000000552595	0	0.000000000109375	1.69507668711656E-11	58994381056.6509
-32.8	-0.000000000463879	0	0.000000000111246	1.41426524390244E-11	70708094136.6175
-33	-0.000000000477231	0	0.000000000111187	1.44615454545455E-11	69148902732.6389
-33.2	-0.000000000536358	0	0.000000000112057	1.61553614457831E-11	61898955548.3465
-33.4	-0.000000000431097	0	0.000000000110614	1.29070958083832E-11	77476762770.3278
-33.6	-0.000000000425458	0	0.000000000114155	1.26624404761905E-11	78973717734.7705
-33.8	-0.00000000055387	0	0.000000000113809	1.63866863905325E-11	61025150306.0285
-34	-0.000000000541294	0	0.000000000113475	1.59204117647059E-11	62812445731.8943
-34.2	-0.000000000462627	0	0.000000000116575	1.35271052631579E-11	73925646363.0528
-34.4	-0.000000000551844	0	0.000000000117874	1.6041976744186E-11	62336457404.6288
-34.6	-0.000000000537467	0	0.000000000119424	1.55337283236994E-11	64376045413.0207
-34.8	-0.00000000052253	0	0.000000000118709	1.50152298850575E-11	66599046944.673
-35	-0.000000000469911	0	0.000000000118911	1.34260285714286E-11	74482189180.5044
-35.2	-0.000000000567114	0	0.000000000121117	1.61111931818182E-11	62068649336.8177
-35.4	-0.000000000449669	0	0.000000000120831	1.27025141242938E-11	78724572963.6688
-35.6	-0.000000000525689	0	0.000000000121117	1.47665449438202E-11	67720648520.3229
-35.8	-0.0000000005265	0	0.000000000122595	1.47067039106145E-11	67996201329.5347
-36	-0.000000000452745	0	0.000000000123024	1.257625E-11	79514958751.6151
-36.2	-0.000000000574493	0	0.000000000124371	1.58699723756906E-11	63012081957.4825
-36.4	-0.000000000522697	0	0.000000000125706	1.43598076923077E-11	69638815604.4515
-36.6	-0.000000000507462	0	0.000000000125182	1.38650819672131E-11	72123626990.7895
-36.8	-0.000000000589061	0	0.000000000126517	1.60070923913044E-11	62472307621.7913
-37	-0.000000000463831	0	0.000000000126958	1.2535972972973E-11	79770433627.7653
-37.2	-0.000000000473082	0	0.000000000127232	1.27172580645161E-11	78633302471.8759
-37.4	-0.000000000543082	0	0.000000000129342	1.45209090909091E-11	68866211732.2982
-37.6	-0.00000000061177	0	0.000000000121987	1.62704787234043E-11	61461006587.443
-37.8	-0.000000000543058	0	0.000000000129282	1.43666137566138E-11	69605824792.1953
-38	-0.000000000519168	0	0.000000000131655	1.36623157894737E-11	73194033530.572
-38.2	-0.000000000619233	0	0.00000000013113	1.62102879581152E-11	61689218759.3362
-38.4	-0.00000000054574	0	0.000000000132382	1.42119791666667E-11	70363176604.2438
-38.6	-0.000000000498736	0	0.000000000131893	1.2920621761658E-11	77395656218.9214
-38.8	-0.0000000006464	0	0.000000000132394	1.6659793814433E-11	60024752475.2475
-39	-0.000000000500333	0	0.000000000133729	1.28290512820513E-11	77948086574.3415
-39.2	-0.000000000564158	0	0.00000000013448	1.43917857142857E-11	69484080700.7966
-39.4	-0.000000000652099	0	0.000000000137067	1.65507360406091E-11	60420273608.7619
-39.6	-0.00000000053575	0	0.000000000135386	1.35290404040404E-11	73915072328.5114
-39.8	-0.000000000507116	0	0.000000000136268	1.2741608040201E-11	78483029523.817
-40	-0.000000000623739	0	0.000000000139284	1.5593475E-11	64129387452.1234
