-10	-0.0000000062297	0.00000001	39.1324	0.606933174	0.641150821	0.034217647	6.44800619984186E-08	-360620539832.81	-1.11600107304955	0
-10.1	-0.000000000455821	0.00000001	37.2165	0.641212184	0.657360512	0.016148328	1.36630615875526E-07	-364226745231.138	-2.34134718750901	0
-10.2	-0.000000000378942	0.00000001	35.0038	0.657004359	0.669373908	0.012369549	1.78369963205611E-07	-367832950629.467	-3.02663964715403	0
-10.3	-0.000000000452805	0.00000001	34.1438	0.647213531	0.664942816	0.017729285	1.24446981364448E-07	-371439156027.795	-2.09115540007475	0
-10.4	-0.000000000447416	0.00000001	33.7247	0.638401043	0.654341933	0.01594089	1.38408583209595E-07	-375045361426.123	-2.30339727974548	0
-10.5	-0.000000000458336	0.00000001	33.3614	0.629984233	0.64654714	1.65629070000001E-02	1.3321067370601E-07	-378651566824.451	-2.19578033581335	0
-10.6	-0.000000000397539	0.00000001	32.8762	0.624820251	0.642137375	0.017317124	1.27408916168759E-07	-382257772222.779	-2.08033426255231	0
-10.7	-0.000000000390005	0.00000001	31.5552	0.622972346	0.640348883	1.73765370000001E-02	1.26973285873934E-07	-385863977621.107	-2.05384538617075	0
-10.8	-0.000000000417304	0.00000001	30.7489	0.619827123	0.636723758	0.016896635	1.30579609490292E-07	-389470183019.435	-2.0926219469598	0
-10.9	-0.000000000392485	0.00000001	30.2745	0.614713001	0.631381352	0.016668351	1.32367982891649E-07	-393076388417.763	-2.10182047640233	0
-11	-0.000000000380278	0.00000001	29.6382	0.611678686	0.628503892	0.016825206	1.31133966502401E-07	-396682593816.091	-2.06329667573708	0
-11.1	-0.0000000004812	0.00000001	29.2595	0.608883541	0.62578638	0.016902839	1.30531681689685E-07	-400288799214.419	-2.0353172820637	0
-11.2	-0.000000000454152	0.00000001	29.2001	0.605188525	0.621644521	0.016455996	1.34076114262546E-07	-403895004612.748	-2.07191797452423	0
-11.3	-0.000000000465906	0.00000001	28.8125	0.601750562	0.618283271	0.016532709	1.3345399111543E-07	-407501210011.076	-2.04405364199944	0
-11.4	-0.000000000427973	0.00000001	28.4051	0.599816307	0.616998128	0.017181821	1.2841223290593E-07	-411107415409.404	-1.94957843480663	0
-11.5	-0.000000000447559	0.00000001	28.0112	0.599030077	0.615656117	0.01662604	1.32704841321205E-07	-414713620807.732	-1.99723005332916	0
-11.6	-0.000000000443912	0.00000001	27.6693	0.597345462	0.613135215	0.015789753	1.39733408116011E-07	-418319826206.06	-2.08488175239406	0
-11.7	-0.000000000413799	0.00000001	27.4855	0.593677957	0.609474907	1.57969499999999E-02	1.39669746375092E-07	-421926031604.388	-2.06612050850728	0
-11.8	-0.000000000429785	0.00000001	27.2928	0.589418902	0.604991486	1.55725839999999E-02	1.416820740861E-07	-425532237002.716	-2.07812690152362	0
-11.9	-0.000000000347936	0.00000001	26.8236	0.586385579	0.601776831	0.015391252	1.43351301115724E-07	-429138442401.044	-2.0849413543011	0
-12	-0.00000000037781	0.00000001	26.5514	0.583133728	0.598452159	1.53184310000001E-02	1.44032766802291E-07	-432744647799.372	-2.07739567503305	0
-12.1	-0.000000000366151	0.00000001	26.6354	0.579212268	0.594453708	1.52414399999999E-02	1.44760337605896E-07	-436350853197.701	-2.0706341997029	0
-12.2	-0.000000000346839	0.00000001	26.2815	0.576496383	0.592034153	0.01553777	1.41999527602738E-07	-439957058596.029	-2.01449518982447	0
-12.3	-0.000000000354099	0.00000001	25.9683	0.574833441	0.590339533	0.015506092	1.42289623974887E-07	-443563263994.357	-2.00219921165413	0
-12.4	-0.000000000407434	0.00000001	25.9117	0.572482943	0.58730188	0.014818937	1.48887602396852E-07	-447169469392.685	-2.07814581509253	0
-12.5	-0.000000000441074	0.00000001	25.8886	0.568268106	0.583088349	0.014820243	1.48874482017603E-07	-450775674791.013	-2.0613389817822	0
-12.6	-0.000000000400877	0.00000001	25.4655	0.56498337	0.579348578	0.014365208	1.53590257795084E-07	-454381880189.341	-2.10975628839401	0
-12.7	-0.000000000434554	0.00000001	25.1847	0.56100937	0.575956228	1.49468580000001E-02	1.47613364628204E-07	-457988085587.669	-2.01169031140799	0
-12.8	-0.00000000044235	0.00000001	24.96	0.558264877	0.572874213	1.46093359999999E-02	1.51023701556321E-07	-461594290985.997	-2.04208731070746	0
-12.9	-0.000000000370789	0.00000001	25.0181	0.556292326	0.570711742	0.014419416	1.53012854334739E-07	-465200496384.325	-2.05294527282745	0
-13	-0.000000000455344	0.00000001	24.7195	0.554590925	0.568792536	1.42016110000001E-02	1.5535955744739E-07	-468806701782.654	-2.06839647489129	0
-13.1	-0.000000000460923	0.00000001	24.4956	0.552485253	0.56667821	0.014192957	1.55454286235067E-07	-472412907180.982	-2.05385874356372	0
-13.2	-0.000000000453544	0.00000001	24.5037	0.548566395	0.562702945	1.41365499999999E-02	1.56074572650329E-07	-476019112579.31	-2.04643233370187	0
-13.3	-0.000000000414515	0.00000001	24.4998	0.545856972	0.559797938	1.39409659999999E-02	1.58264212106967E-07	-479625317977.638	-2.05954006501258	0
-13.4	-0.000000000395322	0.00000001	24.2427	0.544355573	0.558671831	1.43162579999999E-02	1.54115412002215E-07	-483231523375.966	-1.99058367970715	0
-13.5	-0.000000000370777	0.00000001	24.0045	0.542927059	0.557356594	0.014429535	1.5290555101048E-07	-486837728774.294	-1.96032757705743	0
-13.6	-0.000000000405252	0.00000001	23.6782	0.54111824	0.554310873	1.31926330000001E-02	1.67241520324259E-07	-490443934172.622	-2.1283564520904	0
-13.7	-0.000000000320125	0.00000001	23.8123	0.537558998	0.551291958	0.01373296	1.60661357784483E-07	-494050139570.95	-2.02969149362767	0
-13.8	-0.000000000360477	0.00000001	23.6824	0.535175506	0.54856671	0.013391204	1.64761585291359E-07	-497656344969.278	-2.06640784228294	0
-13.9	-0.000000000353801	0.00000001	23.603	0.532884443	0.546308182	1.34237389999999E-02	1.64362254063492E-07	-501262550367.606	-2.04656929520121	0
-14	-0.00000000038873	0.00000001	23.7959	0.530891422	0.544262937	0.013371515	1.65004189876764E-07	-504868755765.935	-2.03988696276219	0
-14.1	-0.000000000409079	0.00000001	23.6754	0.529266512	0.542828337	0.013561825	1.62688723678413E-07	-508474961164.263	-1.99699742649443	0
-14.2	-0.000000000392866	0.00000001	23.7543	0.528311482	0.542096447	0.013784965	1.60055248598745E-07	-512081166562.591	-1.95083591195653	0
-14.3	-0.000000000450397	0.00000001	23.7243	0.526688196	0.5398183	1.31301039999999E-02	1.68037968320739E-07	-515687371960.919	-2.03381080538819	0
-14.4	-0.000000000455773	0.00000001	23.4353	0.524689313	0.537680403	0.01299109	1.69836095354586E-07	-519293577359.247	-2.04129922301185	0
-14.5	-0.000000000441504	0.00000001	23.3771	0.522024388	0.535099052	0.013074664	1.68750493320517E-07	-522899782757.575	-2.01426318287089	0
-14.6	-0.000000000436866	0.00000001	23.2682	0.519650635	0.532795337	1.31447020000001E-02	1.67851351822201E-07	-526505988155.903	-1.98980791148552	0
-14.7	-0.00000000039252	0.00000001	23.1001	0.517651243	0.530567939	0.012916696	1.70814270150819E-07	-530112193554.231	-2.01115702689347	0
-14.8	-0.0000000003739	0.00000001	22.9651	0.514809728	0.527757471	0.012947743	1.70404679796316E-07	-533718398952.559	-1.99277822007127	0
-14.9	-0.000000000444531	0.00000001	22.7988	0.512620662	0.525622549	0.013001887	1.69695060416999E-07	-537324604350.887	-1.97116100122998	0
-15	-0.000000000470901	0.00000001	22.9431	0.511192798	0.523775194	1.25823960000001E-02	1.75352611696531E-07	-540930809749.216	-2.0232993657292	0
-15.1	-0.000000000404179	0.00000001	22.925	0.50879432	0.521621923	0.012827603	1.72000645794854E-07	-544537015147.544	-1.97147963850444	0
-15.2	-0.000000000392079	0.00000001	22.8685	0.505813907	0.517571689	0.011757782	1.87650698065332E-07	-548143220545.872	-2.13671088384108	0
-15.3	-0.000000000396848	0.00000001	22.854	0.504142352	0.516693257	0.012550905	1.75792582287891E-07	-551749425944.2	-1.98860387203496	0
-15.4	-0.000000000399995	0.00000001	22.7363	0.502473733	0.515093686	1.26199530000001E-02	1.74830762048003E-07	-555355631342.528	-1.96488119184819	0
-15.5	-0.000000000401735	0.00000001	22.513	0.501604308	0.514223697	0.012619389	1.74838575782076E-07	-558961836740.856	-1.95229178912988	0
-15.6	-0.000000000447631	0.00000001	22.4936	0.5003749	0.512687606	0.012312706	1.79193428317057E-07	-562568042139.184	-1.98809276978983	0
-15.7	-0.000000000425494	0.00000001	22.4613	0.499509355	0.512104958	0.012595603	1.75168747379542E-07	-566174247537.512	-1.93106164431146	0
-15.8	-0.00000000043962	0.00000001	22.199	0.499136802	0.511754117	0.012617315	1.74867315272703E-07	-569780452935.84	-1.91553777684315	0
-15.9	-0.000000000440514	0.00000001	22.1546	0.498363384	0.510609999	0.012246615	1.80160476997113E-07	-573386658334.168	-1.96110824017176	0
-16	-0.000000000411856	0.00000001	22.0043	0.496752009	0.509090942	1.23389330000001E-02	1.78812544001981E-07	-576992863732.497	-1.93427030771373	0
-16.1	-0.000000000397587	0.00000001	21.758	0.495631891	0.507977656	0.012345765	1.78713591259837E-07	-580599069130.825	-1.92119245262605	0
-16.2	-0.000000000379229	0.00000001	21.623	0.494811347	0.507042127	1.22307799999999E-02	1.80393727955209E-07	-584205274529.153	-1.92728341832488	0
-16.3	-0.000000000396466	0.00000001	21.3015	0.493475074	0.505423685	0.011948611	1.8465376435805E-07	-587811479927.481	-1.96069358096089	0
-16.4	-0.000000000395131	0.00000001	21.1983	0.491414912	0.503372547	0.011957635	1.84514412758041E-07	-591417685325.809	-1.94726748923824	0
-16.5	-0.000000000442159	0.00000001	20.9241	0.489902598	0.501539363	0.011636765	1.89602178956093E-07	-595023890724.137	-1.98883404499398	0
-16.6	-0.000000000424409	0.00000001	20.793	0.488248055	0.500345323	0.012097268	1.82384650815374E-07	-598630096122.465	-1.90160085419181	0
-16.7	-0.000000000392842	0.00000001	20.778	0.485892055	0.497637848	0.011745793	1.87842234236547E-07	-602236301520.793	-1.94677580392553	0
-16.8	-0.000000000415599	0.00000001	20.6047	0.484297918	0.495718637	0.011420719	1.93188887669856E-07	-605842506919.121	-1.99027013396143	0
-16.9	-0.000000000377858	0.00000001	20.8293	0.482822221	0.495258815	0.012436594	1.77408380461724E-07	-609448712317.449	-1.8168814567086	0
-17	-0.000000000381863	0.00000001	20.6196	0.482815998	0.494671393	0.011855395	1.86105650634163E-07	-613054917715.778	-1.8947407869994	0
-17.1	-0.000000000400364	0.00000001	20.5557	0.482283246	0.494335522	0.012052276	1.83065505635616E-07	-616661123114.106	-1.852889733154	0
-17.2	-0.000000000425553	0.00000001	20.3072	0.481229294	0.493132399	0.011903105	1.85359702363375E-07	-620267328512.434	-1.86520272950623	0
-17.3	-0.000000000429285	0.00000001	20.0285	0.480701751	0.492537714	0.011835963	1.86411194424991E-07	-623873533910.762	-1.86494080683072	0
-17.4	-0.000000000458169	0.00000001	20.1177	0.480739323	0.492886071	0.012146748	1.81641703606595E-07	-627479739309.09	-1.80678087141839	0
-17.5	-0.000000000509834	0.00000001	20.1519	0.480711247	0.493021749	0.012310502	1.79225510056373E-07	-631085944707.418	-1.77255998956852	0
-17.6	-0.000000000509918	0.00000001	19.7998	0.480182533	0.491615375	0.011432842	1.9298403669009E-07	-634692150105.746	-1.89778882234573	0
-17.7	-0.00000000045507	0.00000001	19.8057	0.479376234	0.490945231	0.011568997	1.90712816331442E-07	-638298355504.074	-1.86485804756951	0
-17.8	-0.000000000397193	0.00000001	19.5759	0.477832885	0.489660104	0.011827219	1.86549010380209E-07	-641904560902.402	-1.81389487189053	0
-17.9	-0.000000000424302	0.00000001	19.4768	0.476704952	0.487745533	0.011040581	1.99840569984496E-07	-645510766300.73	-1.93227882451705	0
-18	-0.000000000395823	0.00000001	19.526	0.473928189	0.485219728	0.011291539	1.95399050563435E-07	-649116971699.059	-1.87883702464841	0
-18.1	-0.000000000377321	0.00000001	19.4103	0.472189712	0.483698928	0.011509216	1.91703414029244E-07	-652723177097.387	-1.83311806870293	0
-18.2	-0.000000000409079	0.00000001	19.301	0.471396816	0.482995845	0.011599029	1.90219026092615E-07	-656329382495.715	-1.80892987619774	0
-18.3	-0.000000000420332	0.00000001	19.1671	0.470617292	0.481893164	0.011275872	1.95670543262641E-07	-659935587894.043	-1.85060412921792	0
-18.4	-0.000000000478816	0.00000001	19.1867	0.469133068	0.480532926	0.011399858	1.93542410791432E-07	-663541793292.371	-1.82052852960168	0
-18.5	-0.000000000470305	0.00000001	19.0745	0.467952414	0.479384272	0.011431858	1.93000647838697E-07	-667147998690.699	-1.8056193664743	0
-18.6	-0.000000000452042	0.00000001	18.9311	0.467581158	0.478903443	0.011322285	1.94868438658805E-07	-670754204089.027	-1.81329192300376	0
-18.7	-0.000000000446784	0.00000001	18.9035	0.467152191	0.478803768	0.011651577	1.89361148280614E-07	-674360409487.355	-1.75262272164287	0
-18.8	-0.000000000456595	0.00000001	18.9091	0.466615955	0.477796073	0.011180118	1.97346396522828E-07	-677966614885.683	-1.81681420694093	0
-18.9	-0.000000000395966	0.00000001	18.8299	0.465705077	0.476819914	0.011114837	1.98505475159015E-07	-681572820284.011	-1.81781570658439	0
-19	-0.000000000418639	0.00000001	18.6938	0.464783452	0.476196879	0.011413427	1.93312315398346E-07	-685179025682.34	-1.76094214431691	0
-19.1	-0.000000000403094	0.00000001	18.4817	0.464373853	0.475615445	0.011241592	1.96267219091388E-07	-688785231080.668	-1.77849876341371	0
-19.2	-0.000000000400507	0.00000001	18.413	0.463827211	0.474774549	0.010947338	2.01542694671527E-07	-692391436478.996	-1.81679111783227	0
-19.3	-0.000000000441635	0.00000001	18.5165	0.462481775	0.473511389	0.011029614	2.00039276079833E-07	-695997641877.324	-1.79389546105869	0
-19.4	-0.000000000454593	0.00000001	18.4307	0.461390047	0.472280279	0.010890232	2.02599540579117E-07	-699603847275.652	-1.8074899536202	0
-19.5	-0.000000000401425	0.00000001	18.4372	0.46003326	0.470791524	0.010758264	2.05084760887072E-07	-703210052673.98	-1.82027894278466	0
-19.6	-0.000000000516307	0.00000001	18.1241	0.458593074	0.469425537	0.010832463	2.03679994106603E-07	-706816258072.308	-1.79858707511718	0
-19.7	-0.000000000386417	0.00000001	17.8825	0.457826429	0.469164198	0.011337769	1.94602306679559E-07	-710422463470.636	-1.70970398293248	0
-19.8	-0.000000000447083	0.00000001	17.7345	0.457527501	0.468651875	0.011124374	1.98335295091661E-07	-714028668868.964	-1.73370013192011	0
-19.9	-0.000000000408435	0.00000001	17.7584	0.456647783	0.467450442	0.010802659	2.04241937100855E-07	-717634874267.292	-1.77636010234606	0
-20	-0.00000000042032	0.00000001	17.6929	0.455141662	0.465720055	0.010578393	2.08571944717879E-07	-721241079665.621	-1.80494952159703	0
-20.1	-0.000000000458956	0.00000001	17.5193	0.453853884	0.464878719	0.011024835	2.00125988280097E-07	-724847285063.949	-1.723243297475	0
-20.2	-0.000000000445092	0.00000001	17.4058	0.453199014	0.464113366	0.010914352	2.02151808920951E-07	-728453490462.277	-1.73206995457783	0
-20.3	-0.000000000492537	0.00000001	17.3902	0.452005641	0.462823554	0.010817913	2.03953941947952E-07	-732059695860.605	-1.73890249860891	0
-20.4	-0.000000000474322	0.00000001	17.1637	0.450755883	0.461392909	0.010637026	2.07422262576025E-07	-735665901258.933	-1.75980426393686	0
-20.5	-0.000000000477386	0.00000001	17.0463	0.449960156	0.461031585	0.011071429	1.99283760027725E-07	-739272106657.261	-1.682508292917	0
-20.6	-0.000000000446272	0.00000001	16.9923	0.448584957	0.459642241	0.011057284	1.99538693227017E-07	-742878312055.589	-1.67648267274379	0
-20.7	-0.000000000463009	0.00000001	17.1085	0.447848872	0.458518649	0.010669777	2.06785577617977E-07	-746484517453.917	-1.7289764014881	0
-20.8	-0.000000000409961	0.00000001	17.0595	0.447172569	0.458095856	0.010923287	2.01986453345042E-07	-750090722852.245	-1.68073047347021	0
-20.9	-0.000000000417829	0.00000001	16.8701	0.446375987	0.456841378	0.010465391	2.10824038968061E-07	-753696928250.574	-1.74587444857614	0
-21	-0.000000000440907	0.00000001	16.9444	0.445417173	0.456051606	0.010634433	2.0747283846727E-07	-757303133648.902	-1.70994097637859	0
-21.1	-0.000000000442028	0.00000001	16.7018	0.444555346	0.454693599	0.010138253	2.17626843599188E-07	-760909339047.23	-1.78512722602324	0
-21.2	-0.000000000473332	0.00000001	16.5996	0.443636567	0.454717319	0.011080752	1.99116088871946E-07	-764515544445.558	-1.62558490552206	0
-21.3	-0.000000000492752	0.00000001	16.4799	0.443235883	0.453960191	0.010724308	2.05734113567048E-07	-768121749843.886	-1.67172898348088	0
-21.4	-0.000000000392306	0.00000001	16.2319	0.443911205	0.454768908	1.08577030000001E-02	2.03206516148028E-07	-771727955242.214	-1.64347469925616	0
-21.5	-0.000000000501251	0.00000001	16.0714	0.443112425	0.453776025	1.06636000000001E-02	2.06905360291083E-07	-775334160640.542	-1.66560665708385	0
-21.6	-0.000000000498533	0.00000001	16.0605	0.442416055	0.452996541	0.010580486	2.08530685641472E-07	-778940366038.87	-1.67091895546052	0
-21.7	-0.000000000473607	0.00000001	15.8805	0.441194728	0.451679642	0.010484914	2.10431482795185E-07	-782546571437.198	-1.67837942676061	0
-21.8	-0.000000000468445	0.00000001	15.736	0.440255449	0.450529979	0.01027453	2.147403336211E-07	-786152776835.527	-1.70488973411247	0
-21.9	-0.000000000442564	0.00000001	15.7718	0.438816065	0.448954036	0.010137971	2.17632897154667E-07	-789758982233.855	-1.71996494063225	0
-22	-0.000000000532854	0.00000001	15.6978	0.437241532	0.44748392	0.010242388	2.15414217856227E-07	-793365187632.183	-1.69469227334444	0
-22.1	-0.000000000523806	0.00000001	15.6359	0.435810487	0.44624412	0.010433633	2.11465747357608E-07	-796971393030.511	-1.65610139768402	0
-22.2	-0.000000000438797	0.00000001	15.7123	0.434904001	0.445169765	0.010265764	2.14923701733256E-07	-800577598428.839	-1.67560058523848	0
-22.3	-0.000000000476825	0.00000001	15.7613	0.434234509	0.444841779	0.01060727	2.08004133014433E-07	-804183803827.167	-1.61438185333726	0
-22.4	-0.00000000048281	0.00000001	15.6392	0.433809343	0.444439149	0.010629806	2.07563148377309E-07	-807790009225.495	-1.60376745827248	0
-22.5	-0.000000000454724	0.00000001	15.547	0.432969091	0.443204156	0.010235065	2.1556834275112E-07	-811396214623.823	-1.65821802116246	0
-22.6	-0.000000000562167	0.00000001	15.5825	0.431200568	0.441334763	0.010134195	2.17713987149448E-07	-815002420022.151	-1.66731269940864	0
-22.7	-0.000000000453591	0.00000001	15.4383	0.430166811	0.440509897	0.010343086	2.13316992626765E-07	-818608625420.479	-1.62644267506005	0
-22.8	-0.000000000480187	0.00000001	15.2065	0.42917809	0.43966718	0.01048909	2.103477041383E-07	-822214830818.808	-1.59676900914702	0
-22.9	-0.000000000480437	0.00000001	15.1835	0.428379728	0.438599566	0.010219838	2.15889527798778E-07	-825821036217.136	-1.63168101292324	0
-23	-0.000000000414789	0.00000001	15.0525	0.427166528	0.437747286	0.010580758	2.08525324934187E-07	-829427241615.464	-1.56917050535759	0
-23.1	-0.000000000429225	0.00000001	14.8355	0.426378202	0.436838381	0.010460179	2.10929086395175E-07	-833033447013.792	-1.58038776020361	0
-23.2	-0.000000000414765	0.00000001	14.719	0.425576117	0.436143502	0.010567385	2.08789213225409E-07	-836639652412.12	-1.55761183606489	0
-23.3	-0.000000000459218	0.00000001	14.6905	0.424936141	0.435395269	0.010459128	2.10950281897306E-07	-840245857810.448	-1.56697964433456	0
-23.4	-0.00000000046556	0.00000001	14.5777	0.424586774	0.434874003	0.010287229	2.14475248874114E-07	-843852063208.776	-1.58635539108072	0
-23.5	-0.000000000470793	0.00000001	14.4613	0.424569455	0.435037245	0.01046779	2.10775722478192E-07	-847458268607.104	-1.55235802152515	0
-23.6	-0.000000000498617	0.00000001	14.4592	0.42442786	0.435182575	0.010754715	2.05152437791238E-07	-851064474005.433	-1.50454036841684	0
-23.7	-0.000000000544512	0.00000001	14.3395	0.425336398	0.436100007	0.010763609	2.04982919762321E-07	-854670679403.761	-1.49695413653107	0
-23.8	-0.000000000515127	0.00000001	14.1021	0.426121553	0.436595775	0.010474222	2.10646289528711E-07	-858276884802.089	-1.53184922895798	0
-23.9	-0.000000000517178	0.00000001	14	0.425495503	0.435732211	0.010236708	2.15533743855935E-07	-861883090200.417	-1.56083335589268	0
-24	-0.000000000519252	0.00000001	14.0123	0.42443815	0.434779529	0.010341379	2.13352203801834E-07	-865489295598.745	-1.53859762357092	0
-24.1	-0.000000000491261	0.00000001	13.9043	0.423815728	0.434058531	0.010242803	2.15405490079229E-07	-869095500997.073	-1.54695931272986	0
-24.2	-0.000000000463474	0.00000001	13.8365	0.423250374	0.433398023	0.010147649	2.17425336646941E-07	-872701706395.401	-1.55501273825689	0
-24.3	-0.000000000438631	0.00000001	13.8296	0.422435725	0.432663114	0.010227389	2.15730134054742E-07	-876307911793.729	-1.53653941634432	0
-24.4	-0.000000000488245	0.00000001	13.8673	0.421874446	0.432235883	0.010361437	2.1293918980543E-07	-879914117192.057	-1.5104450727056	0
-24.5	-0.000000000479937	0.00000001	13.923	0.421765505	0.432260402	0.010494897	2.10231315276367E-07	-883520322590.385	-1.48515057887543	0
-24.6	-0.00000000051949	0.00000001	13.6943	0.422003645	0.432709183	0.010705538	2.0609482680833E-07	-887126527988.714	-1.4500105075633	0
-24.7	-0.000000000446701	0.00000001	13.4901	0.422342725	0.432700371	0.010357646	2.13017127636917E-07	-890732733387.042	-1.49264570907214	0
-24.8	-0.000000000455952	0.00000001	13.3541	0.422059392	0.432253731	0.010194339	2.16429530153941E-07	-894338938785.37	-1.51044182024308	0
-24.9	-0.00000000043993	0.00000001	13.3479	0.420969486	0.431187869	0.010218383	2.15920268402545E-07	-897945144183.698	-1.50083597128738	0
-25	-0.000000000499487	0.00000001	13.4302	0.419902339	0.429960705	0.010058366	2.19355310793026E-07	-901551349582.026	-1.51861369010556	0
-25.1	-0.000000000528979	0.00000001	13.448	0.418917606	0.428677247	9.75964099999999E-03	2.26069381035635E-07	-905157554980.354	-1.55886027376702	0
-25.2	-0.000000000544858	0.00000001	13.3659	0.417973839	0.428030023	0.010056184	2.19402906708947E-07	-908763760378.682	-1.50688809552848	0
-25.3	-0.000000000424743	0.00000001	13.3324	0.416489782	0.426692703	0.010202921	2.16247484421372E-07	-912369965777.01	-1.47934581924016	0
-25.4	-0.000000000469494	0.00000001	13.216	0.415434986	0.425460141	0.010025155	2.20081983769827E-07	-915976171175.338	-1.49965010139949	0
-25.5	-0.000000000526989	0.00000001	13.3485	0.414789166	0.424916324	0.010127158	2.17865268814804E-07	-919582376573.666	-1.47872354399188	0
-25.6	-0.000000000516176	0.00000001	13.204	0.414034158	0.424321261	0.010287103	2.14477875841235E-07	-923188581971.995	-1.4500457351045	0
-25.7	-0.000000000575733	0.00000001	13.1652	0.414165679	0.424574704	0.010409025	2.1196567401846E-07	-926794787370.323	-1.42748508393156	0
-25.8	-0.000000000527155	0.00000001	12.8881	0.414446718	0.424918429	0.010471711	2.10696800169523E-07	-930400992768.651	-1.41344007269358	0
-25.9	-0.0000000005059	0.00000001	12.7957	0.414683898	0.42468675	0.010002852	2.20572692668051E-07	-934007198166.979	-1.47397849273274	0
-26	-0.000000000556278	0.00000001	12.9749	0.413729548	0.42391712	0.010187572	2.16573291457474E-07	-937613403565.307	-1.44168611177313	0
-26.1	-0.000000000452113	0.00000001	12.6712	0.413625196	0.423807914	0.010182718	2.16676529783108E-07	-941219608963.635	-1.43684701447685	0
-26.2	-0.0000000004722	0.00000001	12.7712	0.4137972	0.424095892	0.010298692	2.14236526347229E-07	-944825814361.963	-1.41524422865903	0
-26.3	-0.000000000511837	0.00000001	12.7247	0.413035646	0.423074039	0.010038393	2.19791753520707E-07	-948432019760.291	-1.44642130863291	0
-26.4	-0.000000000498354	0.00000001	12.5698	0.413152364	0.423381538	0.010229174	2.15692488953653E-07	-952038225158.619	-1.41406789086748	0
-26.5	-0.000000000574219	0.00000001	12.4703	0.413528102	0.423980608	0.010452506	2.11083925711213E-07	-955644430556.947	-1.37863231596583	0
-26.6	-0.000000000558186	0.00000001	12.3436	0.413556537	0.423654598	0.010098061	2.18493035445122E-07	-959250635955.276	-1.42165798077364	0
-26.7	-0.000000000568902	0.00000001	12.5282	0.413248576	0.423377831	0.010129255	2.17820165451457E-07	-962856841353.604	-1.41197168615897	0
-26.8	-0.000000000576401	0.00000001	12.3988	0.412340701	0.422767211	0.01042651	2.116102128133E-07	-966463046751.932	-1.36659867632011	0
-26.9	-0.000000000539935	0.00000001	12.425	0.412759761	0.423063069	0.010303308	2.14140545929521E-07	-970069252150.26	-1.37779876563175	0
-27	-0.000000000500238	0.00000001	12.4698	0.412684292	0.422986136	0.010301844	2.14170977545379E-07	-973675457548.588	-1.37289088170115	0
-27.1	-0.000000000543737	0.00000001	12.3252	0.412651475	0.422833653	0.010182178	2.16688020971545E-07	-977281662946.916	-1.38390021909162	0
-27.2	-0.000000000561917	0.00000001	12.045	0.412881744	0.423135508	0.010253764	2.15175227360411E-07	-980887868345.244	-1.36918626007049	0
-27.3	-0.000000000615084	0.00000001	12.1492	0.412081799	0.422492023	0.010410224	2.11941260822054E-07	-984494073743.572	-1.34366817934523	0
-27.4	-0.000000000607276	0.00000001	12.0428	0.411290849	0.421081771	9.79092199999998E-03	2.25347112355711E-07	-988100279141.9	-1.42344470185388	0
-27.5	-0.000000000496745	0.00000001	11.8336	0.410301457	0.420558172	0.010256715	2.15113318445525E-07	-991706484540.228	-1.35386004616065	0
-27.6	-0.000000000532675	0.00000001	11.607	0.4103028	0.420609652	0.010306852	2.14066913932596E-07	-995312689938.557	-1.34239285492849	0
-27.7	-0.000000000554013	0.00000001	11.6025	0.410184887	0.420475136	0.010290249	2.14412304308671E-07	-998918895336.885	-1.3397047617176	0
-27.8	-0.000000000553668	0.00000001	11.6695	0.4095119	0.419604071	0.010092171	2.18620552505501E-07	-1002525100735.21	-1.36108534349025	0
-27.9	-0.000000000580442	0.00000001	11.6129	0.408742666	0.418882062	0.010139396	2.17602310827982E-07	-1006131306133.54	-1.34989026568227	0
-28	-0.000000000591731	0.00000001	11.5152	0.408150774	0.41846523	0.010314456	2.13909100004886E-07	-1009737511531.87	-1.32224031596427	0
-28.1	-0.00000000058353	0.00000001	11.4216	0.408004819	0.418027044	0.010022225	2.20146324793147E-07	-1013343716930.2	-1.35595190469363	0
-28.2	-0.00000000059427	0.00000001	11.3921	0.40737263	0.417432558	0.010059928	2.19321251603391E-07	-1016949922328.53	-1.3460796947835	0
-28.3	-0.000000000576651	0.00000001	11.2994	0.406981582	0.417210332	0.01022875	2.15701429793474E-07	-1020556127726.85	-1.31918515095221	0
-28.4	-0.000000000536811	0.00000001	11.199	0.407065934	0.417387383	0.010321449	2.13764172065376E-07	-1024162333125.18	-1.30273398468878	0
-28.5	-0.000000000506711	0.00000001	11.1641	0.406784019	0.416866835	0.010082816	2.18823392195196E-07	-1027768538523.51	-1.32888699713682	0
-28.6	-0.000000000482488	0.00000001	11.0443	0.405930143	0.415905415	9.97527199999998E-03	2.21182540185371E-07	-1031374743921.84	-1.33851725502174	0
-28.7	-0.000000000478077	0.00000001	10.8929	0.405329487	0.415503546	0.010174059	2.1686094016164E-07	-1034980949320.17	-1.307791786019	0
-28.8	-0.000000000492585	0.00000001	10.7874	0.404701189	0.414866125	0.010164936	2.1705557221413E-07	-1038587154718.49	-1.30442050609453	0
-28.9	-0.000000000517225	0.00000001	10.6786	0.404103107	0.414254456	0.010151349	2.17346088682401E-07	-1042193360116.82	-1.3016467914171	0
-29	-0.000000000560534	0.00000001	10.4527	0.403782686	0.414084089	0.010301403	2.14180146141259E-07	-1045799565515.15	-1.27826347166534	0
-29.1	-0.000000000564921	0.00000001	10.4997	0.403653828	0.414253261	0.010599433	2.08157926938168E-07	-1049405770913.48	-1.23805269788759	0
-29.2	-0.000000000575471	0.00000001	10.2945	0.40428654	0.414901577	0.010615037	2.07851936832627E-07	-1053011976311.81	-1.23199909871815	0
-29.3	-0.000000000563931	0.00000001	9.86457	0.405022993	0.415460328	0.010437335	2.11390742943481E-07	-1056618181710.13	-1.24869827152227	0
-29.4	-0.000000000587869	0.00000001	9.93995	0.404889493	0.41508918	0.010199687	2.16316049698388E-07	-1060224387108.46	-1.27344613244734	0
-29.5	-0.000000000630641	0.00000001	9.93786	0.404150056	0.414489787	0.010339731	2.1338620898358E-07	-1063830592506.79	-1.25193994840431	0
-29.6	-0.000000000507927	0.00000001	9.95055	0.404076034	0.414456747	0.010380713	2.12543781915557E-07	-1067436797905.12	-1.24278458760396	0
-29.7	-0.000000000496066	0.00000001	9.85136	0.404078823	0.414137949	0.010059126	2.19338737779007E-07	-1071043003303.45	-1.27819777260494	0
-29.8	-0.000000000494766	0.00000001	9.86132	0.403329547	0.413329133	0.009999586	2.20644734692016E-07	-1074649208701.77	-1.28149368367846	0
-29.9	-0.000000000476992	0.00000001	9.98752	0.402560365	0.412642872	0.010082507	2.18830098506254E-07	-1078255414100.1	-1.26670368314657	0
-30	-0.00000000045625	0.00000001	9.89148	0.402481733	0.412721447	0.010239714	2.15470471147924E-07	-1081861619498.43	-1.24309887200726	0
-30.1	-0.000000000472617	0.00000001	9.72733	0.401874633	0.412077402	0.010202769	2.16250706058326E-07	-1085467824896.76	-1.24345537600622	0
-30.2	-0.000000000490797	0.00000001	9.72759	0.40144459	0.411802915	0.010358325	2.13003164121612E-07	-1089074030295.09	-1.22072623350389	0
-30.3	-0.000000000508797	0.00000001	9.59752	0.401575846	0.411846145	0.010270299	2.14828799044702E-07	-1092680235693.42	-1.22712566095603	0
-30.4	-0.000000000573874	0.00000001	9.65421	0.401381307	0.411539683	0.010158376	2.17195740736512E-07	-1096286441091.74	-1.2365648194766	0
-30.5	-0.000000000553763	0.00000001	9.75465	0.400976186	0.411244762	0.010268576	2.14864845914371E-07	-1099892646490.07	-1.21928348879529	0
-30.6	-0.000000000567877	0.00000001	9.6494	0.400885328	0.411011617	0.010126289	2.17883965191987E-07	-1103498851888.4	-1.23237536873296	0
-30.7	-0.000000000598705	0.00000001	9.43301	0.400629437	0.410920094	0.010290657	2.1440380337232E-07	-1107105057286.73	-1.20874106135736	0
-30.8	-0.000000000616467	0.00000001	9.19243	0.399988562	0.410157241	0.010168679	2.16975675994886E-07	-1110711262685.06	-1.21926890856267	0
-30.9	-0.000000000632656	0.00000001	9.08203	0.399861273	0.409981696	0.010120423	2.1801025510495E-07	-1114317468083.38	-1.22111793374692	0
-31	-0.000000000631273	0.00000001	9.25266	0.399630004	0.410037335	0.010407331	2.12000175645417E-07	-1117923673481.71	-1.18362380943471	0
-31.1	-0.000000000644243	0.00000001	8.92275	0.39986479	0.409825634	9.96084399999997E-03	2.21502916821105E-07	-1121529878880.04	-1.2327023567833	0
-31.2	-0.000000000648141	0.00000001	8.78764	0.399653011	0.409829571	0.01017656	2.16807644233415E-07	-1125136084278.37	-1.20270512703448	0
-31.3	-0.000000000653148	0.00000001	8.78457	0.398824916	0.408817892	9.99297600000004E-03	2.20790683376002E-07	-1128742289676.7	-1.2208872882674	0
-31.4	-0.000000000518918	0.00000001	8.70676	0.398339044	0.408485952	0.010146908	2.17441214604488E-07	-1132348495075.02	-1.19853682719279	0
-31.5	-0.000000000574958	0.00000001	8.64957	0.398438974	0.408914085	0.010475111	2.10628412434007E-07	-1135954700473.35	-1.15729896941762	0
-31.6	-0.000000000587642	0.00000001	8.45078	0.398703736	0.408987688	0.010283952	2.14543591802061E-07	-1139560905871.68	-1.17508052958773	0
-31.7	-0.000000000579262	0.00000001	8.41632	0.398833258	0.409004894	0.010171636	2.16912598917225E-07	-1143167111270.01	-1.18430805038524	0
-31.8	-0.000000000589836	0.00000001	8.40762	0.398430682	0.408561659	0.010130977	2.17783141744374E-07	-1146773316668.34	-1.18532188902961	0
-31.9	-0.000000000657809	0.00000001	8.22351	0.398394248	0.408626535	0.010232287	2.156268681674E-07	-1150379522066.67	-1.16990704937702	0
-32	-0.000000000653017	0.00000001	8.03597	0.398537504	0.408957383	0.010419879	2.11744877267768E-07	-1153985727464.99	-1.14525474483769	0
-32.1	-0.000000000680125	0.00000001	8.0174	0.398527739	0.408576159	0.01004842	2.19572430292524E-07	-1157591932863.32	-1.18389160833496	0
-32.2	-0.000000000494885	0.00000001	7.88602	0.397715648	0.407702605	9.98695700000002E-03	2.20923750848231E-07	-1161198138261.65	-1.18747835501319	0
-32.3	-0.000000000661027	0.00000001	7.91739	0.396831494	0.406842442	0.010010948	2.20394312306886E-07	-1164804343659.98	-1.18096499807214	0
-32.4	-0.000000000500786	0.00000001	7.98986	0.396291705	0.406372415	0.01008071	2.18869107433901E-07	-1168410549058.31	-1.16917258244605	0
-32.5	-0.000000000541258	0.00000001	7.83473	0.395923077	0.405980062	0.010056985	2.19385432115093E-07	-1172016754456.63	-1.16832478641174	0
-32.6	-0.000000000575781	0.00000001	7.73704	0.395306672	0.405516387	0.010209715	2.16103583694551E-07	-1175622959854.96	-1.14731728011501	0
-32.7	-0.000000000582051	0.00000001	7.65742	0.395474307	0.405742043	0.010267736	2.14882423934547E-07	-1179229165253.29	-1.1373452219542	0
-32.8	-0.00000000058378	0.00000001	7.48835	0.395524136	0.405863158	0.010339022	2.13400841975189E-07	-1182835370651.62	-1.12605978997227	0
-32.9	-0.000000000565779	0.00000001	7.32916	0.396164922	0.406277611	0.010112689	2.18176985369569E-07	-1186441576049.95	-1.14776295787124	0
-33	-0.00000000059104	0.00000001	7.32886	0.396106802	0.40606252	0.009955718	2.21616964241052E-07	-1190047781448.27	-1.16232673552999	0
-33.1	-0.000000000584316	0.00000001	7.21508	0.395610334	0.40527289	9.66255599999999E-03	2.28340824104927E-07	-1193653986846.6	-1.19397363289818	0
-33.2	-0.000000000584817	0.00000001	7.22386	0.394637066	0.404751947	0.010114881	2.18129704145802E-07	-1197260192244.93	-1.13714512124202	0
-33.3	-0.000000000626087	0.00000001	7.0019	0.394322211	0.404579301	0.01025709	2.15105453886043E-07	-1200866397643.26	-1.11801171458442	0
-33.4	-0.000000000644481	0.00000001	7.0479	0.39454085	0.404838076	0.010297226	2.14267026867236E-07	-1204472603041.59	-1.1103196924258	0
-33.5	-0.000000000654233	0.00000001	6.98196	0.394015679	0.404121667	0.010105988	2.18321652469803E-07	-1208078808439.91	-1.12795342837441	0
-33.6	-0.00000000053159	0.00000001	6.97574	0.393347028	0.403313574	9.96654600000002E-03	2.21376191912423E-07	-1211685013838.24	-1.14033065888954	0
-33.7	-0.000000000512254	0.00000001	6.9168	0.392597503	0.402697409	0.010099906	2.18453122236979E-07	-1215291219236.57	-1.12193454698289	0
-33.8	-0.000000000504708	0.00000001	6.76629	0.392727011	0.402867449	0.010140438	2.17579950688521E-07	-1218897424634.9	-1.1141440351597	0
-33.9	-0.000000000531661	0.00000001	6.78841	0.393211029	0.403523291	0.010312262	2.13954610540345E-07	-1222503630033.23	-1.09234824986561	0
-34	-0.000000000643325	0.00000001	6.71019	0.393615786	0.403855685	0.010239899	2.15466578332462E-07	-1226109835431.56	-1.09683212952045	0
-34.1	-0.000000000689876	0.00000001	6.73509	0.393752305	0.403949284	0.010196979	2.16373496503229E-07	-1229716040829.88	-1.0982187393013	0
-34.2	-0.000000000529134	0.00000001	6.69804	0.392986438	0.403057585	0.010071147	2.19076933342349E-07	-1233322246228.21	-1.10868893391877	0
-34.3	-0.000000000657558	0.00000001	6.53282	0.392568863	0.402490287	9.92142400000001E-03	2.22382996634354E-07	-1236928451626.54	-1.12213891551311	0
-34.4	-0.000000000602829	0.00000001	6.41604	0.391868532	0.401964372	0.01009584	2.18541102077687E-07	-1240534657024.87	-1.09954713701877	0
-34.5	-0.000000000606644	0.00000001	6.34053	0.391607074	0.401760558	0.010153484	2.17300386744097E-07	-1244140862423.2	-1.09013571945199	0
-34.6	-0.000000000626874	0.00000001	6.15756	0.391718862	0.401969882	0.01025102	2.152328256115E-07	-1247747067821.52	-1.07664263589568	0
-34.7	-0.000000000558627	0.00000001	5.93499	0.392010178	0.402164331	0.010154153	2.17286070044444E-07	-1251353273219.85	-1.08378110751496	0
-34.8	-0.000000000530839	0.00000001	5.94543	0.391836151	0.401882258	0.010046107	2.1962298430626E-07	-1254959478618.18	-1.092289378181	0
-34.9	-0.000000000691259	0.00000001	5.87471	0.391292079	0.401316108	0.010024029	2.20106705597121E-07	-1258565684016.51	-1.09155849149994	0
-35	-0.000000000692391	0.00000001	5.80585	0.390533617	0.400591645	0.010058028	2.1936268222757E-07	-1262171889414.84	-1.08476051650996	0
-35.1	-0.000000000585639	0.00000001	5.90389	0.39018513	0.40039695	0.01021182	2.16059037468346E-07	-1265778094813.16	-1.0653798691733	0
-35.2	-0.000000000603139	0.00000001	5.90099	0.390184435	0.400534515	0.01035008	2.13172845040812E-07	-1269384300211.49	-1.04816193475049	0
-35.3	-0.000000000619411	0.00000001	5.79705	0.390562713	0.400864659	0.010301946	2.14168857029536E-07	-1272990505609.82	-1.05007611313239	0
-35.4	-0.000000000603163	0.00000001	5.70361	0.390589283	0.400886984	0.010297701	2.14257143414826E-07	-1276596711008.15	-1.04754144433585	0
-35.5	-0.000000000585508	0.00000001	5.53407	0.390368958	0.400484559	0.010115601	2.18114178287577E-07	-1280202916406.48	-1.06339523542156	0
-35.6	-0.00000000055784	0.00000001	5.47816	0.389823999	0.399938979	0.01011498	2.18127569209232E-07	-1283809121804.8	-1.06047327294895	0
-35.7	-0.000000000550389	0.00000001	5.38356	0.389560775	0.399624833	0.010064058	2.1923124846856E-07	-1287415327203.13	-1.06285349936277	0
-35.8	-0.000000000693905	0.00000001	5.3666	0.38889639	0.399130436	0.010234046	2.15589806807591E-07	-1291021532601.46	-1.04227989969291	0
-35.9	-0.000000000709164	0.00000001	5.23324	0.388123956	0.398241268	0.010117312	2.18077291675892E-07	-1294627737999.79	-1.05136898708112	0
-36	-0.000000000712347	0.00000001	5.11711	0.387939477	0.398138239	0.010198762	2.16335668976293E-07	-1298233943398.12	-1.04007533161679	0
-36.1	-0.000000000537741	0.00000001	4.95309	0.387461441	0.39758173	0.010120289	2.18013141719569E-07	-1301840148796.45	-1.0452366692287	0
-36.2	-0.000000000701106	0.00000001	5.08594	0.387166495	0.397382541	0.010216046	2.15969661843731E-07	-1305446354194.77	-1.03257913121206	0
-36.3	-0.000000000606442	0.00000001	5.02276	0.38713397	0.39739161	0.01025764	2.15093920238963E-07	-1309052559593.1	-1.02555906026206	0
-36.4	-0.000000000623667	0.00000001	4.9299	0.387137624	0.397296685	0.010159061	2.17181095772533E-07	-1312658764991.43	-1.03266581886771	0
-36.5	-0.000000000647557	0.00000001	4.8672	0.386688238	0.397067261	0.010379023	2.12578390085464E-07	-1316264970389.76	-1.00801133338734	0
-36.6	-0.000000000563908	0.00000001	4.69928	0.386850147	0.397414617	0.01056447	2.08846823361701E-07	-1319871175788.09	-0.987611081470843	0
-36.7	-0.000000000709176	0.00000001	4.77503	0.387352035	0.397654946	0.010302911	2.14148797364162E-07	-1323477381186.41	-1.00992411249081	0
-36.8	-0.000000000698626	0.00000001	4.72598	0.387420054	0.397770065	0.010350011	2.13174266191601E-07	-1327083586584.74	-1.00259636064194	0
-36.9	-0.000000000677061	0.00000001	4.53775	0.387015024	0.397568395	0.010553371	2.09066467956068E-07	-1330689791983.07	-0.98061195101345	0
-37	-0.000000000568044	0.00000001	4.51909	0.386898342	0.397305807	0.010407465	2.11997446063955E-07	-1334295997381.4	-0.99167204499771	0
-37.1	-0.000000000574899	0.00000001	4.51335	0.387351242	0.397702491	0.010351249	2.13148770742545E-07	-1337902202779.73	-0.994370172446043	0
-37.2	-0.000000000524461	0.00000001	4.40537	0.387777824	0.398251168	0.010473344	2.10663948400816E-07	-1341508408178.05	-0.980136236356156	0
-37.3	-0.0000000007447	0.00000001	4.42567	0.388435926	0.398684451	0.010248525	2.15285223971254E-07	-1345114613576.38	-0.998951853857129	0
-37.4	-0.000000000714505	0.00000001	4.39773	0.387995418	0.398383123	0.010387705	2.1240071796417E-07	-1348720818974.71	-0.982932158410904	0
-37.5	-0.000000000558817	0.00000001	4.28283	0.38783377	0.398089247	0.010255477	2.15139286061488E-07	-1352327024373.04	-0.992950551053021	0
-37.6	-0.000000000601375	0.00000001	4.22906	0.387493283	0.397812655	0.010319372	2.13807196794534E-07	-1355933229771.37	-0.984177972151598	0
-37.7	-0.000000000587118	0.00000001	4.04735	0.38724016	0.397596906	0.010356746	2.13035638800063E-07	-1359539435169.7	-0.978025275046197	0
-37.8	-0.000000000588787	0.00000001	4.11155	0.387184457	0.397661617	0.01047716	2.10587220200893E-07	-1363145640568.02	-0.964227198722039	0
-37.9	-0.000000000578952	0.00000001	4.00413	0.387142604	0.397351926	0.010209322	2.16111902435832E-07	-1366751845966.35	-0.986912483216202	0
-38	-0.000000000672483	0.00000001	4.03597	0.387130846	0.397711333	0.010580487	2.08530665932484E-07	-1370358051364.68	-0.949785421757267	0
-38.1	-0.000000000674403	0.00000001	3.94888	0.387462136	0.397818073	0.010355937	2.13052281024885E-07	-1373964256763.01	-0.967832893813832	0
-38.2	-0.00000000071193	0.00000001	3.91011	0.387513859	0.397646477	0.010132618	2.17747871280651E-07	-1377570462161.34	-0.986574124811647	0
-38.3	-0.000000000720584	0.00000001	3.83925	0.386617365	0.396883246	0.010265881	2.14921252252972E-07	-1381176667559.66	-0.971224779211061	0
-38.4	-0.000000000717056	0.00000001	3.81884	0.386024124	0.396218553	1.01944289999999E-02	2.16427619438029E-07	-1384782872957.99	-0.975485063572849	0
-38.5	-0.000000000751293	0.00000001	3.81362	0.385621752	0.395908939	0.010287187	2.1447612452267E-07	-1388389078356.32	-0.964178381970046	0
-38.6	-0.000000000729501	0.00000001	3.82382	0.384873942	0.395361316	0.010487374	2.10382122350171E-07	-1391995283754.65	-0.943323585667367	0
-38.7	-0.000000000712693	0.00000001	3.6193	0.384975567	0.395366262	0.010390695	2.12339598073084E-07	-1395601489152.98	-0.949640420720409	0
-38.8	-0.000000000730884	0.00000001	3.73084	0.385170485	0.3956868	0.010516315	2.09803148726526E-07	-1399207694551.3	-0.935878439006115	0
-38.9	-0.000000000719261	0.00000001	3.6987	0.385087569	0.395568146	0.010480577	2.10518562098251E-07	-1402813899949.63	-0.93665565497541	0
-39	-0.00000000059067	0.00000001	3.59926	0.385052782	0.395487115	0.010434333	2.11451560919131E-07	-1406420105347.96	-0.938394501120403	0
-39.1	-0.000000000618124	0.00000001	3.56452	0.385235941	0.395719471	0.01048353	2.10459263244347E-07	-1410026310746.29	-0.931602089907103	0
-39.2	-0.000000000606954	0.00000001	3.47808	0.385220274	0.395683148	0.010462874	2.10874755827127E-07	-1413632516144.62	-0.931060048294812	0
-39.3	-0.000000000616145	0.00000001	3.38507	0.384881749	0.395219206	0.010337457	2.1343314898432E-07	-1417238721542.94	-0.93995808419401	0
-39.4	-0.000000000609601	0.00000001	3.36496	0.384261922	0.394575518	0.010313596	2.13926936831731E-07	-1420844926941.27	-0.939741522591555	0
-39.5	-0.000000000568831	0.00000001	3.37238	0.383679666	0.394025081	0.010345415	2.13268969876993E-07	-1424451132339.6	-0.934479420103671	0
-39.6	-0.00000000059408	0.00000001	3.31634	0.38323078	0.393721397	0.010490617	2.10317086211422E-07	-1428057337737.93	-0.919218034140828	0
-39.7	-0.000000000613499	0.00000001	3.21809	0.382958566	0.393438097	0.010479531	2.10539574719518E-07	-1431663543136.26	-0.917872588876022	0
-39.8	-0.000000000638235	0.00000001	3.2631	0.383087135	0.393699006	0.010611871	2.07913948445095E-07	-1435269748534.58	-0.904148403559073	0
-39.9	-0.000000000681591	0.00000001	3.25674	0.38326856	0.393654417	0.010385857	2.12438511333249E-07	-1438875953932.91	-0.921508869288239	0
-40	-0.000000000685787	0.00000001	3.26806	0.383851352	0.394408842	0.01055749	2.08984900767133E-07	-1442482159331.24	-0.904261589857787	0
