2.500000465835936225e+01
4.112856178892638354e-03
2.508558351551534987e-03
2.306402634332834021e-03
1.994767981481631799e-03
1.703660925101729232e-03
1.451147494097889843e-03
1.235362072147573554e-03
1.051545062269232823e-03
8.950639524169994119e-04
7.618704744520578232e-04
6.485006537579375303e-04
5.520034401716103359e-04
4.698669683047562999e-04
3.999534995749945291e-04
3.404436869600198541e-04
2.897891083274953435e-04
2.466718848743811358e-04
2.099703291194066112e-04
1.787297203548916791e-04
1.521374386215342456e-04
1.295018061547470619e-04
1.102340815292223672e-04
9.383313673334203666e-05
7.987241598339762732e-05
6.798883667389200684e-05
5.787334315992822095e-05
4.926286626149241251e-05
4.193348003024631958e-05
3.569457692489225956e-05
3.038390995909103569e-05
2.586337261012898274e-05
2.201540691060477816e-05
1.873994587413887200e-05
1.595181090016209208e-05
1.357849676043404996e-05
1.155828573478270595e-05
9.838642703336800336e-06
8.374848800144368979e-06
7.128838547199406384e-06
6.068210044784570402e-06
5.165381981208753269e-06
4.396876794492746686e-06
3.742709828532132189e-06
3.185869855479590779e-06
2.711876537395117728e-06
2.308403889521844105e-06
1.964959908019592796e-06
1.672613437576861433e-06
1.423762333655177104e-06
