2.500000006109520356e+01
3.781218935791479281e-03
2.316347987057430866e-03
2.120562067088135275e-03
1.833530947558699139e-03
1.566173413444585773e-03
1.334235147110598681e-03
1.135984764522796888e-03
9.670691653684429859e-04
8.232469657613306329e-04
7.008080454423558543e-04
5.965756437249277594e-04
5.078420893144543723e-04
4.323019308989387781e-04
3.679927466742610319e-04
3.132442824674229985e-04
2.666350076930647565e-04
2.269550586819657923e-04
1.931746593275502429e-04
1.644172350894265581e-04
