2.500000465835936225e+01
4.110800514224151499e-03
2.507305281255142043e-03
2.305250273981723167e-03
1.993771127237840574e-03
1.702809390400112418e-03
1.450422043497420115e-03
1.234744389573096948e-03
1.051019200571163452e-03
8.946162718722455156e-04
7.614893524803364360e-04
6.481761945038857445e-04
5.517272189397268200e-04
4.696318132628497810e-04
3.997533051298228631e-04
3.402732554097546384e-04
2.896440148120350963e-04
2.465483623623520638e-04
2.098651705598800188e-04
1.786401956318252576e-04
1.520612234658071040e-04
1.294369218193719190e-04
1.101788435233409672e-04
9.378611092403143427e-05
7.983238142110671190e-05
6.795475404103404641e-05
5.784432758110996041e-05
4.923816435459582233e-05
4.191245050050129126e-05
3.567667381619242642e-05
3.036866852229150494e-05
2.585039710388453962e-05
2.200436048237320460e-05
1.873054168928332870e-05
1.594380485466304274e-05
1.357168097198555980e-05
1.155248324172654210e-05
9.833702834617527128e-06
8.370643337069222847e-06
7.125258354912880981e-06
6.065162079514744622e-06
5.162787183261356808e-06
4.394667699416396601e-06
3.740829211655911838e-06
3.184268826213408622e-06
2.710513519277787575e-06
2.307243519746643568e-06
1.963972030902761927e-06
1.671772527479544529e-06
1.423046313986460017e-06
