2.500000014038609208e+01
4.035859866845245905e-03
2.461377218039129556e-03
2.263465743198093006e-03
1.958026318012902334e-03
1.672573273341567811e-03
1.424880345488558232e-03
1.213158928385207240e-03
1.032764846047751206e-03
8.791689122605984927e-04
7.484095529806084708e-04
6.370949499105916418e-04
5.423342342386867172e-04
4.616658859870472289e-04
3.929943799460595033e-04
3.345358169542444419e-04
2.847715695024850618e-04
2.424088163069075953e-04
2.063469545477085551e-04
1.756490128457506659e-04
