2.500000465835936225e+01
4.113060623155373637e-03
2.508729355096876289e-03
2.306482050923044317e-03
1.994786640998754204e-03
1.703642396534355051e-03
1.451106503310542733e-03
1.235308198850782477e-03
1.051484637324699625e-03
8.950011624992115474e-04
7.618080589639882006e-04
6.484403637020460381e-04
5.519463478126146374e-04
4.698136796014607420e-04
3.999043012949337434e-04
3.403986497348644377e-04
2.897481591367399639e-04
2.466348578013733057e-04
2.099370016535825369e-04
1.786998383134964113e-04
1.521107337706330731e-04
1.294780083412851916e-04
1.102129267466974029e-04
9.381437234234730961e-05
7.985580406672724944e-05
6.797415579461581160e-05
5.786038907267411474e-05
4.925145191244630695e-05
4.192343547662964227e-05
3.568574816738542062e-05
3.037615829765324667e-05
2.585657354352382230e-05
2.200944887488071497e-05
1.873472939714280317e-05
1.594724742054237895e-05
1.357450756742734362e-05
1.155480106904580189e-05
9.835600790676399022e-06
8.372195099973554446e-06
7.126524974153289712e-06
6.066194096392983703e-06
5.163626348704072701e-06
4.395348611266371028e-06
3.741380348044403744e-06
3.184713753397952592e-06
2.710871670026556280e-06
2.307530864359446982e-06
1.964201721391208912e-06
1.671955286759221303e-06
1.423191120318352423e-06
