2.500000465835936225e+01
4.113884011320824430e-03
2.509184886781931547e-03
2.306978814640916250e-03
1.995266408794767882e-03
1.704086692583386964e-03
1.451510219545749459e-03
1.235670913575726265e-03
1.051807993245761335e-03
8.952877927833192799e-04
7.620610355184410196e-04
6.486628834721961615e-04
5.521415508412337624e-04
4.699845459330729506e-04
4.000535968512620305e-04
3.405289027619932962e-04
2.898616551321968999e-04
2.467336461840773944e-04
2.100229083924596988e-04
1.787744826895840556e-04
1.521755461993978299e-04
1.295342482888835905e-04
1.102617005925549511e-04
9.385664965812795676e-05
7.989243327796351571e-05
6.800587803058223842e-05
5.788785098288840080e-05
4.927521714112839311e-05
4.194399474143715171e-05
3.570352842556049071e-05
3.039153065064995835e-05
2.586986037667162651e-05
2.202093015156140427e-05
1.874464798669727442e-05
1.595581398330350904e-05
1.358190464794808562e-05
1.156118698802099728e-05
9.841112624276017278e-06
8.376951511551310433e-06
7.130628723865189178e-06
6.069734027419483293e-06
5.166679427153922012e-06
4.397981348741131559e-06
3.743650157100872494e-06
3.186670396953521605e-06
2.712558053163992636e-06
2.308984054278814668e-06
1.965453833157588145e-06
1.673034006699089769e-06
1.424120296518065664e-06
