2.499888018550332092e+01
2.321741325915791041e-05
1.025380896019189010e-06
4.654845431390956333e-08
2.115709434519056091e-09
9.617762853025698277e-11
4.383365559730318192e-12
2.152378477237346591e-13
9.732493984029740942e-14
9.732493984029740942e-14
9.732493984029740942e-14
9.732493984029740942e-14
9.732493984029740942e-14
9.732493984029740942e-14
9.732493984029740942e-14
9.732493984029740942e-14
9.732493984029740942e-14
9.732493984029740942e-14
9.732493984029740942e-14
9.732493984029740942e-14
