2.500321182137648179e+01
6.819171990074914588e-04
1.360206556194390438e-04
2.715987223853710283e-05
5.423782975486011654e-06
1.083144061846989018e-06
2.163077315047768018e-07
4.319749761487287227e-08
8.626774817539250945e-09
1.722838366347843735e-09
3.442069323797384625e-10
6.909905854011218041e-11
1.395723680891016881e-11
2.855865377823157518e-12
6.871255044386544473e-13
3.865080962467430951e-13
3.865080962467430951e-13
3.865080962467430951e-13
3.865080962467430951e-13
3.865080962467430951e-13
