2.500000010514468585e+01
3.545925644442620914e-03
2.187752915856605238e-03
1.988315667938602913e-03
1.717140564493888077e-03
1.466622116472263366e-03
1.249413660770003600e-03
1.063758509680893345e-03
9.055702588651375149e-04
7.708769798625335432e-04
6.562048420427920139e-04
5.585800647394419246e-04
4.754685445139247759e-04
4.047129439984050499e-04
3.444769679865558468e-04
2.931975246099876990e-04
2.495439507314105017e-04
2.123833317041684348e-04
1.807510243654877544e-04
1.538256046023259529e-04
