2.500000465835936225e+01
4.111005019002915602e-03
2.507476372707589853e-03
2.305329780180077719e-03
1.993789866317923366e-03
1.702790928827474818e-03
1.450381107337892633e-03
1.234690559906091202e-03
1.050958809741338058e-03
8.945535081645379812e-04
7.614269568008068213e-04
6.481159190359907533e-04
5.516701370352382816e-04
4.695785316992176495e-04
3.997041114529661801e-04
3.402282208821036597e-04
2.896030667620154973e-04
2.465113353698667365e-04
2.098318424230349530e-04
1.786103123289105093e-04
1.520345169776146903e-04
1.294131221002103838e-04
1.101576866874917361e-04
9.376734439918992415e-05
7.981576742427123298e-05
6.794007113527443216e-05
5.783137149421326944e-05
4.922674820721343626e-05
4.190240424249128039e-05
3.566784348849645224e-05
3.036091535776667646e-05
2.584359664155570039e-05
2.199840122539092248e-05
1.872532409839239824e-05
1.593924032825056714e-05
1.356769085296987219e-05
1.154899770366233542e-05
9.830660183834024897e-06
8.367988979297828761e-06
7.122944151107023233e-06
6.063145594306357872e-06
5.161031027360295852e-06
4.393139126997840568e-06
3.739499355396422679e-06
3.183112388621270404e-06
2.709508343239565844e-06
2.306370239596266082e-06
1.963213616127237851e-06
1.671114041151404156e-06
1.422474993286275284e-06
