0	-0.000216218	2	0.000746423	0	0
0.05	-0.000132096	2	0.000746209	-0.00264192	-378.512596899225
0.1	-0.0000519049	2	0.000735284	-0.000519049	-1926.60037876963
0.15	0.000024292	2	0.000725784	1.61946666666667E-04	6174.87238597069
0.2	0.0000966195	2	0.000715667	0.0004830975	2069.97552253945
0.25	0.000164986	2	0.000705993	0.000659944	1515.2800843708
0.3	0.00022947	2	0.000697083	0.0007649	1307.36043927311
0.35	0.000290109	2	0.000688232	8.28882857142857E-04	1206.44309552616
0.4	0.000346622	2	0.000680499	0.000866555	1153.99484164306
0.45	0.00039932	2	0.000672714	8.87377777777778E-04	1126.91575678654
0.5	0.000448086	2	0.000665666	0.000896172	1115.8572238365
0.55	0.000492717	2	0.000659537	8.95849090909091E-04	1116.25943492918
0.6	0.000533595	2	0.000653245	0.000889325	1124.4483175442
0.65	0.000570359	2	0.000647376	8.77475384615385E-04	1139.63310827041
0.7	0.000603331	2	0.000642766	8.61901428571429E-04	1160.22548153501
0.75	0.000632356	2	0.000638181	8.43141333333333E-04	1186.04077450044
0.8	0.000657544	2	0.000634601	0.00082193	1216.64861971214
0.85	0.000679007	2	0.000632034	7.98831764705882E-04	1251.82803711891
0.9	0.000697074	2	0.000628339	7.74526666666667E-04	1291.11113023868
0.95	0.000711523	2	0.00062642	7.48971578947368E-04	1335.16414789121
1	0.000722842	2	0.000625273	0.000722842	1383.42819039292
1.05	0.000731384	2	0.00062402	6.9655619047619E-04	1435.63435896875
1.1	0.000737831	2	0.000623248	6.70755454545454E-04	1490.85630720314
1.15	0.000742752	2	0.000623498	6.45871304347826E-04	1548.29606652018
1.2	0.0007464	2	0.000622412	0.000622	1607.71704180064
1.25	0.000749103	2	0.000622471	0.0005992824	1668.66238688138
1.3	0.000751469	2	0.000622879	5.78053076923077E-04	1729.94494782885
1.35	0.000753373	2	0.000622454	5.58054074074074E-04	1791.94104381229
1.4	0.00075504	2	0.000622737	5.39314285714286E-04	1854.20639966094
1.45	0.000756322	2	0.000622462	5.21601379310345E-04	1917.17284437052
1.5	0.000757662	2	0.000622589	0.000505108	1979.77462245698
1.55	0.000758989	2	0.000622365	4.89670322580645E-04	2042.19033477429
1.6	0.000759953	2	0.000622332	0.000474970625	2105.39335985252
1.65	0.00076113	2	0.000622181	4.61290909090909E-04	2167.82941153285
1.7	0.000762095	2	0.000622269	4.48291176470588E-04	2230.69302383561
1.75	0.000762915	2	0.000622468	4.35951428571429E-04	2293.83352011692
1.8	0.000764006	2	0.000622822	4.24447777777778E-04	2356.00243977142
1.85	0.000764792	2	0.000622238	4.13401081081081E-04	2418.95835730499
1.9	0.000765489	2	0.00062253	4.02888947368421E-04	2482.07355037107
1.95	0.000766288	2	0.000622627	3.92968205128205E-04	2544.73513874679
2	0.00076717	2	0.000622396	0.000383585	2606.98411043185
2.05	0.000768125	2	0.000621704	3.7469512195122E-04	2668.83645240033
2.1	0.000768751	2	0.000621978	3.66071904761905E-04	2731.70376363738
2.15	0.000769599	2	0.000622395	3.57953023255814E-04	2793.66267367811
2.2	0.000770331	2	0.000622092	3.50150454545454E-04	2855.91518451159
2.25	0.000771097	2	0.00062177	3.42709777777778E-04	2917.92083226883
2.3	0.000771754	2	0.000622121	3.35545217391304E-04	2980.22426835494
2.35	0.000772367	2	0.000622025	3.28666808510638E-04	3042.59503577962
2.4	0.000773039	2	0.000622152	3.22099583333333E-04	3104.62990871094
2.45	0.000773805	2	0.000622591	3.15838775510204E-04	3166.17235608454
2.5	0.00077442	2	0.000622049	0.000309768	3228.22241161127
2.55	0.000774992	2	0.00062232	3.03918431372549E-04	3290.35654561595
2.6	0.000775713	2	0.00062242	2.98351153846154E-04	3351.75509499003
2.65	0.000776218	2	0.000622033	2.92912452830189E-04	3413.98936896593
2.7	0.000776876	2	0.000622224	2.87731851851852E-04	3475.45811686807
2.75	0.000777463	2	0.000621664	2.82713818181818E-04	3537.14581915795
2.8	0.000778072	2	0.000622046	2.77882857142857E-04	3598.63868639406
2.85	0.000778668	2	0.000622224	2.73216842105263E-04	3660.09647243755
2.9	0.000779378	2	0.000621756	2.68751034482759E-04	3720.91590986659
2.95	0.000779857	2	0.000622348	2.64358305084746E-04	3782.74478526191
3	0.000780381	2	0.000621968	0.000260127	3844.27606515279
3.05	0.000780941	2	0.000621977	2.56046229508197E-04	3905.54472104807
3.1	0.000781572	2	0.000622086	0.00025212	3966.36522290973
3.15	0.000782092	2	0.000622094	2.48283174603175E-04	4027.65915007442
3.2	0.000782727	2	0.000621922	0.0002446021875	4088.27087860774
3.25	0.000783253	2	0.000621771	2.41000923076923E-04	4149.3617004978
3.3	0.000783704	2	0.000622202	2.37486060606061E-04	4210.77345528414
3.35	0.000784288	2	0.000622319	2.34115820895522E-04	4271.39010159533
3.4	0.000784887	2	0.000621659	2.30849117647059E-04	4331.83375441306
3.45	0.000785442	2	0.000621721	2.27664347826087E-04	4392.43126799942
3.5	0.000785813	2	0.000622209	0.000224518	4453.98587195681
3.55	0.000786345	2	0.000622108	2.21505633802817E-04	4514.55785946372
3.6	0.000787034	2	0.000621931	2.18620555555556E-04	4574.13529783974
3.65	0.000787362	2	0.000622184	2.15715616438356E-04	4635.73299194017
3.7	0.000787966	2	0.000621397	2.12963783783784E-04	4695.63407558194
3.75	0.000788439	2	0.000621728	0.0002102504	4756.23351965085
3.8	0.000789022	2	0.000621478	2.07637368421053E-04	4816.08877825967
3.85	0.000789446	2	0.000621315	2.05050909090909E-04	4876.83768110802
3.9	0.000789877	2	0.000621563	2.02532564102564E-04	4937.47760727303
3.95	0.000790505	2	0.000621247	2.00127848101266E-04	4996.80583930525
4	0.00079088	2	0.000621437	0.00019772	5057.65729314182
4.05	0.000791298	2	0.000621344	1.95382222222222E-04	5118.17292600259
4.1	0.000791842	2	0.000621725	1.93132195121951E-04	5177.80062184123
4.15	0.000792193	2	0.00062105	1.90889879518072E-04	5238.62240640854
4.2	0.000792773	2	0.000621355	1.88755476190476E-04	5297.85953860689
4.25	0.000793145	2	0.000621261	1.86622352941176E-04	5358.41491782713
4.3	0.000793702	2	0.000621317	1.84581860465116E-04	5417.65045319276
4.35	0.000794151	2	0.000620816	1.82563448275862E-04	5477.5477207735
4.4	0.000794582	2	0.000621071	1.80586818181818E-04	5537.50273728829
4.45	0.000794922	2	0.000621168	1.78634157303371E-04	5598.03351775394
4.5	0.000795348	2	0.000621607	0.000176744	5657.90069252705
4.55	0.000795802	2	0.000621311	1.74901538461538E-04	5717.50259486656
4.6	0.000796159	2	0.000621678	1.73078043478261E-04	5777.74037598017
4.65	0.000796604	2	0.000621507	1.71312688172043E-04	5837.27925041803
4.7	0.000797165	2	0.000621592	1.69609574468085E-04	5895.89357284878
4.75	0.00079749	2	0.00062148	1.67892631578947E-04	5956.18753840174
4.8	0.000797845	2	0.000621268	1.66217708333333E-04	6016.20615533092
4.85	0.000798331	2	0.000621924	1.64604329896907E-04	6075.17433245108
4.9	0.000798674	2	0.000621574	1.62994693877551E-04	6135.16904268826
4.95	0.000799148	2	0.000621699	1.6144404040404E-04	6194.09671299935
5	0.000799531	2	0.000621273	0.0001599062	6253.66621181668
5.05	0.000800156	2	0.000620983	1.58446732673267E-04	6311.26930248601
5.1	0.000800577	2	0.000620809	1.56975882352941E-04	6370.40534514481
5.15	0.000800817	2	0.000620571	1.55498446601942E-04	6430.93241027601
5.2	0.000801132	2	0.000621294	1.54063846153846E-04	6490.81549607306
5.25	0.000801796	2	0.000621424	1.52723047619048E-04	6547.80018857665
5.3	0.000802079	2	0.000620839	1.51335660377359E-04	6607.8279072261
5.35	0.000802636	2	0.000621086	1.50025420560748E-04	6665.53705540245
5.4	0.000802977	2	0.000620883	1.48699444444444E-04	6724.97468794249
5.45	0.000803359	2	0.000620734	1.47405321100917E-04	6784.01561443887
5.5	0.000803756	2	0.000620619	1.46137454545455E-04	6842.87271261428
5.55	0.000804128	2	0.000620963	1.44887927927928E-04	6901.88626686299
5.6	0.000804514	2	0.000620593	1.43663214285714E-04	6960.72411418571
5.65	0.000804864	2	0.000620782	1.42453805309734E-04	7019.81949745547
5.7	0.000805332	2	0.000620713	1.41286315789474E-04	7077.82628779187
5.75	0.000805708	2	0.000620559	1.40123130434783E-04	7136.58049814573
5.8	0.000805992	2	0.000620977	1.38964137931034E-04	7196.10120199704
5.85	0.000806367	2	0.000620906	1.37840512820513E-04	7254.76116954191
5.9	0.000806793	2	0.00062089	1.36744576271186E-04	7312.90430135115
5.95	0.000807259	2	0.000620714	1.35673781512605E-04	7370.62082925059
6	0.000807637	2	0.000620992	1.34606166666667E-04	7429.08014367841
6.05	0.000807982	2	0.000621084	1.33550743801653E-04	7487.7905695919
6.1	0.000808427	2	0.000620687	1.32529016393443E-04	7545.51740602429
6.15	0.000808826	2	0.000621055	1.31516422764228E-04	7603.61313805441
6.2	0.000809127	2	0.000620684	1.3050435483871E-04	7662.57954560903
6.25	0.000809657	2	0.000620792	0.00012954512	7719.31818041467
6.3	0.00081007	2	0.000620712	1.2858253968254E-04	7777.10568222499
6.35	0.000810487	2	0.000621234	1.27635748031496E-04	7834.79562287859
6.4	0.000810885	2	0.000620972	0.00012670078125	7892.61115941225
6.45	0.000811333	2	0.000620831	1.25788062015504E-04	7949.88001227609
6.5	0.000811723	2	0.000621034	1.24880461538462E-04	8007.65778473691
6.55	0.000812168	2	0.000620558	1.23995114503817E-04	8064.83387673486
6.6	0.000812589	2	0.00062057	1.23119545454545E-04	8122.18723118329
6.65	0.000813052	2	0.000620354	1.22263458646617E-04	8179.05865799481
6.7	0.000813467	2	0.000620427	1.21412985074627E-04	8236.35132095094
6.75	0.000813898	2	0.000620539	1.20577481481481E-04	8293.42251731789
6.8	0.00081427	2	0.000620538	1.19745588235294E-04	8351.03835337173
6.85	0.000814623	2	0.000620854	1.18923065693431E-04	8408.79768923784
6.9	0.000815166	2	0.000620427	0.00011814	8464.53360419841
6.95	0.000815605	2	0.00062053	1.17353237410072E-04	8521.28174790493
7	0.000816097	2	0.000620325	1.16585285714286E-04	8577.41175374986
7.05	0.000816442	2	0.000620598	1.15807375886525E-04	8635.02857520804
7.1	0.000817023	2	0.000620697	1.15073661971831E-04	8690.08583601686
7.15	0.0008175	2	0.000620242	1.14335664335664E-04	8746.17737003058
7.2	0.00081789	2	0.000620088	1.13595833333333E-04	8803.13978652386
7.25	0.000818321	2	0.000620554	1.12871862068966E-04	8859.60399403168
7.3	0.000818909	2	0.000620519	1.12179315068493E-04	8914.29939101903
7.35	0.00081936	2	0.000620617	1.11477551020408E-04	8970.41593438781
7.4	0.000819784	2	0.000620751	1.10781621621622E-04	9026.76802669972
7.45	0.000820133	2	0.000621124	1.10084966442953E-04	9083.89249060823
7.5	0.000820625	2	0.000620825	1.09416666666667E-04	9139.37547600914
7.55	0.000821259	2	0.000621251	1.08776026490066E-04	9193.20214451227
7.6	0.000821846	2	0.000620863	1.08137631578947E-04	9247.47458769648
7.65	0.000822351	2	0.000620713	1.07496862745098E-04	9302.59706621625
7.7	0.000822795	2	0.000620832	1.06856493506494E-04	9358.34563895016
7.75	0.000823311	2	0.000620978	1.06233677419355E-04	9413.21080369387
7.8	0.00082396	2	0.000620635	1.05635897435897E-04	9466.47895528909
7.85	0.00082443	2	0.000620983	1.05022929936306E-04	9521.73016508375
7.9	0.000825019	2	0.000621262	1.04432784810127E-04	9575.53704823768
7.95	0.000825572	2	0.000620959	1.03845534591195E-04	9629.68705333999
8	0.000826226	2	0.00062107	0.00010327825	9682.58079508512
8.05	0.000826888	2	0.000620695	1.0271900621118E-04	9735.29667863121
8.1	0.000827545	2	0.000620584	1.02166049382716E-04	9787.98736020398
8.15	0.000828247	2	0.000620339	1.01625398773006E-04	9840.0597889277
8.2	0.000828978	2	0.000620401	1.0109487804878E-04	9891.69797027183
8.25	0.000829473	2	0.000620088	1.00542181818182E-04	9946.07419409673
8.3	0.00083023	2	0.000620606	1.00027710843373E-04	9997.22968334076
8.35	0.000831001	2	0.000620594	9.95210778443114E-05	10048.1226857729
8.4	0.00083175	2	0.000620156	9.90178571428571E-05	10099.1884580703
8.45	0.000832464	2	0.000619986	9.8516449704142E-05	10150.5890945434
8.5	0.00083308	2	0.00062056	9.80094117647059E-05	10203.1017429298
8.55	0.000833834	2	0.000620323	9.75244444444444E-05	10253.8394932325
8.6	0.000834641	2	0.000619909	9.70512790697674E-05	10303.831228037
8.65	0.000835426	2	0.000620527	9.65810404624277E-05	10353.9990376167
8.7	0.000836209	2	0.000620307	9.61159770114942E-05	10404.0975402082
8.75	0.000837107	2	0.000620471	9.56693714285714E-05	10452.6661466216
8.8	0.000837791	2	0.000620419	9.52035227272727E-05	10503.8130034818
8.85	0.000838723	2	0.00062038	9.47709604519774E-05	10551.7554663459
8.9	0.000839504	2	0.00062052	9.43262921348315E-05	10601.4980274067
8.95	0.00084044	2	0.00062035	9.39039106145251E-05	10649.1837608872
9	0.000841395	2	0.000620471	9.34883333333333E-05	10696.5218476459
9.05	0.000842424	2	0.00062012	9.30855248618785E-05	10742.8088468515
9.1	0.000843304	2	0.000620296	9.26707692307692E-05	10790.8891692675
9.15	0.000844168	2	0.000620443	9.22587978142076E-05	10839.0746865553
9.2	0.000845148	2	0.000620456	9.18639130434783E-05	10885.6673624028
9.25	0.000846245	2	0.000620198	9.1485945945946E-05	10930.6406537114
9.3	0.000847311	2	0.000620051	9.11087096774194E-05	10975.8990500536
9.35	0.000848267	2	0.000620364	9.0723743315508E-05	11022.472877054
9.4	0.000849358	2	0.000620146	9.03572340425532E-05	11067.1825072584
9.45	0.000850447	2	0.000620085	8.99943915343915E-05	11111.8035574233
9.5	0.000851507	2	0.000620372	8.96323157894737E-05	11156.6904323746
9.55	0.000852736	2	0.000620027	8.92917277486911E-05	11199.2457220054
9.6	0.00085379	2	0.00062025	8.89364583333333E-05	11243.9827123766
9.65	0.000854873	2	0.000620255	8.85878756476684E-05	11288.2264383131
9.7	0.000856105	2	0.000620396	8.82582474226804E-05	11330.3858755643
9.75	0.000857296	2	0.000620298	8.79277948717949E-05	11372.968029712
9.8	0.000858643	2	0.000620355	8.76166326530612E-05	11413.3580545116
9.85	0.000859889	2	0.000620288	8.72983756345178E-05	11454.966862002
9.9	0.000861266	2	0.00062021	8.69965656565656E-05	11494.706629543
9.95	0.000862709	2	0.000620639	8.67044221105528E-05	11533.4371149484
10	0.000864046	2	0.000620227	0.0000864046	11573.4578946028
