7.517128885125301530e-02
7.517128885125301530e-02
7.517128885125301530e-02
7.517128885125301530e-02
7.517128885125301530e-02
7.517128885125301530e-02
7.517128885125301530e-02
7.517128885125301530e-02
7.517128885125301530e-02
7.517128885125301530e-02
7.517128885125301530e-02
7.517128885125301530e-02
7.517128885125301530e-02
7.517128885125301530e-02
7.517128885125301530e-02
7.517128885125301530e-02
7.517128885125301530e-02
7.517128885125301530e-02
7.517128885125301530e-02
7.517128885125301530e-02
7.517128885125301530e-02
7.543084562087262746e-02
7.574293982051422125e-02
7.611037280069586630e-02
7.653548003187324311e-02
7.702017350944938279e-02
7.756598447774164240e-02
7.817410505106718588e-02
7.884542777067728159e-02
7.958058249714021481e-02
8.037997031165589057e-02
8.124379430094540167e-02
8.217208724279052856e-02
8.316473630570113407e-02
8.422150493747465605e-02
8.534205215260919075e-02
8.652594944486548256e-02
8.777269555439129456e-02
8.908172931302354991e-02
9.045244077989073039e-02
9.188418086458879919e-02
9.337626961868104869e-02
9.492800335923302912e-02
9.653866077132317036e-02
9.820750812046478984e-02
9.993380369093507465e-02
1.017168015522840058e-01
1.035557547438503423e-01
1.054499179559263422e-01
1.073985497762425106e-01
1.094009145616066658e-01
1.114562839867365013e-01
1.135639383154797011e-01
1.157231674336201277e-01
1.179332716772319017e-01
1.201935624859822027e-01
1.225033629068116581e-01
1.248620079699733904e-01
1.272688449564187418e-01
1.297232335729216479e-01
1.322245460490864000e-01
1.347721671684360412e-01
1.373654942440921956e-01
1.400039370481009904e-01
1.426869177021972412e-01
1.454138705367079287e-01
1.481842419233534158e-01
1.509974900868883974e-01
1.538530848998202472e-01
1.567505076638327499e-01
1.596892508810157651e-01
1.626688180175468734e-01
1.656887232620774808e-01
1.687484912807354631e-01
1.718476569703640822e-01
1.749857652113621098e-01
1.781623706212722980e-01
1.813770373100767608e-01
1.846293386379929402e-01
1.879188569764282113e-01
1.912451834726238420e-01
1.946079178184215164e-01
1.980066680234912890e-01
2.014410501932847875e-01
2.049106883119121147e-01
2.084152140300820910e-01
2.119542664581983704e-01
2.155274919646603671e-01
2.191345439793833394e-01
2.227750828025182872e-01
2.264487754183278079e-01
2.301552953141469127e-01
2.338943223043393194e-01
2.376655423591385874e-01
2.414686474382435055e-01
2.453033353290251517e-01
2.491693094891780924e-01
2.530662788936360319e-01
2.569939578855499063e-01
2.609520660311039353e-01
2.649403279779217746e-01
2.689584733167844632e-01
2.730062364463460844e-01
2.770833564404918681e-01
2.811895769179307836e-01
2.853246459135536650e-01
2.894883157510071969e-01
2.936803429158424961e-01
2.979004879284801732e-01
3.021485152160858778e-01
3.064241929822775212e-01
3.107272930733637750e-01
3.150575908395432112e-01
3.194148649891606628e-01
3.237988974337042691e-01
3.282094731207162441e-01
3.326463798511620773e-01
3.371094080770223878e-01
3.415983506739063702e-01
3.461130026822966665e-01
3.506531610095502960e-01
3.552186240829548480e-01
3.598091914418649062e-01
3.644246632541303654e-01
3.690648397385322133e-01
3.737295204706099772e-01
3.784185035438774602e-01
3.831315845517400120e-01
3.878685553471211689e-01
3.926292025264876417e-01
3.974133055721378871e-01
4.022206345706909048e-01
4.070509474059196831e-01
4.119039862995028667e-01
4.167794735427760022e-01
4.216771062247594015e-01
4.265965497149442620e-01
4.315374296014782285e-01
4.364993217140942794e-01
4.414817397735094628e-01
4.464841201018094896e-01
4.515058026978805428e-01
4.565460078243877007e-01
4.616038070643428415e-01
4.666780875829119601e-01
4.717675080724154091e-01
4.768704445675758796e-01
4.819849240022323067e-01
4.871085430565345042e-01
4.922383695503272927e-01
4.973708234348960255e-01
5.025015344205249201e-01
5.076251736046456520e-01
5.127352573609887942e-01
5.178239235313252253e-01
5.228816830452359676e-01
5.278971549800748342e-01
5.328568002758032884e-01
5.377446791980388108e-01
5.425422700979143364e-01
5.472284010117230979e-01
5.517793585985281135e-01
5.561692461920432207e-01
5.603706576688061158e-01
5.643557089372737146e-01
5.680974189128259466e-01
5.715713585242980788e-01
5.747574024962213146e-01
5.776413490377418913e-01
5.802161469428636087e-01
5.824825093969534517e-01
5.844487980816011063e-01
5.861302020733215601e-01
5.875473689350922957e-01
5.887247295009401249e-01
5.896887742466166982e-01
5.904664957920108259e-01
5.910841349199902339e-01
5.915662856247496659e-01
5.919353489645631239e-01
5.922112845799638592e-01
5.922112845799638592e-01
5.922112845799638592e-01
5.922112845799638592e-01
5.922112845799638592e-01
5.922112845799638592e-01
5.922112845799638592e-01
5.922112845799638592e-01
5.922112845799638592e-01
5.922112845799638592e-01
5.922112845799638592e-01
5.922112845799638592e-01
5.922112845799638592e-01
5.922112845799638592e-01
5.922112845799638592e-01
5.922112845799638592e-01
5.922112845799638592e-01
5.922112845799638592e-01
5.922112845799638592e-01
5.922112845799638592e-01
5.922112845799638592e-01
