2.574167052326474872e-02
2.574167052326474872e-02
2.574167052326474872e-02
2.574167052326474872e-02
2.574167052326474872e-02
2.574167052326474872e-02
2.574167052326474872e-02
2.574167052326474872e-02
2.574167052326474872e-02
2.574167052326474872e-02
2.574167052326474872e-02
2.574167052326474872e-02
2.574167052326474872e-02
2.574167052326474872e-02
2.574167052326474872e-02
2.574167052326474872e-02
2.574167052326474872e-02
2.574167052326474872e-02
2.574167052326474872e-02
2.574167052326474872e-02
2.574167052326474872e-02
2.574167052326474872e-02
2.574167052326474872e-02
2.574167052326474872e-02
2.574167052326474872e-02
2.574167052326474872e-02
2.574167052326474872e-02
2.574167052326474872e-02
2.574167052326474872e-02
2.574167052326474872e-02
2.574167052326474872e-02
2.574167052326474872e-02
2.574167052326474872e-02
2.574167052326474872e-02
2.574167052326474872e-02
2.574167052326474872e-02
2.574167052326474872e-02
2.574167052326474872e-02
2.574167052326474872e-02
2.574167052326474872e-02
2.574167052326474872e-02
2.574167052326474872e-02
2.574167052326474872e-02
2.574167052326474872e-02
2.574167052326474872e-02
2.574167052326474872e-02
2.574167052326474872e-02
2.574167052326474872e-02
2.574167052326474872e-02
2.574167052326474872e-02
2.574167052326474872e-02
2.574167052326474872e-02
2.574167052326474872e-02
2.574167052326474872e-02
2.574167052326474872e-02
2.574167052326474872e-02
2.574167052326474872e-02
2.574167052326474872e-02
2.574167052326474872e-02
2.574167052326474872e-02
2.574167052326474872e-02
2.574167052326474872e-02
2.574167052326474872e-02
2.574167052326474872e-02
2.574167052326474872e-02
2.574167052326474872e-02
2.574167052326474872e-02
2.574167052326474872e-02
2.574167052326474872e-02
2.574167052326474872e-02
2.574167052326474872e-02
2.574167052326474872e-02
2.574167052326474872e-02
2.574167052326474872e-02
2.574167052326474872e-02
2.574167052326474872e-02
2.574167052326474872e-02
2.574167052326474872e-02
2.574167052326474872e-02
2.574167052326474872e-02
2.574167052326474872e-02
2.574167052326474872e-02
2.574167052326474872e-02
2.574167052326474872e-02
2.574167052326474872e-02
2.574167052326474872e-02
2.574167052326474872e-02
2.574167052326474872e-02
2.574167052326474872e-02
2.574167052326474872e-02
2.574167052326474872e-02
2.574167052326474872e-02
2.574167052326474872e-02
2.574167052326474872e-02
2.574167052326474872e-02
2.574167052326474872e-02
2.574167052326474872e-02
2.574167052326474872e-02
2.574167052326474872e-02
2.574167052326474872e-02
2.574167052326474872e-02
2.576171024869032197e-02
2.578369959484717866e-02
2.580767849690168009e-02
2.583368080883193668e-02
2.586173462615835514e-02
2.589186260959513292e-02
2.592408230680152276e-02
2.595840646988676129e-02
2.599484336674059634e-02
2.603339708462626065e-02
2.607406782479128327e-02
2.611685218712790288e-02
2.616174344415408276e-02
2.620873180379188622e-02
2.625780466059605966e-02
2.630894683523567201e-02
2.636214080215842567e-02
2.641736690547347860e-02
2.647460356317708069e-02
2.653382745991797118e-02
2.659501372855844689e-02
2.665813612083415066e-02
2.672316716745223170e-02
2.679007832799572622e-02
2.685884013102205273e-02
2.692942230475736318e-02
2.700179389879679009e-02
2.707592339722431768e-02
2.715177882356559907e-02
2.722932783798361067e-02
2.730853782712093156e-02
2.738937598698390832e-02
2.747180939925434814e-02
2.755580510140256956e-02
2.764133015096343141e-02
2.772835168432389447e-02
2.781683697035683411e-02
2.790675345922189257e-02
2.799806882664000393e-02
2.809075101393416346e-02
2.818476826411466310e-02
2.828008915427351888e-02
2.837668262453885495e-02
2.847451800382705053e-02
2.857356503261719582e-02
2.867379388296028772e-02
2.877517517592334539e-02
2.887767999665713861e-02
2.898127990726467179e-02
2.908594695763805360e-02
2.919165369441971414e-02
2.929837316823560855e-02
2.940607893933788741e-02
2.951474508178630191e-02
2.962434618628915009e-02
2.973485736181663217e-02
2.984625423609221784e-02
2.995851295506042969e-02
3.007161018142293432e-02
3.018552309232857764e-02
3.030022937629696031e-02
3.041570722944988980e-02
3.053193535111943177e-02
3.064889293889683577e-02
3.076655968318163861e-02
3.088491576128610944e-02
3.100394183114614163e-02
3.112361902468582450e-02
3.124392894087945141e-02
3.136485363855135572e-02
3.148637562895094388e-02
3.160847786813714144e-02
3.173114374920409791e-02
3.185435709437717949e-02
3.197810214700605447e-02
3.210236356347933445e-02
3.222712640508337834e-02
3.235237612982587441e-02
3.247809858424276913e-02
3.260427999520586206e-02
3.273090696174667941e-02
3.285796644691049706e-02
3.298544576965368319e-02
3.311333259679566376e-02
3.324161493503603043e-02
3.337028112304612354e-02
3.349931982364350719e-02
3.362872001605658051e-02
3.375847098828626408e-02
3.388856232957028480e-02
3.401898392295521489e-02
3.414972593798087236e-02
3.428077882348053856e-02
3.441213330050069824e-02
3.454378035534251545e-02
3.467571123272773087e-02
3.480791742909046527e-02
3.494039068599647663e-02
3.507312298369089781e-02
3.520610653477505153e-02
3.533933377801274506e-02
3.547279737226625290e-02
3.560649019056160575e-02
3.574040531428306078e-02
3.587453602749583748e-02
3.600887581139663313e-02
3.614341833889066213e-02
3.627815746929439339e-02
3.641308724316235507e-02
3.654820187723702846e-02
3.668349575951999897e-02
3.681896344446294878e-02
3.695459964827678412e-02
3.709039924435714175e-02
3.722635725882443569e-02
3.736246886617659857e-02
3.749872938505258851e-02
3.763513427410477424e-02
3.777167912797810279e-02
3.790835967339410695e-02
3.804517176533776107e-02
3.818211138334502708e-02
3.831917462788926587e-02
3.845635771686415488e-02
3.859365698216127294e-02
3.873106886634034712e-02
3.886858991939001751e-02
3.900621679557701033e-02
3.914394625038199876e-02
3.928177513751984068e-02
3.941970040604246550e-02
3.955771909752224536e-02
3.969582834331419896e-02
3.983402536189473847e-02
3.997230745627553677e-02
4.011067201149027400e-02
4.024911649215261872e-02
4.038763844008367437e-02
4.052623547200703835e-02
4.066490527730981519e-02
4.080364561586784233e-02
4.094245431593347001e-02
4.108132927208421603e-02
4.122026844323081057e-02
4.135926985068291012e-02
4.149833157627104419e-02
4.163745176052319197e-02
4.177662860089471214e-02
4.191586035004980088e-02
4.205514531419354135e-02
4.219448185145278224e-02
4.233386837030474192e-02
4.247330332805182573e-02
4.261278522934153212e-02
4.275231262473008775e-02
4.289188410928866657e-02
4.303149832125094387e-02
4.317115394070081269e-02
4.331084968829915921e-02
4.345058432404855925e-02
4.359035664609485494e-02
4.373016548956448757e-02
4.387000972543676769e-02
4.400988825944965321e-02
4.414980003103854272e-02
4.428974401230685587e-02
4.442971920702755428e-02
4.456972464967473568e-02
4.470975940448432967e-02
4.484982256454312505e-02
4.498991325090529597e-02
4.513003061173565672e-02
4.527017382147871527e-02
4.541034208005304690e-02
4.555053461206973880e-02
4.569075066607478780e-02
4.583098951381444491e-02
4.597125044952275752e-02
4.611153278923086490e-02
4.625183587009717295e-02
4.639215904975797083e-02
4.653250170569777494e-02
4.667286323463890746e-02
4.681324305194960872e-02
4.695364059107023924e-02
4.709405530295696085e-02
4.723448665554237647e-02
4.737493413321275382e-02
4.751539723630104906e-02
4.765587548059561224e-02
4.779636839686381145e-02
4.793687553039020083e-02
4.807739644052895500e-02
4.821793070026988981e-02
4.835847789581787515e-02
4.849903762618511943e-02
4.863960950279584000e-02
4.878019314910325005e-02
4.892078820021816127e-02
4.906139430254904954e-02
4.920201111345315348e-02
4.934263830089839764e-02
4.948327554313546039e-02
4.962392252838009749e-02
4.976457895450531882e-02
4.990524452874279399e-02
5.004591896739365303e-02
5.018660199554813434e-02
5.032729334681378119e-02
5.046799276305207610e-02
5.060869999412318659e-02
5.074941479763857982e-02
5.089013693872126987e-02
5.103086618977337868e-02
5.117160233025097593e-02
5.131234514644578137e-02
5.145309443127360494e-02
5.159384998406939260e-02
5.173461161038847567e-02
5.187537912181407890e-02
5.201615233577065733e-02
5.215693107534304096e-02
5.229771516910124152e-02
5.243850445093050511e-02
5.257929875986677715e-02
5.272009793993717719e-02
5.286090184000538650e-02
5.300171031362183038e-02
5.314252321887846103e-02
5.328334041826817552e-02
5.342416177854835552e-02
5.356498717060881321e-02
5.370581646934374787e-02
5.384664955352761601e-02
5.398748630569485257e-02
5.412832661202340162e-02
5.426917036222183438e-02
5.441001744941979801e-02
5.455086777006211418e-02
5.469172122380595163e-02
5.483257771342123221e-02
5.497343714469418718e-02
5.511429942633380014e-02
5.525516446988121277e-02
5.539603218962192710e-02
5.553690250250069294e-02
5.567777532803908080e-02
5.581865058825555281e-02
5.595952820758803847e-02
5.610040811281893219e-02
5.624129023300238756e-02
5.638217449939381815e-02
5.652306084538168823e-02
5.666394920642132960e-02
5.680483951997079839e-02
5.694573172542884837e-02
5.708662576407463884e-02
5.722752157900952430e-02
5.736841911510041220e-02
5.750931831892504287e-02
5.765021913871895554e-02
5.779112152432400867e-02
5.793202542713855180e-02
5.807293080006917241e-02
5.821383759748387232e-02
5.835474577516677058e-02
5.849565529027409005e-02
5.863656610129169833e-02
5.877747816799373803e-02
5.891839145140270739e-02
5.905930591375082445e-02
5.920022151844231417e-02
5.934113823001711807e-02
5.948205601411563070e-02
5.962297483744460891e-02
5.976389466774405246e-02
5.990481547375512555e-02
6.004573722518908446e-02
6.018665989269721822e-02
6.032758344784162202e-02
6.046850786306694897e-02
6.060943311167302922e-02
6.075035916778834255e-02
6.089128600634426125e-02
6.103221360305012555e-02
6.117314193436918651e-02
6.131407097749509705e-02
6.145500071032927725e-02
6.159593111145895278e-02
6.173686216013588718e-02
6.187779383625570395e-02
6.201872612033794419e-02
6.215965899350670010e-02
6.230059243747179676e-02
6.244152643451066076e-02
6.258246096745069542e-02
6.272339601965215561e-02
6.286433157499166091e-02
6.300526761784608354e-02
6.314620413307715785e-02
6.328714110601625642e-02
6.342807852244998490e-02
6.356901636860587401e-02
6.370995463113873769e-02
6.385089329711750306e-02
6.399183235401224856e-02
6.413277178968172787e-02
6.427371159236142106e-02
6.441465175065171078e-02
6.455559225350657182e-02
6.469653309022262155e-02
6.483747425042844792e-02
6.497841572407429822e-02
6.511935750142208712e-02
6.526029957303573770e-02
6.540124192977171680e-02
6.554218456277008387e-02
6.568312746344545650e-02
6.582407062347876703e-02
6.596501403480869996e-02
6.610595768962383711e-02
6.624690158035484444e-02
6.638784569966695026e-02
6.652879004045274269e-02
6.666973459582489769e-02
6.681067935910950384e-02
6.695162432383926221e-02
6.709256948374715812e-02
6.723351483276020224e-02
6.737446036499344926e-02
6.751540607474405820e-02
6.765635195648560252e-02
6.779729800486271329e-02
6.793824421468552810e-02
6.807919058092475051e-02
6.822013709870650144e-02
6.836108376330751746e-02
6.850203057015047392e-02
6.864297751479936371e-02
6.878392459295512573e-02
6.892487180045134276e-02
6.906581913325011979e-02
6.920676658743807330e-02
6.934771415922236226e-02
6.948866184492699660e-02
6.962960964098914574e-02
6.977055754395553033e-02
6.991150555047913329e-02
7.005245365731564700e-02
7.019340186132046189e-02
7.033435015944534963e-02
7.047529854873560429e-02
7.061624702632687822e-02
7.075719558944255916e-02
7.089814423539082811e-02
7.103909296156206421e-02
7.118004176542619410e-02
7.132099064453018000e-02
7.146193959649563276e-02
7.160288861901631385e-02
7.174383770985594266e-02
7.188478686684589281e-02
7.202573608788311044e-02
7.216668537092790769e-02
7.230763471400200593e-02
7.244858411518644015e-02
7.258953357261985206e-02
7.273048308449640842e-02
7.287143264906414952e-02
7.301238226462308800e-02
7.315333192952364061e-02
7.329428164216487962e-02
7.343523140099300628e-02
7.357618120449971322e-02
7.371713105122069953e-02
7.385808093973426913e-02
7.399903086865976254e-02
7.413998083665623851e-02
7.428093084242118338e-02
7.442188088468908169e-02
7.456283096223022266e-02
7.470378107384942346e-02
7.484473121838478016e-02
7.498568139470659921e-02
7.512663160171616228e-02
7.526758183834464377e-02
7.540853210355197289e-02
7.554948239632586215e-02
7.569043271568073883e-02
7.583138306065670409e-02
7.597233343031856156e-02
7.611328382375492918e-02
7.625423424007719830e-02
7.639518467841867333e-02
7.653613513793368350e-02
7.667708561779669474e-02
7.681803611720144920e-02
7.695898663536013262e-02
7.709993717150254167e-02
7.724088772487534837e-02
7.738183829474119813e-02
7.752278888037802962e-02
7.766373948107822833e-02
7.780469009614797427e-02
7.794564072490642315e-02
7.808659136668505418e-02
7.822754202082689290e-02
7.836849268668580337e-02
7.850944336362586373e-02
7.865039405102063064e-02
7.879134474825241763e-02
7.893229545471169839e-02
7.907324616979639897e-02
7.921419689291123167e-02
7.935514762346702888e-02
7.949609836088011861e-02
7.963704910457167219e-02
7.977799985396699656e-02
7.991895060849490973e-02
8.005990136758717179e-02
8.020085213067770780e-02
8.034180289720206647e-02
8.048275366659665697e-02
8.062370443829822153e-02
8.076465521174311379e-02
8.090560598636661882e-02
8.104655676160228694e-02
8.118750753688132316e-02
8.132845831163182382e-02
8.146940908527816605e-02
8.161035985724027220e-02
8.175131062693292983e-02
8.189226139376507008e-02
8.203321215713901826e-02
8.217416291644979998e-02
8.231511367108433619e-02
8.245606442042079098e-02
8.259701516382766950e-02
8.273796590066306855e-02
8.287891663027394107e-02
8.301986735199519407e-02
8.316081806514882824e-02
8.330176876904313299e-02
8.344271946297183995e-02
8.358367014621302660e-02
8.372462081802843625e-02
8.386557147766232623e-02
8.400652212434062127e-02
8.414747275726980336e-02
8.428842337563598186e-02
8.442937397860372783e-02
8.457032456531504705e-02
8.471127513488825589e-02
8.485222568641678786e-02
8.499317621896800012e-02
8.513412673158192445e-02
8.527507722327001827e-02
8.541602769301388787e-02
8.555697813976388677e-02
8.569792856243770018e-02
8.583887895991895722e-02
8.597982933105569048e-02
8.612077967465882333e-02
8.626172998950058790e-02
8.640268027431280418e-02
8.654363052778522858e-02
8.668458074856380535e-02
8.682553093524887633e-02
8.696648108639316865e-02
8.710743120049986576e-02
8.724838127602070614e-02
8.738933131135377674e-02
8.753028130484154234e-02
8.767123125476833367e-02
8.781218115935815471e-02
8.795313101677233736e-02
8.809408082510684912e-02
8.823503058238989227e-02
8.837598028657923932e-02
8.851692993555924927e-02
8.865787952713827247e-02
8.879882905904536161e-02
8.893977852892746838e-02
8.908072793434607117e-02
8.922167727277402482e-02
8.936262654159185526e-02
8.950357573808433165e-02
8.964452485943691373e-02
8.978547390273161621e-02
8.992642286494328951e-02
9.006737174293541481e-02
9.020832053345567703e-02
9.034926923313177372e-02
9.049021783846669664e-02
9.063116634583381903e-02
9.077211475147220487e-02
9.091306305148133537e-02
9.105401124181586314e-02
9.119495931828000557e-02
9.133590727652178554e-02
9.147685511202723052e-02
9.161780282011403043e-02
9.175875039592526483e-02
9.189969783442279716e-02
9.204064513038026640e-02
9.218159227837599556e-02
9.232253927278558092e-02
9.246348610777431476e-02
9.260443277728899747e-02
9.274537927504983292e-02
9.288632559454176874e-02
9.302727172900566999e-02
9.316821767142896560e-02
9.330916341453614204e-02
9.345010895077876523e-02
9.359105427232511376e-02
9.373199937104963186e-02
9.387294423852167446e-02
9.401388886599398864e-02
9.415483324439087587e-02
9.429577736429561874e-02
9.443672121593761626e-02
9.457766478917924158e-02
9.471860807350164502e-02
9.485955105799066811e-02
9.500049373132174457e-02
9.514143608174450983e-02
9.528237809706661954e-02
9.542331976463717946e-02
9.556426107132945380e-02
9.570520200352278239e-02
9.584614254708405390e-02
9.598708268734836013e-02
9.612802240909898432e-02
9.626896169654654278e-02
9.640990053330739107e-02
9.655083890238130850e-02
9.669177678612804472e-02
9.683271416624340822e-02
9.697365102373411982e-02
9.711458733889191675e-02
9.725552309126650474e-02
9.739645825963764991e-02
9.753739282198616023e-02
9.767832675546378463e-02
9.781926003636193245e-02
9.796019264007926886e-02
9.810112454108808888e-02
9.824205571289938710e-02
9.838298612802669207e-02
9.852391575794845757e-02
9.866484457306913536e-02
9.880577254267848553e-02
9.894669963490985987e-02
9.908762581669648684e-02
9.922855105372624385e-02
9.936947531039490300e-02
9.951039854975730903e-02
9.965132073347693353e-02
9.979224182177338920e-02
9.993316177336826478e-02
1.000740805454284760e-01
1.002149980935076595e-01
1.003559143714857771e-01
1.004968293315058880e-01
1.006377429239086879e-01
1.007786550971647294e-01
1.009195657978040062e-01
1.010604749703428173e-01
1.012013825572080639e-01
1.013422884986584505e-01
1.014831927327029953e-01
1.016240951950162230e-01
1.017649958188504566e-01
1.019058945349444051e-01
1.020467912714287523e-01
1.021876859537279025e-01
1.023285785044582008e-01
1.024694688433221701e-01
1.026103568869989741e-01
1.027512425490305498e-01
1.028921257397035910e-01
1.030330063659270906e-01
1.031738843311052339e-01
1.033147595350055459e-01
1.034556318736221531e-01
1.035965012390337170e-01
1.037373675192563571e-01
1.038782305980905929e-01
1.040190903549629980e-01
1.041599466647617628e-01
1.043007993976659276e-01
1.044416484189683303e-01
1.045824935888920448e-01
1.047233347623995198e-01
1.048641717889951530e-01
1.050050045125199699e-01
1.051458327709388491e-01
1.052866563961196711e-01
1.054274752136042242e-01
1.055682890423705750e-01
1.057090976945865568e-01
1.058499009753538916e-01
1.059906986824428188e-01
1.061314906060167873e-01
1.062722765283469345e-01
1.064130562235156563e-01
1.065538294571093531e-01
1.066945959858995041e-01
1.068353555575120017e-01
1.069761079100838147e-01
1.071168527719071756e-01
1.072575898610604039e-01
1.073983188850247406e-01
1.075390395402870541e-01
1.076797515119278792e-01
1.078204544731937303e-01
1.079611480850537070e-01
1.081018319957396390e-01
1.082425058402689544e-01
1.083831692399498670e-01
1.085238218018681200e-01
1.086644631183547594e-01
1.088050927664339779e-01
1.089457103072503374e-01
1.090863152854752716e-01
1.092269072286910364e-01
1.093674856467518886e-01
1.095080500311219202e-01
1.096485998541878448e-01
1.097891345685468728e-01
1.099296536062679130e-01
1.100701563781257136e-01
1.102106422728064417e-01
1.103511106560841476e-01
1.104915608699669344e-01
1.106319922318113602e-01
1.107724040334046728e-01
1.109127955400128762e-01
1.110531659893942286e-01
1.111935145907761435e-01
1.113338405237948303e-01
1.114741429373960063e-01
1.116144209486955030e-01
1.117546736417981551e-01
1.118949000665734328e-01
1.120350992373868454e-01
1.121752701317845907e-01
1.123154116891310200e-01
1.124555228091960318e-01
1.125956023506917564e-01
1.127356491297559216e-01
1.128756619183806098e-01
1.130156394427842409e-01
1.131555803817249212e-01
1.132954833647531190e-01
1.134353469704017653e-01
1.135751697243113784e-01
1.137149500972881033e-01
1.138546865032928207e-01
1.139943772973583402e-01
1.141340207734327789e-01
1.142736151621464441e-01
1.144131586285000307e-01
1.145526492694709658e-01
1.146920851115360157e-01
1.148314641081066845e-01
1.149707841368753508e-01
1.151100429970685068e-01
1.152492384066050451e-01
1.153883679991559302e-01
1.155274293211024095e-01
1.156664198283898215e-01
1.158053368832737406e-01
1.159441777509550853e-01
1.160829395961008453e-01
1.162216194792473484e-01
1.163602143530826777e-01
1.164987210586043154e-01
1.166371363211488460e-01
1.167754567462900295e-01
1.169136788156018569e-01
1.170517988822824956e-01
1.171898131666360005e-01
1.173277177514076564e-01
1.174655085769693852e-01
1.176031814363517752e-01
1.177407319701182647e-01
1.178781556610788150e-01
1.180154478288384795e-01
1.181526036241776628e-01
1.182896180232603928e-01
1.184264858216671074e-01
1.185632016282484463e-01
1.186997598587965080e-01
1.188361547295309073e-01
1.189723802503956512e-01
1.191084302181650706e-01
1.192442982093544768e-01
1.193799775729349616e-01
1.195154614228481349e-01
1.196507426303201477e-01
1.197858138159727942e-01
1.199206673417303332e-01
1.200552953025211256e-01
1.201896895177737568e-01
1.203238415227071423e-01
1.204577425594159229e-01
1.205913835677514812e-01
1.207247551760006893e-01
1.208578476913649419e-01
1.209906510902426235e-01
1.211231550083189251e-01
1.212553487304685595e-01
1.213872211804769979e-01
1.215187609105875255e-01
1.216499560908826938e-01
1.217807944985096341e-01
1.219112635067603478e-01
1.220413500740198665e-01
1.221710407325963255e-01
1.223003215774487729e-01
1.224291782548317109e-01
1.225575959508747731e-01
1.226855593801214478e-01
1.228130527740503991e-01
1.229400598696067798e-01
1.230665638977742754e-01
1.231925475722188829e-01
1.233179930780421429e-01
1.234428820606821575e-01
1.235671956150049267e-01
1.236909142746330653e-01
1.238140180015620817e-01
1.239364861761187431e-01
1.240582975873208704e-01
1.241794304237021085e-01
1.242998622646709073e-01
1.244195700724772119e-01
1.245385301848669357e-01
1.246567183085091762e-01
1.247741095132879341e-01
1.248906782275556598e-01
1.250063982344536417e-01
1.251212426694100210e-01
1.252351840189344923e-01
1.253481941208350881e-01
1.254602441659913026e-01
1.255713047018250095e-01
1.256813456376189853e-01
1.257903362518417445e-01
1.258982452016450260e-01
1.260050405347104274e-01
1.261106897036287644e-01
1.262151595830066364e-01
1.263184164895023720e-01
1.264204262050027672e-01
1.265211540031613013e-01
1.266205646795274531e-01
1.267186225855042314e-01
1.268152916663805307e-01
1.269105355036923843e-01
1.270043173621737687e-01
1.270966002415658547e-01
1.271873469335580709e-01
1.272765200841401156e-01
1.273640822616485535e-01
1.274499960307929614e-01
1.275342240329499499e-01
1.276167290730112203e-01
1.276974742130713159e-01
1.277764228732359564e-01
1.278535389398252065e-01
1.279287868812376827e-01
1.280021318717292633e-01
1.280735399233455252e-01
1.281429780262282880e-01
1.282104142974943572e-01
1.282758181388586605e-01
1.283391604031416666e-01
1.284004135697664195e-01
1.284595519293074140e-01
1.285165517771065247e-01
1.285713916159170744e-01
1.286240523674754832e-01
1.286745175928310225e-01
1.287227737211863177e-01
1.287688102869148365e-01
1.288126201743248489e-01
1.288541998696301760e-01
1.288935497194698410e-01
1.289306741951842528e-01
1.289655821619067333e-01
1.289982871513673801e-01
1.290288076371197690e-01
1.290571673107005490e-01
1.290833953570051651e-01
1.291075267269084781e-01
1.291296024048777802e-01
1.291496696690068724e-01
1.291496696690068724e-01
1.291496696690068724e-01
1.291496696690068724e-01
1.291496696690068724e-01
1.291496696690068724e-01
1.291496696690068724e-01
1.291496696690068724e-01
1.291496696690068724e-01
1.291496696690068724e-01
1.291496696690068724e-01
1.291496696690068724e-01
1.291496696690068724e-01
1.291496696690068724e-01
1.291496696690068724e-01
1.291496696690068724e-01
1.291496696690068724e-01
1.291496696690068724e-01
1.291496696690068724e-01
1.291496696690068724e-01
1.291496696690068724e-01
1.291496696690068724e-01
1.291496696690068724e-01
1.291496696690068724e-01
1.291496696690068724e-01
1.291496696690068724e-01
1.291496696690068724e-01
1.291496696690068724e-01
1.291496696690068724e-01
1.291496696690068724e-01
1.291496696690068724e-01
1.291496696690068724e-01
1.291496696690068724e-01
1.291496696690068724e-01
1.291496696690068724e-01
1.291496696690068724e-01
1.291496696690068724e-01
1.291496696690068724e-01
1.291496696690068724e-01
1.291496696690068724e-01
1.291496696690068724e-01
1.291496696690068724e-01
1.291496696690068724e-01
1.291496696690068724e-01
1.291496696690068724e-01
1.291496696690068724e-01
1.291496696690068724e-01
1.291496696690068724e-01
1.291496696690068724e-01
1.291496696690068724e-01
1.291496696690068724e-01
1.291496696690068724e-01
1.291496696690068724e-01
1.291496696690068724e-01
1.291496696690068724e-01
1.291496696690068724e-01
1.291496696690068724e-01
1.291496696690068724e-01
1.291496696690068724e-01
1.291496696690068724e-01
1.291496696690068724e-01
1.291496696690068724e-01
1.291496696690068724e-01
1.291496696690068724e-01
1.291496696690068724e-01
1.291496696690068724e-01
1.291496696690068724e-01
1.291496696690068724e-01
1.291496696690068724e-01
1.291496696690068724e-01
1.291496696690068724e-01
1.291496696690068724e-01
1.291496696690068724e-01
1.291496696690068724e-01
1.291496696690068724e-01
1.291496696690068724e-01
1.291496696690068724e-01
1.291496696690068724e-01
1.291496696690068724e-01
1.291496696690068724e-01
1.291496696690068724e-01
1.291496696690068724e-01
1.291496696690068724e-01
1.291496696690068724e-01
1.291496696690068724e-01
1.291496696690068724e-01
1.291496696690068724e-01
1.291496696690068724e-01
1.291496696690068724e-01
1.291496696690068724e-01
1.291496696690068724e-01
1.291496696690068724e-01
1.291496696690068724e-01
1.291496696690068724e-01
1.291496696690068724e-01
1.291496696690068724e-01
1.291496696690068724e-01
1.291496696690068724e-01
1.291496696690068724e-01
1.291496696690068724e-01
1.291496696690068724e-01
