6.091246980351735091e+24
6.091246980351735091e+24
6.091246980351735091e+24
6.091246980351735091e+24
6.091246980351735091e+24
6.091246980351735091e+24
6.091246980351735091e+24
6.091246980351735091e+24
6.091246980351735091e+24
6.091246980351735091e+24
6.091246980351735091e+24
6.091246980351735091e+24
6.091246980351735091e+24
6.091246980351735091e+24
6.091246980351735091e+24
6.091246980351735091e+24
6.091246980351735091e+24
6.091246980351735091e+24
6.091246980351735091e+24
6.091246980351735091e+24
6.091246980351735091e+24
3.472208251714054253e+24
2.343326588513726748e+24
1.752428725335843217e+24
1.402924044733658675e+24
1.178202487988419769e+24
1.024749552706894514e+24
9.151302410006441524e+23
8.340551509303146117e+23
7.724287310582762554e+23
7.245483700672488958e+23
6.866809584653345877e+23
6.562927712952003183e+23
6.316105748218283400e+23
6.113602647863205791e+23
5.946052547664266542e+23
5.806432292658277358e+23
5.689382703156892103e+23
5.590750956147762612e+23
5.507275011597633008e+23
5.436361538314110375e+23
5.375926745217027067e+23
5.324280378935564640e+23
5.280039879360418593e+23
5.242065953888209847e+23
5.209413595225583706e+23
5.181294391256714555e+23
5.157047199492779603e+23
5.136115093256593023e+23
5.118027064228779823e+23
5.102383370949823457e+23
5.088843710444324688e+23
5.077117596740821293e+23
5.066956480131982468e+23
5.058147251155552940e+23
5.050506854896410642e+23
5.043877802262257929e+23
5.038124410959960170e+23
5.033129643969362851e+23
5.028792440225267796e+23
5.025025453038536617e+23
5.021753128018409161e+23
5.018910065006665385e+23
5.016439618620810634e+23
5.014292700039800412e+23
5.012426749112731052e+23
5.010804851076271419e+23
5.009394976396090519e+23
5.008169325704624902e+23
5.007103764649065306e+23
5.006177335811883160e+23
5.005371836816309197e+23
5.004671455356420086e+23
5.004062453254982059e+23
5.003532892799185631e+23
5.003072399572846122e+23
5.002671956823917692e+23
5.002323727103211602e+23
5.002020897503895334e+23
5.001757545338192286e+23
5.001528521521878626e+23
5.001329349308982535e+23
5.001156136338754707e+23
5.001005498231899197e+23
5.000874492209823817e+23
5.000760559414909757e+23
5.000661474786172260e+23
5.000575303497179684e+23
5.000500363094555152e+23
5.000435190590133754e+23
5.000378513858029232e+23
5.000329226774085517e+23
5.000286367609176698e+23
5.000249100252583758e+23
5.000216697897771346e+23
5.000188528871318340e+23
5.000164044328590178e+23
5.000142767576720605e+23
5.000124284817355938e+23
5.000108237130611986e+23
5.000094313545881176e+23
5.000082245067736382e+23
5.000071799543900678e+23
5.000062777280750105e+23
5.000055007326595271e+23
5.000048344358318611e+23
5.000042666120186744e+23
5.000037871376732153e+23
5.000033878354808160e+23
5.000030623662263123e+23
5.000028061684843151e+23
5.000026164477078452e+23
5.000024922179056225e+23
5.000024344009457365e+23
5.000024459905605158e+23
5.000025322906526543e+23
5.000027012403949092e+23
5.000029638421305119e+23
5.000033347123610334e+23
5.000038327812336837e+23
5.000044821722541630e+23
5.000053133017003107e+23
5.000063642466150913e+23
5.000076824418832634e+23
5.000093267812041559e+23
5.000113702142338966e+23
5.000139029539058614e+23
5.000170364344030242e+23
5.000209081930962876e+23
5.000256878900763060e+23
5.000315847287051827e+23
5.000388566018163695e+23
5.000478213639100212e+23
5.000588707227663619e+23
5.000724873590448000e+23
5.000892660242537387e+23
5.001099395428032992e+23
5.001354108603618065e+23
5.001667925483077144e+23
5.002054555053997341e+23
5.002530890077514876e+23
5.003117747669234006e+23
5.003840782875340518e+23
5.004731616014607592e+23
5.005829224355376556e+23
5.007181660943575511e+23
5.008848178757166642e+23
5.010901857697947776e+23
5.013432856381140438e+23
5.016552441766942637e+23
5.020397989439835346e+23
5.025139198577584930e+23
5.030985832218843068e+23
5.038197380747171715e+23
5.047095162234867601e+23
5.058077528479404791e+23
5.071639056350179397e+23
5.088394894297906429e+23
5.109111839392941558e+23
5.134748295608146067e+23
5.166506093625978724e+23
5.205898368810455275e+23
5.254839509076698601e+23
5.315765943318085800e+23
5.391800817272421834e+23
5.486982371675611542e+23
5.606586794568070254e+23
5.757594504565867697e+23
5.949379845257606495e+23
6.194758753119197536e+23
6.511628394599721279e+23
6.925621232196987608e+23
7.474569834747858644e+23
8.216360596493121272e+23
9.243494243779861534e+23
1.071183895361085923e+24
1.290198419798754488e+24
1.636360178423837084e+24
2.230138965819438121e+24
3.380430962165405828e+24
6.091246980351732943e+24
6.091246980351732943e+24
6.091246980351732943e+24
6.091246980351732943e+24
6.091246980351732943e+24
6.091246980351732943e+24
6.091246980351732943e+24
6.091246980351732943e+24
6.091246980351732943e+24
6.091246980351732943e+24
6.091246980351732943e+24
6.091246980351732943e+24
6.091246980351732943e+24
6.091246980351732943e+24
6.091246980351732943e+24
6.091246980351732943e+24
6.091246980351732943e+24
6.091246980351732943e+24
6.091246980351732943e+24
6.091246980351732943e+24
6.091246980351732943e+24
