3.694528049465324525e+24
3.694528049465324525e+24
3.694528049465324525e+24
3.694528049465324525e+24
3.694528049465324525e+24
3.694528049465324525e+24
3.694528049465324525e+24
3.694528049465324525e+24
3.694528049465324525e+24
3.694528049465324525e+24
3.694528049465324525e+24
3.694528049465324525e+24
3.694528049465324525e+24
3.694528049465324525e+24
3.694528049465324525e+24
3.694528049465324525e+24
3.694528049465324525e+24
3.694528049465324525e+24
3.694528049465324525e+24
3.694528049465324525e+24
3.694528049465324525e+24
3.694528049465324525e+24
3.694528049465324525e+24
3.694528049465324525e+24
3.694528049465324525e+24
3.694528049465324525e+24
3.694528049465324525e+24
3.694528049465324525e+24
3.694528049465324525e+24
3.694528049465324525e+24
3.694528049465324525e+24
3.694528049465324525e+24
3.694528049465324525e+24
3.694528049465324525e+24
3.694528049465324525e+24
3.694528049465324525e+24
3.694528049465324525e+24
3.694528049465324525e+24
3.694528049465324525e+24
3.694528049465324525e+24
3.694528049465324525e+24
3.694528049465324525e+24
3.694528049465324525e+24
3.694528049465324525e+24
3.694528049465324525e+24
3.694528049465324525e+24
3.694528049465324525e+24
3.694528049465324525e+24
3.694528049465324525e+24
3.694528049465324525e+24
3.694528049465324525e+24
3.694528049465324525e+24
3.694528049465324525e+24
3.694528049465324525e+24
3.694528049465324525e+24
3.694528049465324525e+24
3.694528049465324525e+24
3.694528049465324525e+24
3.694528049465324525e+24
3.694528049465324525e+24
3.694528049465324525e+24
3.694528049465324525e+24
3.694528049465324525e+24
3.694528049465324525e+24
3.694528049465324525e+24
3.694528049465324525e+24
3.694528049465324525e+24
3.694528049465324525e+24
3.694528049465324525e+24
3.694528049465324525e+24
3.694528049465324525e+24
3.694528049465324525e+24
3.694528049465324525e+24
3.694528049465324525e+24
3.694528049465324525e+24
3.694528049465324525e+24
3.694528049465324525e+24
3.694528049465324525e+24
3.694528049465324525e+24
3.694528049465324525e+24
3.694528049465324525e+24
3.694528049465324525e+24
3.694528049465324525e+24
3.694528049465324525e+24
3.694528049465324525e+24
3.694528049465324525e+24
3.694528049465324525e+24
3.694528049465324525e+24
3.694528049465324525e+24
3.694528049465324525e+24
3.694528049465324525e+24
3.694528049465324525e+24
3.694528049465324525e+24
3.694528049465324525e+24
3.694528049465324525e+24
3.694528049465324525e+24
3.694528049465324525e+24
3.694528049465324525e+24
3.694528049465324525e+24
3.694528049465324525e+24
3.694528049465324525e+24
3.355379799840060380e+24
3.067502727669750411e+24
2.820956649246377323e+24
2.608108533043984534e+24
2.423017516305660036e+24
2.261003127602038186e+24
2.118336878661104656e+24
1.992018512012273154e+24
1.879611342347954943e+24
1.779119497655903670e+24
1.688895297411897566e+24
1.607568594739952655e+24
1.533992321782929781e+24
1.467200123803373626e+24
1.406373107110444976e+24
1.350813525215198205e+24
1.299923795179601308e+24
1.253189643774968992e+24
1.210166479010534573e+24
1.170468299608832319e+24
1.133758615648603998e+24
1.099742973569985057e+24
1.068162769089233028e+24
1.038790100153775786e+24
1.011423464517852128e+24
9.858841469145953652e+23
9.620131721216296705e+23
9.396687246578031117e+23
9.187239550361300422e+23
8.990651076485193379e+23
8.805899173869061879e+23
8.632062317063430912e+23
8.468308225371659169e+23
8.313883586610193152e+23
8.168105141921757790e+23
8.030351928938004207e+23
7.900058513979841760e+23
7.776709071367701696e+23
7.659832190458871132e+23
7.548996309659972020e+23
7.443805692114936078e+23
7.343896870628594905e+23
7.248935500125462908e+23
7.158613564939523735e+23
7.072646895791750439e+23
6.990772957684776829e+23
6.912748875331674644e+23
6.838349667302930582e+23
6.767366663958162267e+23
6.699606087537815485e+23
6.634887775617769328e+23
6.573044031551448914e+23
6.513918587603761129e+23
6.457365668270823975e+23
6.403249142823361299e+23
6.351441757445907840e+23
6.301824438500734439e+23
6.254285659448325093e+23
6.208720864829841919e+23
6.165031945477454184e+23
6.123126759783186605e+23
6.082918696437833773e+23
6.044326274561061253e+23
6.007272777590888496e+23
5.971685917694102560e+23
5.937497527805426721e+23
5.904643278709107930e+23
5.873062418846506329e+23
5.842697534772396373e+23
5.813494330394663841e+23
5.785401423320000611e+23
5.758370156795622253e+23
5.732354425885707144e+23
5.707310516654087749e+23
5.683196957243051721e+23
5.659974379844137784e+23
5.637605392651322120e+23
5.616054460972090387e+23
5.595287796747940953e+23
5.575273255804315946e+23
5.555980242211391574e+23
5.537379619192663515e+23
5.519443626068047267e+23
5.502145800763317850e+23
5.485460907458369830e+23
5.469364868983602618e+23
5.453834703606827356e+23
5.438848465883665856e+23
5.424385191271207262e+23
5.410424844229980780e+23
5.396948269561670869e+23
5.383937146750529889e+23
5.371373947095114905e+23
5.359241893433847851e+23
5.347524922284056060e+23
5.336207648227269951e+23
5.325275330387475736e+23
5.314713840860204672e+23
5.304509634961519422e+23
5.294649723175687485e+23
5.285121644689519574e+23
5.275913442409592421e+23
5.267013639366299080e+23
5.258411216415642385e+23
5.250095591156173976e+23
5.242056597984388904e+23
5.234284469217358533e+23
5.226769817216482741e+23
5.219503617450730649e+23
5.212477192442217287e+23
5.205682196540711628e+23
5.199110601477531537e+23
5.192754682652413814e+23
5.186607006110308987e+23
5.180660416167736225e+23
5.174908023651134855e+23
5.169343194712004478e+23
5.163959540186112087e+23
5.158750905465957169e+23
5.153711360857718517e+23
5.148835192395899590e+23
5.144116893090341538e+23
5.139551154582068774e+23
5.135132859185741347e+23
5.130857072298000269e+23
5.126719035152170410e+23
5.122714157900974082e+23
5.118838013010134476e+23
5.115086328946527966e+23
5.111454984145910597e+23
5.107940001245665522e+23
5.104537541569275127e+23
5.101243899849698024e+23
5.098055499179820958e+23
5.094968886178589222e+23
5.091980726362268049e+23
5.089087799710827067e+23
5.086286996419892163e+23
5.083575312829398343e+23
5.080949847520525450e+23
5.078407797572820061e+23
5.075946454974095405e+23
5.073563203175892417e+23
5.071255513787754149e+23
5.069020943403976418e+23
5.066857130556697608e+23
5.064761792789650887e+23
5.062732723847106092e+23
5.060767790972905057e+23
5.058864932314582708e+23
5.057022154428087030e+23
5.055237529878536514e+23
5.053509194932963728e+23
5.051835347340956732e+23
5.050214244199541579e+23
5.048644199898547812e+23
5.047123584143235712e+23
5.045650820050760090e+23
5.044224382317506394e+23
5.042842795454255092e+23
5.041504632086450384e+23
5.040208511316805655e+23
5.038953097147815003e+23
5.037737096961724724e+23
5.036559260055364268e+23
5.035418376228125415e+23
5.034313274420581116e+23
5.033242821401933429e+23
5.032205920504234304e+23
5.031201510401641797e+23
5.030228563932926601e+23
5.029286086965487416e+23
5.028373117299380663e+23
5.027488723609725048e+23
5.026632004426156936e+23
5.025802087147702426e+23
5.024998127091921925e+23
5.024219306576980340e+23
5.023464834035367826e+23
5.022733943158099369e+23
5.022025892068326837e+23
5.021339962523204536e+23
5.020675459142980165e+23
5.020031708666334051e+23
5.019408059230984885e+23
5.018803879678686832e+23
5.018218558883671803e+23
5.017651505103717479e+23
5.017102145353074029e+23
5.016569924796366381e+23
5.016054306162824435e+23
5.015554769180070144e+23
5.015070810026767548e+23
5.014601940803482141e+23
5.014147689021091202e+23
5.013707597106158586e+23
5.013281221922672670e+23
5.012868134309544140e+23
5.012467918633373731e+23
5.012080172355902044e+23
5.011704505615673018e+23
5.011340540823407082e+23
5.010987912270683990e+23
5.010646265751270326e+23
5.010315258194923209e+23
5.009994557313101123e+23
5.009683841256178550e+23
5.009382798281818128e+23
5.009091126434072164e+23
5.008808533232943073e+23
5.008534735373932293e+23
5.008269458437322677e+23
5.008012436606863498e+23
5.007763412397485636e+23
5.007522136391842907e+23
5.007288366985270872e+23
5.007061870139004724e+23
5.006842419141248245e+23
5.006629794375987794e+23
5.006423783099143312e+23
5.006224179221945605e+23
5.006030783101186920e+23
5.005843401336210588e+23
5.005661846572380707e+23
5.005485937310809719e+23
5.005315497724134514e+23
5.005150357478191399e+23
5.004990351559374521e+23
5.004835320107438828e+23
5.004685108253648927e+23
5.004539565964067802e+23
5.004398547887790123e+23
5.004261913210024834e+23
5.004129525509823691e+23
5.004001252622304752e+23
5.003876966505248006e+23
5.003756543109888664e+23
5.003639862255843688e+23
5.003526807509924588e+23
5.003417266068832471e+23
5.003311128645534011e+23
5.003208289359220357e+23
5.003108645628740276e+23
5.003012098069396109e+23
5.002918550392979084e+23
5.002827909310970813e+23
5.002740084440768730e+23
5.002654988214870338e+23
5.002572535792972018e+23
5.002492644976677009e+23
5.002415236127068950e+23
5.002340232084746299e+23
5.002267558092421653e+23
5.002197141719948397e+23
5.002128912791684084e+23
5.002062803316140210e+23
5.001998747417840546e+23
5.001936681271300782e+23
5.001876543037106658e+23
5.001818272799983896e+23
5.001761812508769318e+23
5.001707105918328127e+23
5.001654098533249565e+23
5.001602737553295467e+23
5.001552971820584235e+23
5.001504751768419665e+23
5.001458029371695479e+23
5.001412758098895039e+23
5.001368892865554709e+23
5.001326389989197564e+23
5.001285207145643508e+23
5.001245303326765587e+23
5.001206638799474393e+23
5.001169175066051357e+23
5.001132874825662485e+23
5.001097701937115625e+23
5.001063621382767976e+23
5.001030599233574451e+23
5.000998602615173541e+23
5.000967599675105304e+23
5.000937559551003779e+23
5.000908452339795362e+23
5.000880249067853473e+23
5.000852921662086054e+23
5.000826442921949822e+23
5.000800786492273868e+23
5.000775926836987209e+23
5.000751839213673786e+23
5.000728499648856945e+23
5.000705884914097943e+23
5.000683972502854125e+23
5.000662740608017592e+23
5.000642168100179977e+23
5.000622234506562277e+23
5.000602919990628524e+23
5.000584205332267863e+23
5.000566071908683963e+23
5.000548501675810562e+23
5.000531477150343061e+23
5.000514981392295595e+23
5.000498997988138586e+23
5.000483511034440288e+23
5.000468505122011643e+23
5.000453965320579292e+23
5.000439877163895457e+23
5.000426226635311552e+23
5.000413000153855773e+23
5.000400184560665032e+23
5.000387767105913493e+23
5.000375735436095437e+23
5.000364077581722871e+23
5.000352781945414374e+23
5.000341837290356395e+23
5.000331232729069236e+23
5.000320957712648152e+23
5.000311002020178947e+23
5.000301355748602518e+23
5.000292009302853209e+23
5.000282953386301839e+23
5.000274178991506755e+23
5.000265677391258158e+23
5.000257440129864014e+23
5.000249459014764132e+23
5.000241726108342881e+23
5.000234233720072758e+23
5.000226974398821695e+23
5.000219940925483841e+23
5.000213126305762666e+23
5.000206523763226543e+23
5.000200126732554239e+23
5.000193928853013272e+23
5.000187923962151012e+23
5.000182106089612609e+23
5.000176469451266285e+23
5.000171008443415192e+23
5.000165717637221340e+23
5.000160591773333528e+23
5.000155625756625344e+23
5.000150814651161321e+23
5.000146153675271155e+23
5.000141638196805774e+23
5.000137263728530314e+23
5.000133025923653331e+23
5.000128920571536527e+23
5.000124943593478973e+23
5.000121091038690578e+23
5.000117359080355482e+23
5.000113744011817585e+23
5.000110242242944597e+23
5.000106850296512203e+23
5.000103564804787557e+23
5.000100382506165784e+23
5.000097300241954793e+23
5.000094314953215123e+23
5.000091423677754806e+23
5.000088623547165169e+23
5.000085911783998237e+23
5.000083285699003186e+23
5.000080742688458099e+23
5.000078280231607746e+23
5.000075895888153045e+23
5.000073587295839836e+23
5.000071352168112760e+23
5.000069188291877174e+23
5.000067093525285233e+23
5.000065065795640749e+23
5.000063103097330897e+23
5.000061203489857911e+23
5.000059365095934536e+23
5.000057586099613031e+23
5.000055864744510143e+23
5.000054199332077033e+23
5.000052588219913512e+23
5.000051029820174867e+23
5.000049522598000177e+23
5.000048065070002361e+23
5.000046655802824668e+23
5.000045293411730048e+23
5.000043976559246893e+23
5.000042703953873171e+23
5.000041474348796650e+23
5.000040286540700372e+23
5.000039139368588909e+23
5.000038031712644833e+23
5.000036962493165711e+23
5.000035930669497744e+23
5.000034935239068730e+23
5.000033975236378073e+23
5.000033049732096186e+23
5.000032157832170596e+23
5.000031298676974336e+23
5.000030471440481177e+23
5.000029675329494545e+23
5.000028909582885165e+23
5.000028173470897160e+23
5.000027466294433331e+23
5.000026787384436426e+23
5.000026136101257635e+23
5.000025511834068053e+23
5.000024914000292946e+23
5.000024342045110452e+23
5.000023795440926117e+23
5.000023273686926623e+23
5.000022776308619417e+23
5.000022302857445497e+23
5.000021852910375414e+23
5.000021426069559637e+23
5.000021021962008443e+23
5.000020640239290595e+23
5.000020280577242096e+23
5.000019942675741367e+23
5.000019626258485110e+23
5.000019331072780266e+23
5.000019056889401746e+23
5.000018803502430699e+23
5.000018570729152504e+23
5.000018358409968191e+23
5.000018166408331353e+23
5.000017994610719966e+23
5.000017842926624304e+23
5.000017711288564392e+23
5.000017599652145702e+23
5.000017507996129621e+23
5.000017436322526732e+23
5.000017384656741765e+23
5.000017353047716544e+23
5.000017341568128626e+23
5.000017350314597999e+23
5.000017379407933368e+23
5.000017428993405962e+23
5.000017499241052866e+23
5.000017590346007865e+23
5.000017702528864506e+23
5.000017836036096199e+23
5.000017991140456855e+23
5.000018168141458031e+23
5.000018367365858827e+23
5.000018589168216173e+23
5.000018833931419695e+23
5.000019102067320517e+23
5.000019394017358061e+23
5.000019710253249258e+23
5.000020051277692514e+23
5.000020417625130743e+23
5.000020809862569420e+23
5.000021228590372498e+23
5.000021674443201252e+23
5.000022148090893414e+23
5.000022650239480538e+23
5.000023181632189938e+23
5.000023743050517756e+23
5.000024335315363105e+23
5.000024959288185696e+23
5.000025615872256073e+23
5.000026306013928001e+23
5.000027030703994065e+23
5.000027790979072136e+23
5.000028587923075058e+23
5.000029422668732002e+23
5.000030296399201771e+23
5.000031210349698168e+23
5.000032165809252278e+23
5.000033164122494211e+23
5.000034206691532147e+23
5.000035294977915942e+23
5.000036430504682607e+23
5.000037614858433326e+23
5.000038849691576907e+23
5.000040136724604099e+23
5.000041477748498146e+23
5.000042874627178889e+23
5.000044329300103235e+23
5.000045843784918641e+23
5.000047420180296452e+23
5.000049060668794093e+23
5.000050767519885033e+23
5.000052543093094115e+23
5.000054389841240921e+23
5.000056310313795893e+23
5.000058307160433744e+23
5.000060383134665388e+23
5.000062541097632950e+23
5.000064784022014830e+23
5.000067114996160948e+23
5.000069537228281684e+23
5.000072054050917995e+23
5.000074668925495426e+23
5.000077385447048573e+23
5.000080207349208612e+23
5.000083138509290823e+23
5.000086182953630418e+23
5.000089344863123716e+23
5.000092628578938441e+23
5.000096038608481037e+23
5.000099579631600885e+23
5.000103256506972357e+23
5.000107074278775503e+23
5.000111038183602892e+23
5.000115153657653688e+23
5.000119426344182727e+23
5.000123862101230124e+23
5.000128467009658222e+23
5.000133247381480480e+23
5.000138209768507106e+23
5.000143360971332271e+23
5.000148708048658225e+23
5.000154258326950909e+23
5.000160019410482805e+23
5.000165999191770373e+23
5.000172205862353749e+23
5.000178647924048889e+23
5.000185334200578207e+23
5.000192273849660232e+23
5.000199476375549578e+23
5.000206951642085584e+23
5.000214709886175832e+23
5.000222761731796396e+23
5.000231118204586007e+23
5.000239790746938166e+23
5.000248791233656301e+23
5.000258131988245108e+23
5.000267825799786429e+23
5.000277885940421100e+23
5.000288326183582433e+23
5.000299160822816902e+23
5.000310404691400726e+23
5.000322073182625543e+23
5.000334182270900120e+23
5.000346748533641262e+23
5.000359789173955268e+23
5.000373322044239449e+23
5.000387365670626525e+23
5.000401939278350443e+23
5.000417062818096664e+23
5.000432756993320173e+23
5.000449043288638567e+23
5.000465943999237818e+23
5.000483482261467200e+23
5.000501682084479783e+23
5.000520568383186907e+23
5.000540167012364918e+23
5.000560504802106776e+23
5.000581609594583610e+23
5.000603510282222284e+23
5.000626236847281511e+23
5.000649820402971459e+23
5.000674293236055136e+23
5.000699688851178489e+23
5.000726042016776223e+23
5.000753388812728491e+23
5.000781766679839585e+23
5.000811214471176221e+23
5.000841772505372106e+23
5.000873482621898132e+23
5.000906388238450515e+23
5.000940534410538102e+23
5.000975967893243329e+23
5.001012737205409164e+23
5.001050892696187610e+23
5.001090486614163183e+23
5.001131573178996317e+23
5.001174208655908835e+23
5.001218451432925582e+23
5.001264362100946706e+23
5.001312003536996878e+23
5.001361440990572923e+23
5.001412742173240863e+23
5.001465977351648135e+23
5.001521219444056334e+23
5.001578544120518641e+23
5.001638029906886483e+23
5.001699758292695085e+23
5.001763813843237287e+23
5.001830284315771263e+23
5.001899260780249371e+23
5.001970837744537924e+23
5.002045113284447321e+23
5.002122189178654425e+23
5.002202171048788283e+23
5.002285168504791284e+23
5.002371295295860417e+23
5.002460669467079360e+23
5.002553413522026607e+23
5.002649654591541519e+23
5.002749524608974418e+23
5.002853160491988529e+23
5.002960704331429823e+23
5.003072303587258060e+23
5.003188111292047032e+23
5.003308286262163412e+23
5.003432993317021475e+23
5.003562403506720394e+23
5.003696694348366762e+23
5.003836050071373595e+23
5.003980661872208265e+23
5.004130728178823568e+23
5.004286454925204117e+23
5.004448055836417951e+23
5.004615752724610915e+23
5.004789775796298150e+23
5.004970363971472112e+23
5.005157765214888830e+23
5.005352236880138412e+23
5.005554046066895723e+23
5.005763469991897517e+23
5.005980796374192950e+23
5.006206323835215083e+23
5.006440362314286760e+23
5.006683233500086309e+23
5.006935271278819997e+23
5.007196822199681732e+23
5.007468245958301288e+23
5.007749915898849473e+23
5.008042219535673988e+23
5.008345559095066598e+23
5.008660352078117926e+23
5.008987031845383302e+23
5.009326048224329377e+23
5.009677868140373538e+23
5.010042976272569053e+23
5.010421875734847947e+23
5.010815088783887989e+23
5.011223157554658725e+23
5.011646644824824988e+23
5.012086134809123923e+23
5.012542233984889237e+23
5.013015571950114534e+23
5.013506802315354943e+23
5.014016603630772997e+23
5.014545680349915869e+23
5.015094763831535285e+23
5.015664613381320433e+23
5.016256017334888059e+23
5.016869794184008795e+23
5.017506793747646094e+23
5.018167898390002915e+23
5.018854024287220327e+23
5.019566122744978845e+23
5.020305181569131888e+23
5.021072226491581229e+23
5.021868322653888892e+23
5.022694576150945443e+23
5.023552135637403854e+23
5.024442193999500893e+23
5.025365990095228219e+23
5.026324810565776447e+23
5.027319991721347913e+23
5.028352921504749957e+23
5.029425041536019469e+23
5.030537849241940829e+23
5.031692900074007948e+23
5.032891809819046214e+23
5.034136257006496026e+23
5.035427985416899852e+23
5.036768806696185066e+23
5.038160603080552266e+23
5.039605330237234421e+23
5.041105020226360008e+23
5.042661784589793493e+23
5.044277817572693671e+23
5.045955399484381940e+23
5.047696900204962985e+23
5.049504782844787237e+23
5.051381607564188760e+23
5.053330035561246291e+23
5.055352833235900999e+23
5.057452876539100765e+23
5.059633155516154165e+23
5.061896779054198072e+23
5.064246979843877419e+23
5.066687119566322176e+23
5.069220694316900501e+23
5.071851340278091408e+23
5.074582839654320230e+23
5.077419126882627632e+23
5.080364295133815982e+23
5.083422603119517510e+23
5.086598482221622593e+23
5.089896543961738578e+23
5.093321587829157585e+23
5.096878609487277358e+23
5.100572809379374894e+23
5.104409601756417648e+23
5.108394624150613829e+23
5.112533747320505133e+23
5.116833085694517958e+23
5.121299008342191610e+23
5.125938150504185106e+23
5.130757425714036526e+23
5.135764038547305010e+23
5.140965498035966952e+23
5.146369631788628328e+23
5.151984600860178619e+23
5.157818915417394785e+23
5.163881451250659162e+23
5.170181467185271684e+23
5.176728623450200243e+23
5.183533001066001277e+23
5.190605122318759090e+23
5.197955972391365845e+23
5.205597022229661022e+23
5.213540252726281613e+23
5.221798180311901961e+23
5.230383884050609398e+23
5.239311034343795469e+23
5.248593923355241202e+23
5.258247497279387604e+23
5.268287390584787110e+23
5.278729962375373222e+23
5.289592335024584550e+23
5.300892435250024840e+23
5.312649037810710557e+23
5.324881812024999323e+23
5.337611371324017350e+23
5.350859326074546186e+23
5.364648339926117347e+23
5.379002189959706664e+23
5.393945830940769161e+23
5.409505464006903511e+23
5.425708610151020610e+23
5.442584188894690222e+23
5.460162602583667591e+23
5.478475826778487338e+23
5.497557507259422411e+23
5.517443064214930871e+23
5.538169804239585998e+23
5.559777040829626723e+23
5.582306224133763938e+23
5.605801080794605137e+23
5.630307764801838315e+23
5.655875020375093810e+23
5.682554358001988314e+23
5.710400244877184823e+23
5.739470311123628023e+23
5.769825573328606787e+23
5.801530677097484926e+23
5.834654160519824996e+23
5.869268740658374252e+23
5.905451625415200421e+23
5.943284853404756229e+23
5.982855664775340774e+23
6.024256906274025096e+23
6.067587474251609591e+23
6.112952799760593621e+23
6.160465380419743441e+23
6.210245364312511716e+23
6.262421191865771365e+23
6.317130302433639677e+23
6.374519913203491668e+23
6.434747879069013823e+23
6.497983643298333626e+23
6.564409290191870582e+23
6.634220712506229806e+23
6.707628908254878740e+23
6.784861423628049858e+23
6.866163961259066235e+23
6.951802175965239318e+23
7.042063683488848942e+23
7.137260311751065338e+23
7.237730628825010416e+23
7.343842787372824695e+23
7.455997731847021496e+23
7.574632822536866785e+23
7.700225939805007742e+23
7.833300142923105561e+23
7.974428971172457905e+23
8.124242490813865735e+23
8.283434210760246973e+23
8.452769013068886243e+23
8.633092272670683630e+23
8.825340375285388343e+23
9.030552884781559547e+23
9.249886663298962392e+23
9.484632311791909098e+23
9.736233378541560545e+23
1.000630888285975806e+24
1.029667982620130932e+24
1.060940052047478817e+24
1.094679576309439499e+24
1.131150514301308330e+24
1.170653608872518298e+24
1.213532769111009332e+24
1.260182788240353893e+24
1.311058727058438638e+24
1.366687387560147635e+24
1.427681427325333472e+24
1.494756834131143408e+24
1.568754708741258247e+24
1.650668615936627324e+24
1.741679194529187504e+24
1.843198317850378375e+24
1.956925943954959503e+24
2.084924006033580335e+24
2.229713447423175826e+24
2.394403082090704638e+24
2.582862805771039363e+24
2.799959516717766763e+24
3.051883122364590624e+24
3.346604229855500632e+24
3.694528049465320767e+24
3.694528049465320767e+24
3.694528049465320767e+24
3.694528049465320767e+24
3.694528049465320767e+24
3.694528049465320767e+24
3.694528049465320767e+24
3.694528049465320767e+24
3.694528049465320767e+24
3.694528049465320767e+24
3.694528049465320767e+24
3.694528049465320767e+24
3.694528049465320767e+24
3.694528049465320767e+24
3.694528049465320767e+24
3.694528049465320767e+24
3.694528049465320767e+24
3.694528049465320767e+24
3.694528049465320767e+24
3.694528049465320767e+24
3.694528049465320767e+24
3.694528049465320767e+24
3.694528049465320767e+24
3.694528049465320767e+24
3.694528049465320767e+24
3.694528049465320767e+24
3.694528049465320767e+24
3.694528049465320767e+24
3.694528049465320767e+24
3.694528049465320767e+24
3.694528049465320767e+24
3.694528049465320767e+24
3.694528049465320767e+24
3.694528049465320767e+24
3.694528049465320767e+24
3.694528049465320767e+24
3.694528049465320767e+24
3.694528049465320767e+24
3.694528049465320767e+24
3.694528049465320767e+24
3.694528049465320767e+24
3.694528049465320767e+24
3.694528049465320767e+24
3.694528049465320767e+24
3.694528049465320767e+24
3.694528049465320767e+24
3.694528049465320767e+24
3.694528049465320767e+24
3.694528049465320767e+24
3.694528049465320767e+24
3.694528049465320767e+24
3.694528049465320767e+24
3.694528049465320767e+24
3.694528049465320767e+24
3.694528049465320767e+24
3.694528049465320767e+24
3.694528049465320767e+24
3.694528049465320767e+24
3.694528049465320767e+24
3.694528049465320767e+24
3.694528049465320767e+24
3.694528049465320767e+24
3.694528049465320767e+24
3.694528049465320767e+24
3.694528049465320767e+24
3.694528049465320767e+24
3.694528049465320767e+24
3.694528049465320767e+24
3.694528049465320767e+24
3.694528049465320767e+24
3.694528049465320767e+24
3.694528049465320767e+24
3.694528049465320767e+24
3.694528049465320767e+24
3.694528049465320767e+24
3.694528049465320767e+24
3.694528049465320767e+24
3.694528049465320767e+24
3.694528049465320767e+24
3.694528049465320767e+24
3.694528049465320767e+24
3.694528049465320767e+24
3.694528049465320767e+24
3.694528049465320767e+24
3.694528049465320767e+24
3.694528049465320767e+24
3.694528049465320767e+24
3.694528049465320767e+24
3.694528049465320767e+24
3.694528049465320767e+24
3.694528049465320767e+24
3.694528049465320767e+24
3.694528049465320767e+24
3.694528049465320767e+24
3.694528049465320767e+24
3.694528049465320767e+24
3.694528049465320767e+24
3.694528049465320767e+24
3.694528049465320767e+24
3.694528049465320767e+24
3.694528049465320767e+24
