0.000000000000000000e+00
0.000000000000000000e+00
0.000000000000000000e+00
0.000000000000000000e+00
0.000000000000000000e+00
0.000000000000000000e+00
0.000000000000000000e+00
0.000000000000000000e+00
0.000000000000000000e+00
0.000000000000000000e+00
0.000000000000000000e+00
0.000000000000000000e+00
0.000000000000000000e+00
0.000000000000000000e+00
0.000000000000000000e+00
0.000000000000000000e+00
0.000000000000000000e+00
0.000000000000000000e+00
0.000000000000000000e+00
0.000000000000000000e+00
0.000000000000000000e+00
0.000000000000000000e+00
0.000000000000000000e+00
0.000000000000000000e+00
0.000000000000000000e+00
0.000000000000000000e+00
0.000000000000000000e+00
0.000000000000000000e+00
0.000000000000000000e+00
0.000000000000000000e+00
0.000000000000000000e+00
0.000000000000000000e+00
0.000000000000000000e+00
0.000000000000000000e+00
0.000000000000000000e+00
0.000000000000000000e+00
0.000000000000000000e+00
0.000000000000000000e+00
0.000000000000000000e+00
0.000000000000000000e+00
0.000000000000000000e+00
0.000000000000000000e+00
0.000000000000000000e+00
0.000000000000000000e+00
0.000000000000000000e+00
0.000000000000000000e+00
0.000000000000000000e+00
0.000000000000000000e+00
0.000000000000000000e+00
0.000000000000000000e+00
0.000000000000000000e+00
0.000000000000000000e+00
0.000000000000000000e+00
0.000000000000000000e+00
0.000000000000000000e+00
0.000000000000000000e+00
0.000000000000000000e+00
0.000000000000000000e+00
0.000000000000000000e+00
0.000000000000000000e+00
0.000000000000000000e+00
0.000000000000000000e+00
0.000000000000000000e+00
0.000000000000000000e+00
0.000000000000000000e+00
0.000000000000000000e+00
0.000000000000000000e+00
0.000000000000000000e+00
0.000000000000000000e+00
0.000000000000000000e+00
0.000000000000000000e+00
0.000000000000000000e+00
0.000000000000000000e+00
0.000000000000000000e+00
0.000000000000000000e+00
0.000000000000000000e+00
0.000000000000000000e+00
0.000000000000000000e+00
0.000000000000000000e+00
0.000000000000000000e+00
0.000000000000000000e+00
0.000000000000000000e+00
0.000000000000000000e+00
0.000000000000000000e+00
0.000000000000000000e+00
0.000000000000000000e+00
0.000000000000000000e+00
0.000000000000000000e+00
0.000000000000000000e+00
0.000000000000000000e+00
0.000000000000000000e+00
0.000000000000000000e+00
0.000000000000000000e+00
0.000000000000000000e+00
0.000000000000000000e+00
0.000000000000000000e+00
0.000000000000000000e+00
0.000000000000000000e+00
0.000000000000000000e+00
0.000000000000000000e+00
0.000000000000000000e+00
4.560762783432276337e+05
4.088567511551461648e+05
3.684941397100256872e+05
3.337114119558069506e+05
3.035168353871147847e+05
2.771306469379905611e+05
2.539328209563700075e+05
2.334252705326577125e+05
2.152040960159548558e+05
1.989389392884513363e+05
1.843574370428013208e+05
1.712333822328773676e+05
1.593776156669539050e+05
1.486309507174236642e+05
1.388586281852755055e+05
1.299459341818548419e+05
1.217947101412717311e+05
1.143205530788476608e+05
1.074505542168530228e+05
1.011214607074919186e+05
9.527817224028165219e+04
8.987250449861020024e+04
8.486216660504661559e+04
8.020991119863824861e+04
7.588282457400122075e+04
7.185173107132628502e+04
6.809069114150280075e+04
6.457657659127323132e+04
6.128870971371166524e+04
5.820855553392988077e+04
5.531945840253268398e+04
5.260641576631576754e+04
5.005588322566880379e+04
4.765560601899340691e+04
4.539447290853401500e+04
4.326238911988202744e+04
4.125016554068718688e+04
3.934942183751771518e+04
3.755250152286599041e+04
3.585239731237121305e+04
3.424268536770124774e+04
3.271746723292601018e+04
3.127131844948815706e+04
2.989924298329699377e+04
2.859663272213450546e+04
2.735923140659112323e+04
2.618310244648683874e+04
2.506460014993044751e+04
2.400034395605287500e+04
2.298719531687957715e+04
2.202223692029548329e+04
2.110275398585145376e+04
2.022621739932491619e+04
1.939026848133877866e+04
1.859270521067590016e+04
1.783146974482767109e+04
1.710463709927524542e+04
1.641040486345721001e+04
1.574708384568566544e+04
1.511308955173631693e+04
1.450693441272203381e+04
1.392722068737142217e+04
1.337263397217284728e+04
1.284193726015986977e+04
1.233396549554417652e+04
1.184762057706973792e+04
1.138186676795172571e+04
1.093572647468627838e+04
1.050827636090934720e+04
1.009864376595493013e+04
9.706003400826353754e+03
9.329574297025810665e+03
8.968616986114971951e+03
8.622430890043326144e+03
8.290351904213106536e+03
7.971750156974122547e+03
7.666027930785051467e+03
7.372617731662730876e+03
7.090980494777377316e+03
6.820603915168867388e+03
6.561000893557743439e+03
6.311708088126373696e+03
6.072284563957023238e+03
5.842310532545083333e+03
5.621386174469235812e+03
5.409130538893782614e+03
5.205180514121434499e+03
5.009189863904857702e+03
4.820828324667223569e+03
4.639780759185608986e+03
4.465746362657811915e+03
4.298437917403378378e+03
4.137581092755706777e+03
3.982913786973300830e+03
3.834185508254452998e+03
3.691156792163684258e+03
3.553598652992542156e+03
3.421292066764221545e+03
3.294027483769647006e+03
3.171604368681057167e+03
3.053830766436378326e+03
2.940522892221575148e+03
2.831504744002513235e+03
2.726607736170616590e+03
2.625670352969459145e+03
2.528537820468027803e+03
2.435061795930483186e+03
2.345100073517354758e+03
2.258516305324651512e+03
2.175179736837770633e+03
2.094964955940788059e+03
2.017751654678163504e+03
1.943424403023709829e+03
1.871872433957173826e+03
1.802989439202988706e+03
1.736673375016633372e+03
1.672826277454772480e+03
1.611354086596618572e+03
1.552166479217408778e+03
1.495176709453633975e+03
1.440301457018310202e+03
1.387460682559862335e+03
1.336577489782279144e+03
1.287577993962971050e+03
1.240391196536931830e+03
1.194948865421662731e+03
1.151185420791387514e+03
1.109037826014741540e+03
1.068445483496322822e+03
1.029350135170179556e+03
9.916957674129413363e+02
9.554285201550555939e+02
9.204965999815102577e+02
8.868501970292146552e+02
8.544414054907703076e+02
8.232241475521926759e+02
7.931541006000318248e+02
7.641886275400881914e+02
7.362867100818792778e+02
7.094088848466533364e+02
6.835171821692591720e+02
6.585750674663836435e+02
6.345473850546923131e+02
6.114003043042242780e+02
5.891012680218422020e+02
5.676189429637137209e+02
5.469231723812146129e+02
5.269849305069604952e+02
5.077762788964656693e+02
4.892703245428435253e+02
4.714411796875094183e+02
4.542639232497091371e+02
4.377145638076179353e+02
4.217700040616816182e+02
4.064080067166122490e+02
3.916071617223644239e+02
3.773468548143111434e+02
3.636072372991602037e+02
3.503691970321622762e+02
3.376143305370986241e+02
3.253249162198140425e+02
3.134838886313191892e+02
3.020748137343585995e+02
2.910818651345099966e+02
2.804898012345821030e+02
2.702839432745378758e+02
2.604501542212585150e+02
2.509748184733533378e+02
2.418448223470081757e+02
2.330475353131632232e+02
2.245707919533674328e+02
2.164028746085039074e+02
2.085324966884961952e+02
2.009487866211257483e+02
1.936412724106826602e+02
1.865998667851607138e+02
1.798148529064180536e+02
1.732768706227985547e+02
1.669769032420548740e+02
1.609062648042942101e+02
1.550565878347870239e+02
1.494198115600376013e+02
1.439881705652465200e+02
1.387541838804459644e+02
1.337106444752331811e+02
1.288506091478454891e+02
1.241673887934051521e+02
1.196545390359271721e+02
1.153058512112083349e+02
1.111153436859000010e+02
1.070772535009694337e+02
1.031860283262065536e+02
9.943631871464761218e+01
9.582297064537894471e+01
9.234101834326992275e+01
8.898567736523786209e+01
8.575233794412068278e+01
8.263655857802905302e+01
7.963405985827526479e+01
7.674071852573959518e+01
7.395256174686835493e+01
7.126576160160502127e+01
6.867662977499703914e+01
6.618161244476910099e+01
6.377728535774480179e+01
6.146034908792401552e+01
5.922762446904395262e+01
5.707604819542024899e+01
5.500266858700370420e+01
5.300464150669648689e+01
5.107922642983097461e+01
4.922378265653227203e+01
4.743576566713641540e+01
4.571272361034233711e+01
4.405229391763562319e+01
4.245220004213470588e+01
4.091024832098857189e+01
3.942432494909018459e+01
3.799239306626680701e+01
3.661248994841012205e+01
3.528272430497618473e+01
3.400127367300623860e+01
3.276638190737823209e+01
3.157635676326764695e+01
3.042956756642016458e+01
2.932444296920395388e+01
2.825946878859240741e+01
2.723318592332480037e+01
2.624418834692246705e+01
2.529112117395856174e+01
2.437267879795776437e+01
2.348760309629190246e+01
2.263468170080267328e+01
2.181274633242043848e+01
2.102067119510193294e+01
2.025737143007609120e+01
1.952180162521549889e+01
1.881295437926468495e+01
1.812985891893612589e+01
1.747157976559458348e+01
1.683721545082014259e+01
1.622589727969952023e+01
1.563678813762002839e+01
1.506908134227583318e+01
1.452199953613407502e+01
1.399479361998447935e+01
1.348674172533603688e+01
1.299714822359635313e+01
1.252534277258204654e+01
1.207067939690876024e+01
1.163253560151893495e+01
1.121031151863761188e+01
1.080342908470488972e+01
1.041133124806992960e+01
1.003348120513481945e+01
9.669361664657976974e+00
9.318474138335524515e+00
8.980338257187515438e+00
8.654491113888790110e+00
8.340486627453310930e+00
8.037894932594371156e+00
7.746301789836239848e+00
7.465308018430828696e+00
7.194528948950583036e+00
6.933593896686529590e+00
6.682145653066725366e+00
6.439839996847680936e+00
6.206345221724125061e+00
5.981341682625787470e+00
5.764521357314317918e+00
5.555587424678096298e+00
5.354253857757324653e+00
5.160245032284280775e+00
4.973295348835645946e+00
4.793148869220511976e+00
4.619558965577275522e+00
4.452287982803053268e+00
4.291106912713553712e+00
4.135795080546268210e+00
3.986139843204882016e+00
3.841936297148249135e+00
3.702986998117344886e+00
3.569101690689571171e+00
3.440097047466879499e+00
3.315796418241767629e+00
3.196029587915429460e+00
3.080632543264821166e+00
2.969447248494129443e+00
2.862321428624470254e+00
2.759108360539025195e+00
2.659666672597547077e+00
2.563860150981628561e+00
2.471557552598709240e+00
2.382632425501748141e+00
2.296962935684845775e+00
2.214431700201059616e+00
2.134925626441126489e+00
2.058335756594666055e+00
1.984557119132452474e+00
1.913488584385209190e+00
1.845032726272563650e+00
1.779095688451082902e+00
1.715587056408179212e+00
1.654419732534327281e+00
1.595509817194912028e+00
1.538776494167397813e+00
1.484141917712805014e+00
1.431531109205739671e+00
1.380871851614014600e+00
1.332094591956276552e+00
1.285132345060626013e+00
1.239920601892849472e+00
1.196397240916721394e+00
1.154502442991724109e+00
1.114178609077045357e+00
1.075370281333215328e+00
1.038024066642950993e+00
1.002088563239334595e+00
9.675142907638882850e-01
9.342536213353395125e-01
9.022607145428757081e-01
8.714914544392754481e-01
8.419033884371481813e-01
8.134556692372449938e-01
7.861089983695738193e-01
7.598255722074792606e-01
7.345690297450557793e-01
7.103044024712055204e-01
6.869980660715395704e-01
6.646176941946695393e-01
6.431322133367088911e-01
6.225117600267073836e-01
6.027276399366993109e-01
5.837522878304082230e-01
5.655592291032525143e-01
5.481230436017799912e-01
5.314193297441592856e-01
5.154246706943075296e-01
5.001166020735584583e-01
4.854735806615168014e-01
4.714749536667690588e-01
4.581009308038740957e-01
4.453325561768166074e-01
4.331516811086390528e-01
4.215409396053195201e-01
4.104837230885123311e-01
3.999641574829817525e-01
3.899670804438122862e-01
3.804780198846142159e-01
3.714831736024349906e-01
3.629693895047850227e-01
3.549241465247924832e-01
3.473355367620890033e-01
3.401922486451381400e-01
3.334835500182992685e-01
3.271992728309435772e-01
3.213297975362650605e-01
3.158660400490739262e-01
3.107994373918425701e-01
3.061219355986771751e-01
3.018259769741673537e-01
2.979044889005280639e-01
2.943508728167732458e-01
2.911589940795563103e-01
2.883231721680744597e-01
2.858381716953760088e-01
2.836991941508046344e-01
2.819018695671795527e-01
2.804422490266341161e-01
2.793167983169208002e-01
2.785223905770256581e-01
2.780563014910130692e-01
2.779162037077245184e-01
2.781001616367985707e-01
2.786066272123725041e-01
2.794344361621296513e-01
2.805828043838669017e-01
2.820513249134234957e-01
2.838399654194591060e-01
2.859490660207926749e-01
2.883793383187202020e-01
2.911318634508979764e-01
2.942080913602051484e-01
2.976098409775277398e-01
3.013392997809261065e-01
3.053990249998612683e-01
3.097919438517399704e-01
3.145213557568313778e-01
3.195909332951978321e-01
3.250047251097414325e-01
3.307671580028489489e-01
3.368830405275686224e-01
3.433575661594571171e-01
3.501963175973901721e-01
3.574052706880516683e-01
3.649907997589382225e-01
3.729596823277461781e-01
3.813191054353148868e-01
3.900766710216390654e-01
3.992404029039333668e-01
4.088187542600422719e-01
4.188206143592075881e-01
4.292553168948884390e-01
4.401326485863814586e-01
4.514628577266808218e-01
4.632566637195251746e-01
4.755252671970530143e-01
4.882803604707716683e-01
5.015341379072618677e-01
5.152993081747342385e-01
5.295891054466401737e-01
5.444173025513988629e-01
5.597982239285874684e-01
5.757467588754369148e-01
5.922783763416185066e-01
6.094091395412464252e-01
6.271557214788023860e-01
6.455354208621335577e-01
6.645661791014041420e-01
6.842665973725600148e-01
7.046559550570521413e-01
7.257542281923122784e-01
7.475821089759268068e-01
7.701610259901964239e-01
7.935131652546023595e-01
8.176614916976002734e-01
8.426297718111385171e-01
8.684425968320244049e-01
8.951254067296928740e-01
9.227045155917383834e-01
9.512071373642640992e-01
9.806614122696079017e-01
1.011096434987400539e+00
1.042542283029161521e+00
1.075030046585921051e+00
1.108591859042467931e+00
1.143260928599056259e+00
1.179071571538172769e+00
1.216059245437541625e+00
1.254260584995874783e+00
1.293713437955387402e+00
1.334456902035006109e+00
1.376531364293533066e+00
1.419978540869132111e+00
1.464841518406882814e+00
1.511164796411007982e+00
1.558994331844275605e+00
1.608377584232744351e+00
1.659363563221972981e+00
1.712002876724589395e+00
1.766347781401049533e+00
1.822452234065071286e+00
1.880371946045874765e+00
1.940164437786966678e+00
2.001889096466245022e+00
2.065607234282728744e+00
2.131382150044157875e+00
2.199279191786791099e+00
2.269365821448837028e+00
2.341711682102870284e+00
2.416388667188122064e+00
2.493470991796407077e+00
2.573035266818094247e+00
2.655160574872906576e+00
2.739928548681435316e+00
2.827423452414964178e+00
2.917732265593523611e+00
3.010944769349390260e+00
3.107153635722657015e+00
3.206454520139404796e+00
3.308946156137043904e+00
3.414730453895878259e+00
3.523912601684461077e+00
3.636601169863938221e+00
3.752908219397488754e+00
3.872949413434843891e+00
3.996844131842860914e+00
4.124715590574509427e+00
4.256690963897895585e+00
4.392901511151890759e+00
4.533482707447749505e+00
4.678574378187701832e+00
4.828320838486463984e+00
4.982871036850554880e+00
5.142378703018647634e+00
5.307002501694021213e+00
5.476906189782188683e+00
5.652258779724908422e+00
5.833234707941414854e+00
6.020014008108061532e+00
6.212782490964442239e+00
6.411731928689118121e+00
6.617060246436201609e+00
6.828971718581320793e+00
7.047677173622971303e+00
7.273394202664284158e+00
7.506347376991015174e+00
7.746768471616899632e+00
7.994896695796330555e+00
8.250978931826837837e+00
8.515269980593096477e+00
8.788032815927584451e+00
9.069538846336390847e+00
9.360068185993258183e+00
9.659909932571927982e+00
9.969362456153048058e+00
1.028873369648543168e+01
1.061834147021442476e+01
1.095851378726025338e+01
1.130958917805591391e+01
1.167191703093498312e+01
1.204585794072302996e+01
1.243178406782300804e+01
1.283007950966547384e+01
1.324114068359896734e+01
1.366537672260754910e+01
1.410320988286632726e+01
1.455507596538213022e+01
1.502142475056886894e+01
1.550272044692955475e+01
1.599944215487717614e+01
1.651208434401709724e+01
1.704115734682630645e+01
1.758718786829942715e+01
1.815071951230335756e+01
1.873231332299551255e+01
1.933254834632684549e+01
1.995202220742561039e+01
2.059135170782937507e+01
2.125117344183410140e+01
2.193214443199262575e+01
2.263494278652573399e+01
2.336026837591488103e+01
2.410884353282675718e+01
2.488141377447739444e+01
2.567874854748945523e+01
2.650164199798454945e+01
2.735091376587836720e+01
2.822740980393770727e+01
2.913200322521210950e+01
3.006559517621660405e+01
3.102911573888683705e+01
3.202352486199479387e+01
3.304981332220783230e+01
3.410900371596302705e+01
3.520215148526413884e+01
3.633034597375630881e+01
3.749471151927161827e+01
3.869640858085637802e+01
3.993663490195750398e+01
4.121662671266021505e+01
4.253765996911702985e+01
4.390105163479135797e+01
4.530816100142983061e+01
4.676039105510713512e+01
4.825918988468755799e+01
4.980605213686435917e+01
5.140252051905633834e+01
5.305018734928007973e+01
5.475069615870703643e+01
5.650574334503475171e+01
5.831707987967195805e+01
6.018651307055461075e+01
6.211590838276487148e+01
6.410719131839368856e+01
6.616234935785129778e+01
6.828343396335652926e+01
7.047256265011031928e+01
7.273192112241126495e+01
7.506376548210013766e+01
7.747042450705389172e+01
7.995430200683611588e+01
8.251787925295580806e+01
8.516371748851918255e+01
8.789446052334919557e+01
9.071283741145499846e+01
9.362166521739892744e+01
9.662385187407743103e+01
9.972239913374343701e+01
1.029204056163667644e+02
1.062210699580638220e+02
1.096276940651011813e+02
1.131436864738713552e+02
1.167725658201843117e+02
1.205179644274763149e+02
1.243836320102483768e+02
1.283734395020560726e+02
1.324913830089647604e+02
1.367415878961256226e+02
1.411283130094078899e+02
1.456559550370762111e+02
1.503290530179107236e+02
1.551522929978337970e+02
1.601305128440219789e+02
1.652687072194273128e+02
1.705720327273418775e+02
1.760458132168127747e+02
1.816955452797440387e+02
1.875269039251705294e+02
1.935457484472833585e+02
1.997581284930342918e+02
2.061702903308998600e+02
2.127886833352774829e+02
2.196199666873624494e+02
2.266710163056887666e+02
2.339489320119774902e+02
2.414610449407876445e+02
2.492149252025276382e+02
2.572183898080743916e+02
2.654795108652572253e+02
2.740066240567546743e+02
2.828083374091345945e+02
2.918935403645206179e+02
3.012714131677234377e+02
3.109514365741259780e+02
3.209434018979029020e+02
3.312574214089603402e+02
3.419039390924229451e+02
3.528937417836468171e+02
3.642379706947774025e+02
3.759481333452293370e+02
3.880361159122476238e+02
4.005141960191624548e+02
4.133950559760459100e+02
4.266917964902540916e+02
4.404179508666054517e+02
4.545874997139473521e+02
4.692148861798621624e+02
4.843150317337910451e+02
4.999033525184884184e+02
5.159957762943968191e+02
5.326087599986288978e+02
5.497593079458134753e+02
5.674649906934054115e+02
5.857439646009318039e+02
6.046149921088922383e+02
6.240974627687422753e+02
6.442114150540646733e+02
6.649775589852720259e+02
6.864172996024281019e+02
7.085527613184029860e+02
7.314068131957342302e+02
7.550030951773750303e+02
7.793660453215105690e+02
8.045209280767074915e+02
8.304938636446731834e+02
8.573118584772261102e+02
8.850028369594606374e+02
9.135956743257177095e+02
9.431202308706164104e+02
9.736073875053347138e+02
1.005089082724546302e+03
1.037598351046437301e+03
1.071169362992651486e+03
1.105837466676392296e+03
1.141639231078895364e+03
1.178612491086297950e+03
1.216796394373726343e+03
1.256231450222416242e+03
1.296959580360320842e+03
1.339024171927222142e+03
1.382470132659532965e+03
1.427343948411977863e+03
1.473693743123863442e+03
1.521569341354127346e+03
1.571022333511510851e+03
1.622106143915104667e+03
1.674876101829293475e+03
1.729389515624366368e+03
1.785705750222830147e+03
1.843886308003345675e+03
1.903994913340237417e+03
1.966097600973045928e+03
2.030262808406811246e+03
2.096561472562059862e+03
2.165067130898874439e+03
2.235856027265505872e+03
2.309007222724188978e+03
2.384602711633051513e+03
2.462727543279990186e+03
2.543469949374061798e+03
2.626921477735875214e+03
2.713177132534204247e+03
2.802335521452240300e+03
2.894499010186432770e+03
2.989773884707528850e+03
3.088270521744948837e+03
3.190103567987091992e+03
3.295392128524614691e+03
3.404259965098142402e+03
3.516835704753755635e+03
3.633253059548927467e+03
3.753651058006879794e+03
3.878174289054956716e+03
4.006973159245422266e+03
4.140204164111616592e+03
4.278030174578075275e+03
4.420620739408323061e+03
4.568152404752318944e+03
4.720809051935644675e+03
4.878782254715351883e+03
5.042271657328766196e+03
5.211485374762069114e+03
5.386640416776251186e+03
5.567963137355873187e+03
5.755689711372055172e+03
5.950066640404300415e+03
6.151351289818737314e+03
6.359812459378244057e+03
6.575730989842324561e+03
6.799400408233558665e+03
7.031127614663404529e+03
7.271233613863586470e+03
7.520054294841821502e+03
7.777941262380487387e+03
8.045262724422585961e+03
8.322404439753792758e+03
8.609770730787233333e+03
8.907785566692540669e+03
9.216893722600058027e+03
9.537562021135150644e+03
9.870280663136369185e+03
1.021556465505751839e+04
1.057395534127713654e+04
1.094602205033551945e+04
1.133236386501213747e+04
1.173361152713538831e+04
1.215042948911894382e+04
1.258351812543377491e+04
1.303361611858931792e+04
1.350150303570955839e+04
1.398800211349349956e+04
1.449398327124258867e+04
1.502036637376086401e+04
1.556812476832533503e+04
1.613828912259993012e+04
1.673195159337661971e+04
1.735027035942825023e+04
1.799447455558511501e+04
1.866586964947341767e+04
1.936584330725132168e+04
2.009587180023217297e+04
2.085752701057874219e+04
2.165248410142234570e+04
2.248252992491890836e+04
2.334957225106983242e+04
2.425564991077151717e+04
2.520294395876054841e+04
2.619378997609806902e+04
2.723069164792179436e+04
2.831633577071899344e+04
2.945360886475261213e+04
3.064561559200695410e+04
3.189569920870263013e+04
3.320746431473375560e+04
3.458480220119682053e+04
3.603191914247606474e+04
3.755336803235960542e+04
3.915408382587722735e+04
4.083942332170574809e+04
4.261520990631651512e+04
4.448778398314979859e+04
4.646405993121500796e+04
4.855159058167962212e+04
5.075864037305291276e+04
5.309426855162103311e+04
5.556842403135463974e+04
5.819205382601339807e+04
6.097722732738211926e+04
6.393727914231012983e+04
6.708697373622297891e+04
7.044269578578002984e+04
7.402267094870521396e+04
7.784722275340497436e+04
8.193907254490120977e+04
8.632369096185652597e+04
9.102971134673764755e+04
9.608941791852554888e+04
1.015393246115603397e+05
1.074208643999210326e+05
1.137812139449453389e+05
1.206742848755639716e+05
1.281619214145098085e+05
1.363153550516967371e+05
1.452169814421602932e+05
1.549625439278982230e+05
1.656638338209913054e+05
1.774520523551317165e+05
1.904820266283371020e+05
2.049375371723993158e+05
2.210381057182491932e+05
2.390477197894429555e+05
2.592861533361442853e+05
2.821438063846691512e+05
3.081013731764181284e+05
3.377562233901728760e+05
3.718582512217206531e+05
4.113592878202456050e+05
4.574822796610763762e+05
0.000000000000000000e+00
0.000000000000000000e+00
0.000000000000000000e+00
0.000000000000000000e+00
0.000000000000000000e+00
0.000000000000000000e+00
0.000000000000000000e+00
0.000000000000000000e+00
0.000000000000000000e+00
0.000000000000000000e+00
0.000000000000000000e+00
0.000000000000000000e+00
0.000000000000000000e+00
0.000000000000000000e+00
0.000000000000000000e+00
0.000000000000000000e+00
0.000000000000000000e+00
0.000000000000000000e+00
0.000000000000000000e+00
0.000000000000000000e+00
0.000000000000000000e+00
0.000000000000000000e+00
0.000000000000000000e+00
0.000000000000000000e+00
0.000000000000000000e+00
0.000000000000000000e+00
0.000000000000000000e+00
0.000000000000000000e+00
0.000000000000000000e+00
0.000000000000000000e+00
0.000000000000000000e+00
0.000000000000000000e+00
0.000000000000000000e+00
0.000000000000000000e+00
0.000000000000000000e+00
0.000000000000000000e+00
0.000000000000000000e+00
0.000000000000000000e+00
0.000000000000000000e+00
0.000000000000000000e+00
0.000000000000000000e+00
0.000000000000000000e+00
0.000000000000000000e+00
0.000000000000000000e+00
0.000000000000000000e+00
0.000000000000000000e+00
0.000000000000000000e+00
0.000000000000000000e+00
0.000000000000000000e+00
0.000000000000000000e+00
0.000000000000000000e+00
0.000000000000000000e+00
0.000000000000000000e+00
0.000000000000000000e+00
0.000000000000000000e+00
0.000000000000000000e+00
0.000000000000000000e+00
0.000000000000000000e+00
0.000000000000000000e+00
0.000000000000000000e+00
0.000000000000000000e+00
0.000000000000000000e+00
0.000000000000000000e+00
0.000000000000000000e+00
0.000000000000000000e+00
0.000000000000000000e+00
0.000000000000000000e+00
0.000000000000000000e+00
0.000000000000000000e+00
0.000000000000000000e+00
0.000000000000000000e+00
0.000000000000000000e+00
0.000000000000000000e+00
0.000000000000000000e+00
0.000000000000000000e+00
0.000000000000000000e+00
0.000000000000000000e+00
0.000000000000000000e+00
0.000000000000000000e+00
0.000000000000000000e+00
0.000000000000000000e+00
0.000000000000000000e+00
0.000000000000000000e+00
0.000000000000000000e+00
0.000000000000000000e+00
0.000000000000000000e+00
0.000000000000000000e+00
0.000000000000000000e+00
0.000000000000000000e+00
0.000000000000000000e+00
0.000000000000000000e+00
0.000000000000000000e+00
0.000000000000000000e+00
0.000000000000000000e+00
0.000000000000000000e+00
0.000000000000000000e+00
0.000000000000000000e+00
0.000000000000000000e+00
0.000000000000000000e+00
0.000000000000000000e+00
0.000000000000000000e+00
