3.694528049465324525e+24
3.694528049465324525e+24
3.694528049465324525e+24
3.694528049465324525e+24
3.694528049465324525e+24
3.694528049465324525e+24
3.694528049465324525e+24
3.694528049465324525e+24
3.694528049465324525e+24
3.694528049465324525e+24
3.694528049465324525e+24
3.694528049465324525e+24
3.694528049465324525e+24
3.694528049465324525e+24
3.694528049465324525e+24
3.694528049465324525e+24
3.694528049465324525e+24
3.694528049465324525e+24
3.694528049465324525e+24
3.694528049465324525e+24
3.694528049465324525e+24
3.694528049465324525e+24
3.694528049465324525e+24
3.694528049465324525e+24
3.694528049465324525e+24
3.694528049465324525e+24
3.694528049465324525e+24
3.694528049465324525e+24
3.694528049465324525e+24
3.694528049465324525e+24
3.694528049465324525e+24
3.694528049465324525e+24
3.694528049465324525e+24
3.694528049465324525e+24
3.694528049465324525e+24
3.694528049465324525e+24
3.694528049465324525e+24
3.694528049465324525e+24
3.694528049465324525e+24
3.694528049465324525e+24
3.694528049465324525e+24
3.694528049465324525e+24
3.694528049465324525e+24
3.694528049465324525e+24
3.694528049465324525e+24
3.694528049465324525e+24
3.694528049465324525e+24
3.694528049465324525e+24
3.694528049465324525e+24
3.694528049465324525e+24
3.694528049465324525e+24
3.694528049465324525e+24
3.694528049465324525e+24
3.694528049465324525e+24
3.694528049465324525e+24
3.694528049465324525e+24
3.694528049465324525e+24
3.694528049465324525e+24
3.694528049465324525e+24
3.694528049465324525e+24
3.694528049465324525e+24
3.694528049465324525e+24
3.694528049465324525e+24
3.694528049465324525e+24
3.694528049465324525e+24
3.694528049465324525e+24
3.694528049465324525e+24
3.694528049465324525e+24
3.694528049465324525e+24
3.694528049465324525e+24
3.694528049465324525e+24
3.694528049465324525e+24
3.694528049465324525e+24
3.694528049465324525e+24
3.694528049465324525e+24
3.694528049465324525e+24
3.694528049465324525e+24
3.694528049465324525e+24
3.694528049465324525e+24
3.694528049465324525e+24
3.694528049465324525e+24
3.694528049465324525e+24
3.694528049465324525e+24
3.694528049465324525e+24
3.694528049465324525e+24
3.694528049465324525e+24
3.694528049465324525e+24
3.694528049465324525e+24
3.694528049465324525e+24
3.694528049465324525e+24
3.694528049465324525e+24
3.694528049465324525e+24
3.694528049465324525e+24
3.694528049465324525e+24
3.694528049465324525e+24
3.694528049465324525e+24
3.694528049465324525e+24
3.694528049465324525e+24
3.694528049465324525e+24
3.694528049465324525e+24
3.694528049465324525e+24
3.346604229925547790e+24
3.051883122489390562e+24
2.799959516885737565e+24
2.582862805973282931e+24
2.394403082320290505e+24
2.229713447674649919e+24
2.084924006302603664e+24
1.956925944238041603e+24
1.843198318144707652e+24
1.741679194832467762e+24
1.650668616246973340e+24
1.568754709057112558e+24
1.494756834451212693e+24
1.427681427648530298e+24
1.366687387885570059e+24
1.311058727385328062e+24
1.260182788568065803e+24
1.213532769439000952e+24
1.170653609200326309e+24
1.131150514628538264e+24
1.094679576635753531e+24
1.060940052372591332e+24
1.029667982943799533e+24
1.000630888607992590e+24
9.736233381743427794e+23
9.484632314973973863e+23
9.249886666459948264e+23
9.030552887920423653e+23
8.825340378401228739e+23
8.633092275762766146e+23
8.452769016136624348e+23
8.283434213803156140e+23
8.124242493831601025e+23
7.974428974164742830e+23
7.833300145889783086e+23
7.700225942745962439e+23
7.574632825452077179e+23
7.455997734736513089e+23
7.343842790236696808e+23
7.237730631663375792e+23
7.137260314564121277e+23
7.042063686276803482e+23
6.951802178728325997e+23
6.866163963997554832e+23
6.784861426342241019e+23
6.707628910945103983e+23
6.634220715172834071e+23
6.564409292835214915e+23
6.497983645918835444e+23
6.434747881667058331e+23
6.374519915779490914e+23
6.317130304988048660e+23
6.262421194399026292e+23
6.210245366825064900e+23
6.160465382912075382e+23
6.112952802233144553e+23
6.067587476704846592e+23
6.024256908708432021e+23
5.982855667191415570e+23
5.943284855803003556e+23
5.905451627796116883e+23
5.869268743022463838e+23
5.834654162867591022e+23
5.801530679429436078e+23
5.769825575645249064e+23
5.739470313425488230e+23
5.710400247164740777e+23
5.682554360275752054e+23
5.655875022635572008e+23
5.630307767049543012e+23
5.605801083030047031e+23
5.582306226357424871e+23
5.559777043041995247e+23
5.538169806441162075e+23
5.517443066406191644e+23
5.497557509440879922e+23
5.478475828950645573e+23
5.460162604747032552e+23
5.442584191049772606e+23
5.425708612298290852e+23
5.409505466146858216e+23
5.393945833073881446e+23
5.379002192086457700e+23
5.364648342046978238e+23
5.350859328189979983e+23
5.337611373434483748e+23
5.324881814130952650e+23
5.312649039912590377e+23
5.300892437348279439e+23
5.289592337119654162e+23
5.278729964467688686e+23
5.268287392674794030e+23
5.258247499367520173e+23
5.248593925441887310e+23
5.239311036429361123e+23
5.230383886135471081e+23
5.221798182396444876e+23
5.213540254810894993e+23
5.205597024314713965e+23
5.197955974477222081e+23
5.190605124405801140e+23
5.183533003154605621e+23
5.176728625540703768e+23
5.170181469278038120e+23
5.163881453346014657e+23
5.157818917515684280e+23
5.151984602961728263e+23
5.146369633893771651e+23
5.140965500145013998e+23
5.135764040660561124e+23
5.130757427831817120e+23
5.125938152626819684e+23
5.121299010470009677e+23
5.116833087827766474e+23
5.112533749459423676e+23
5.108394626295407082e+23
5.104409603907303716e+23
5.100572811536622210e+23
5.096878611651092619e+23
5.093321589999772316e+23
5.089896546139388332e+23
5.086598484406548960e+23
5.083422605311960741e+23
5.080364297333958613e+23
5.077419129090664951e+23
5.074582841870458930e+23
5.071851342502563687e+23
5.069220696549912383e+23
5.066687121808089080e+23
5.064246982094620805e+23
5.061896781314121951e+23
5.059633157785463890e+23
5.057452878817948672e+23
5.055352835524451505e+23
5.053330037859656432e+23
5.051381609872622281e+23
5.049504785163408554e+23
5.047696902533911685e+23
5.045955401823809018e+23
5.044277819922734687e+23
5.042661786950592732e+23
5.041105022598050344e+23
5.039605332619942020e+23
5.038160605474428792e+23
5.036768809101346619e+23
5.035427987833438371e+23
5.034136259434502108e+23
5.032891812258632601e+23
5.031692902525282015e+23
5.030537851704985120e+23
5.029425044010940687e+23
5.028352923991631987e+23
5.027319994220288735e+23
5.026324813076863302e+23
5.025365992618552375e+23
5.024442196535139526e+23
5.023552138185427428e+23
5.022694578711423080e+23
5.021868325226877634e+23
5.021072229077152883e+23
5.020305184167341484e+23
5.019566125355896175e+23
5.018854026910890354e+23
5.018167901026479998e+23
5.017506796396993315e+23
5.016869796846290579e+23
5.016256020010166817e+23
5.015664616069625692e+23
5.015094766532901942e+23
5.014545683064378150e+23
5.014016606358357745e+23
5.013506805056083633e+23
5.013015574704011996e+23
5.012542236751976276e+23
5.012086137589413959e+23
5.011646647618327418e+23
5.011223160361382272e+23
5.010815091603863524e+23
5.010421878568106339e+23
5.010042979119135803e+23
5.009677871000257372e+23
5.009326051097561834e+23
5.008987034731979819e+23
5.008660354978091924e+23
5.008345562008441565e+23
5.008042222462460662e+23
5.007749918839061275e+23
5.007468248911931507e+23
5.007196825166731710e+23
5.006935274259273629e+23
5.006683236493946278e+23
5.006440365321555752e+23
5.006206326855884373e+23
5.005980799408249116e+23
5.005763473039344586e+23
5.005554049127721615e+23
5.005352239954344469e+23
5.005157768302469684e+23
5.004970367072415682e+23
5.004789778910590345e+23
5.004615755852226903e+23
5.004448058977347667e+23
5.004286458079440179e+23
5.004130731346364633e+23
5.003980665053048293e+23
5.003836053265517956e+23
5.003696697555822838e+23
5.003562406727460669e+23
5.003432996551053332e+23
5.003308289509525773e+23
5.003188114552782177e+23
5.003072306861300221e+23
5.002960707618654179e+23
5.002853163792322601e+23
5.002749527922377270e+23
5.002649657917937990e+23
5.002553416861338850e+23
5.002460672819242279e+23
5.002371298660835761e+23
5.002285171882515969e+23
5.002202174439211978e+23
5.002122192581732839e+23
5.002045116700121398e+23
5.001970841172763371e+23
5.001899264220977200e+23
5.001830287768957852e+23
5.001763817308834318e+23
5.001699761770669005e+23
5.001638033397191656e+23
5.001578547623105407e+23
5.001521222958863624e+23
5.001465980878628302e+23
5.001412745712330825e+23
5.001361444541727045e+23
5.001312007100154763e+23
5.001264365676055337e+23
5.001218455019935970e+23
5.001174212254755885e+23
5.001131576789612248e+23
5.001090490236521153e+23
5.001050896330249365e+23
5.001012740851125044e+23
5.000975971550563674e+23
5.000940538079415936e+23
5.000906391918840874e+23
5.000873486313743303e+23
5.000841776208635851e+23
5.000811218185796798e+23
5.000781770405757940e+23
5.000753392549907042e+23
5.000726045765158599e+23
5.000699692610711003e+23
5.000674297006674705e+23
5.000649824184620370e+23
5.000626240639902721e+23
5.000603514085741974e+23
5.000581613408945407e+23
5.000560508627239546e+23
5.000540170848221685e+23
5.000520572229706601e+23
5.000501685941613416e+23
5.000483486129147662e+23
5.000465947877406723e+23
5.000449047177213373e+23
5.000432760892247863e+23
5.000417066727304761e+23
5.000401943197783918e+23
5.000387369600206189e+23
5.000373325983895509e+23
5.000359793123615918e+23
5.000346752493250801e+23
5.000334186240401505e+23
5.000322077161954350e+23
5.000310408680497228e+23
5.000299164821624728e+23
5.000288330192036487e+23
5.000277889958467695e+23
5.000267829827351746e+23
5.000258136025253313e+23
5.000248795280034245e+23
5.000239794802621426e+23
5.000231122269513512e+23
5.000222765805901038e+23
5.000214713969387818e+23
5.000206955734335121e+23
5.000199480476752109e+23
5.000192277959738581e+23
5.000185338319476003e+23
5.000178652051707747e+23
5.000172209998697165e+23
5.000166003336720501e+23
5.000160023563979918e+23
5.000154262488925885e+23
5.000148712219048652e+23
5.000143365150067686e+23
5.000138213955515701e+23
5.000133251576707227e+23
5.000128471213030643e+23
5.000123866312678425e+23
5.000119430563633090e+23
5.000115157885036989e+23
5.000111042418837931e+23
5.000107078521805907e+23
5.000103260757735716e+23
5.000099583890024049e+23
5.000096042874519043e+23
5.000092632852471837e+23
5.000089349144084721e+23
5.000086187241925079e+23
5.000083142804837268e+23
5.000080211651935705e+23
5.000077389756883167e+23
5.000074673242358331e+23
5.000072058374744116e+23
5.000069541558991161e+23
5.000067119333693383e+23
5.000064788366314523e+23
5.000062545448608633e+23
5.000060387492254649e+23
5.000058311524554040e+23
5.000056314684373404e+23
5.000054394218211894e+23
5.000052547476387413e+23
5.000050771909412074e+23
5.000049065064468306e+23
5.000047424582039319e+23
5.000045848192649632e+23
5.000044333713736451e+23
5.000042879046635141e+23
5.000041482173693548e+23
5.000040141155456107e+23
5.000038854127991568e+23
5.000037619300340848e+23
5.000036434952017223e+23
5.000035299430605846e+23
5.000034211149505532e+23
5.000033168585689336e+23
5.000032170277593311e+23
5.000031214823101222e+23
5.000030300877591014e+23
5.000029427152016837e+23
5.000028592411166229e+23
5.000027795471905220e+23
5.000027035201482491e+23
5.000026310515997949e+23
5.000025620378825670e+23
5.000024963799183807e+23
5.000024339830713226e+23
5.000023747570137343e+23
5.000023186155990407e+23
5.000022654767383372e+23
5.000022152622812713e+23
5.000021678979045749e+23
5.000021233130069715e+23
5.000020814406036142e+23
5.000020422172305229e+23
5.000020055828472088e+23
5.000019714807552719e+23
5.000019398575088101e+23
5.000019106628389222e+23
5.000018838495741839e+23
5.000018593735707869e+23
5.000018371936437529e+23
5.000018172715036500e+23
5.000017995716954560e+23
5.000017840615424556e+23
5.000017707110947011e+23
5.000017594930770026e+23
5.000017503828421535e+23
5.000017433583313360e+23
5.000017384000282186e+23
5.000017354909289588e+23
5.000017346165073731e+23
5.000017357646824567e+23
5.000017389257919425e+23
5.000017440925690144e+23
5.000017512601196912e+23
5.000017604259039024e+23
5.000017715897198518e+23
5.000017847536903940e+23
5.000017999222569949e+23
5.000018171021675851e+23
5.000018363024719961e+23
5.000018575345231017e+23
5.000018808119740659e+23
5.000019061507858597e+23
5.000019335692287371e+23
5.000019630878960596e+23
5.000019947297102690e+23
5.000020285199410067e+23
5.000020644862182000e+23
5.000021026585544764e+23
5.000021430693649606e+23
5.000021857534941185e+23
5.000022307482402512e+23
5.000022780933887817e+23
5.000023278312416482e+23
5.000023800066568314e+23
5.000024346670819086e+23
5.000024918625976079e+23
5.000025516459645154e+23
5.000026140726650858e+23
5.000026792009556516e+23
5.000027470919201100e+23
5.000028178095232747e+23
5.000028914206704014e+23
5.000029679952703374e+23
5.000030476063007509e+23
5.000031303298728916e+23
5.000032162453080276e+23
5.000033054352073724e+23
5.000033979855341596e+23
5.000034939856945089e+23
5.000035935286201040e+23
5.000036967108605347e+23
5.000038036326744976e+23
5.000039143981267015e+23
5.000040291151871885e+23
5.000041478958374327e+23
5.000042708561768428e+23
5.000043981165378530e+23
5.000045298016010822e+23
5.000046660405170694e+23
5.000048069670325054e+23
5.000049527196216323e+23
5.000051034416202593e+23
5.000052592813671616e+23
5.000054203923487670e+23
5.000055869333488754e+23
5.000057590686071034e+23
5.000059369679795425e+23
5.000061208071036459e+23
5.000063107675741204e+23
5.000065070371200272e+23
5.000067098097910756e+23
5.000069192861480785e+23
5.000071356734603191e+23
5.000073591859131858e+23
5.000075900448154719e+23
5.000078284788229818e+23
5.000080747241627420e+23
5.000083290248635199e+23
5.000085916330015096e+23
5.000088628089483659e+23
5.000091428216297751e+23
5.000094319487897966e+23
5.000097304772692306e+23
5.000100387032871396e+23
5.000103569327376711e+23
5.000106854814905711e+23
5.000110246757062599e+23
5.000113748521566800e+23
5.000117363585645984e+23
5.000121095539443850e+23
5.000124948089616497e+23
5.000128925062970391e+23
5.000133030410306359e+23
5.000137268210328016e+23
5.000141642673678356e+23
5.000146158147136075e+23
5.000150819117936704e+23
5.000155630218221936e+23
5.000160596229667443e+23
5.000165722088222113e+23
5.000171012888999609e+23
5.000176473891355828e+23
5.000182110524125406e+23
5.000187928391005860e+23
5.000193933276130983e+23
5.000200131149842874e+23
5.000206528174604230e+23
5.000213130711148203e+23
5.000219945324810118e+23
5.000226978792018920e+23
5.000234238107069794e+23
5.000241730489088727e+23
5.000249463389180941e+23
5.000257444497881322e+23
5.000265681752783355e+23
5.000274183346450585e+23
5.000282957734574377e+23
5.000292013644369898e+23
5.000301360083278129e+23
5.000311006347933621e+23
5.000320962033391963e+23
5.000331237042725008e+23
5.000341841596834875e+23
5.000352786244648451e+23
5.000364081873630674e+23
5.000375739720599790e+23
5.000387771382949971e+23
5.000400188830159146e+23
5.000413004415743767e+23
5.000426230889507528e+23
5.000439881410330294e+23
5.000453969559180510e+23
5.000468509352695358e+23
5.000483515257133350e+23
5.000499002202761808e+23
5.000514985598761734e+23
5.000531481348553467e+23
5.000548505865672626e+23
5.000566076090105746e+23
5.000584209505204400e+23
5.000602924155026130e+23
5.000622238662366593e+23
5.000642172247313157e+23
5.000662744746420580e+23
5.000683976632457799e+23
5.000705889034832508e+23
5.000728503760649254e+23
5.000751843316466796e+23
5.000775930930710457e+23
5.000800790576856218e+23
5.000826446997328862e+23
5.000852925728200715e+23
5.000880253124629265e+23
5.000908456387173899e+23
5.000937563588919967e+23
5.000967603703483308e+23
5.000998606633959676e+23
5.001030603242714358e+23
5.001063625382195217e+23
5.001097705926742287e+23
5.001132878805440251e+23
5.001169179035911103e+23
5.001206642759360420e+23
5.001245307276614812e+23
5.001285211085398218e+23
5.001326393918801387e+23
5.001368896784946577e+23
5.001412762008019922e+23
5.001458033270501031e+23
5.001504755656848845e+23
5.001552975698588053e+23
5.001602741420799432e+23
5.001654102390185226e+23
5.001707109764645152e+23
5.001761816344397915e+23
5.001818276624873732e+23
5.001876546851214113e+23
5.001936685074567471e+23
5.001998751210223520e+23
5.002062807097597860e+23
5.002128916562139907e+23
5.002197145479358102e+23
5.002267561840734907e+23
5.002340235821918139e+23
5.002415239853064480e+23
5.002492648691439858e+23
5.002572539496457222e+23
5.002654991907035619e+23
5.002740088121569124e+23
5.002827912980375452e+23
5.002918554050957767e+23
5.003012101715913941e+23
5.003108649263752964e+23
5.003208292982698373e+23
5.003311132257423668e+23
5.003417269669076056e+23
5.003526811098471769e+23
5.003639865832650173e+23
5.003756546674900095e+23
5.003876970058393919e+23
5.004001256163519381e+23
5.004129529039046637e+23
5.004261916727176237e+23
5.004398551392811598e+23
5.004539569456884860e+23
5.004685111734197142e+23
5.004835323575630960e+23
5.004990355015178356e+23
5.005150360921625728e+23
5.005315501155193968e+23
5.005485940729513089e+23
5.005661849978736717e+23
5.005843404730205146e+23
5.006030786482813985e+23
5.006224182591202494e+23
5.006423786456017273e+23
5.006629797720421785e+23
5.006842422473195289e+23
5.007061873458446032e+23
5.007288370292147387e+23
5.007522139686096245e+23
5.007763415679063451e+23
5.008012439875718144e+23
5.008269461693383018e+23
5.008534738617098337e+23
5.008808536463115498e+23
5.009091129651131518e+23
5.009382801485663746e+23
5.009683844446693664e+23
5.009994560490140105e+23
5.010315261358344461e+23
5.010646268901169142e+23
5.010987915407135531e+23
5.011340543946526105e+23
5.011704508725544752e+23
5.012080175452570109e+23
5.012467921716865642e+23
5.012868137379845133e+23
5.013281224979796837e+23
5.013707600150119349e+23
5.014147692051891917e+23
5.014601943821131532e+23
5.015070813031266957e+23
5.015554772171426282e+23
5.016054309141052737e+23
5.016569927761488993e+23
5.017102148305125848e+23
5.017651508042722663e+23
5.018218561809616260e+23
5.018803882591619551e+23
5.019408062130940092e+23
5.020031711553340603e+23
5.020675462017064905e+23
5.021339965384392295e+23
5.022025894916630365e+23
5.022733945993546181e+23
5.023464836858008253e+23
5.024219309386847937e+23
5.024998129889039509e+23
5.025802089932116973e+23
5.026632007197918778e+23
5.027488726368893241e+23
5.028373120046010236e+23
5.029286089699636753e+23
5.030228566654642008e+23
5.031201513110974948e+23
5.032205923201248951e+23
5.033242824086687287e+23
5.034313277093130556e+23
5.035418378888516741e+23
5.036559262703673315e+23
5.037737099598026653e+23
5.038953099772190345e+23
5.040208513929311452e+23
5.041504634687193340e+23
5.042842798043353988e+23
5.044224384895030353e+23
5.045650822616835949e+23
5.047123586697955409e+23
5.048644202442007983e+23
5.050214246731843560e+23
5.051835349862221988e+23
5.053509197443284200e+23
5.055237532378059841e+23
5.057022156916920586e+23
5.058864934792864738e+23
5.060767793440765751e+23
5.062732726304666917e+23
5.064761795237018547e+23
5.066857132994029809e+23
5.069020945831393954e+23
5.071255516205393253e+23
5.073563205583879254e+23
5.075946457372547413e+23
5.078407799961862065e+23
5.080949849900277574e+23
5.083575315200060571e+23
5.086286998781654414e+23
5.089087802063900063e+23
5.091980728706836338e+23
5.094968888514830643e+23
5.098055501507926101e+23
5.101243902169846739e+23
5.104537543881649952e+23
5.107940003550467782e+23
5.111454986443325513e+23
5.115086331236768274e+23
5.118838015293402173e+23
5.122714160177487943e+23
5.126719037422112971e+23
5.130857074561609095e+23
5.135132861443220450e+23
5.139551156833654376e+23
5.144116895336284627e+23
5.148835194636414243e+23
5.153711363093065116e+23
5.158750907696364556e+23
5.163959542411843328e+23
5.169343196933316600e+23
5.174908025868278846e+23
5.180660418380963072e+23
5.186607008319878401e+23
5.192754684858607652e+23
5.199110603680610853e+23
5.205682198740929421e+23
5.212477194639835283e+23
5.219503619646081708e+23
5.226769819409869523e+23
5.234284471409091753e+23
5.242056600174769209e+23
5.250095593345510067e+23
5.258411218604228870e+23
5.267013641554460095e+23
5.275913444597664852e+23
5.285121646877813464e+23
5.294649725364528312e+23
5.304509637151240047e+23
5.314713843051137954e+23
5.325275332579969970e+23
5.336207650421660682e+23
5.347524924480696950e+23
5.359241895633091224e+23
5.371373949297296975e+23
5.383937148955995595e+23
5.396948271770779244e+23
5.410424846443137162e+23
5.424385193488819673e+23
5.438848468106132922e+23
5.453834705834536967e+23
5.469364871216928569e+23
5.485460909697706052e+23
5.502145803009044848e+23
5.519443628320558301e+23
5.537379621452351841e+23
5.555980244478620923e+23
5.575273258079486959e+23
5.595287799031473730e+23
5.616054463264402346e+23
5.637605394952821282e+23
5.659974382155240896e+23
5.683196959564167475e+23
5.707310518985644971e+23
5.732354428228129291e+23
5.758370159149315334e+23
5.785401425685363923e+23
5.813494332772132921e+23
5.842697537162407429e+23
5.873062421249460001e+23
5.904643281125431029e+23
5.937497530235537337e+23
5.971685920138399318e+23
6.007272780049788814e+23
6.044326277034983891e+23
6.082918698927190106e+23
6.123126762288377946e+23
6.165031947998900634e+23
6.208720867367943448e+23
6.254285662003492406e+23
6.301824441073376900e+23
6.351441760036449577e+23
6.403249145432170069e+23
6.457365670898295720e+23
6.513918590250238104e+23
6.573044034217300218e+23
6.634887778303354664e+23
6.699606090243467714e+23
6.767366666684204853e+23
6.838349670049713834e+23
6.912748878099476392e+23
6.990772960473884299e+23
7.072646898602426698e+23
7.158613567772005006e+23
7.248935502980008232e+23
7.343896873505372053e+23
7.443805695014100743e+23
7.548996312581709423e+23
7.659832193403247038e+23
7.776709074334796638e+23
7.900058516969671843e+23
8.030351931950570773e+23
8.168105144957001783e+23
8.313883589667993776e+23
8.468308228451835230e+23
8.632062320165718002e+23
8.805899176993123111e+23
8.990651079630595230e+23
9.187239553527465755e+23
9.396687249764249921e+23
9.620131724421667037e+23
9.858841472369455457e+23
1.011423464841899625e+24
1.038790100479374036e+24
1.068162769416206875e+24
1.099742973898129819e+24
1.133758615977670971e+24
1.170468299938526222e+24
1.210166479340537849e+24
1.253189644104895763e+24
1.299923795508990134e+24
1.350813525543506042e+24
1.406373107437043685e+24
1.467200124127501387e+24
1.533992322103677133e+24
1.607568595056241026e+24
1.688895297722442760e+24
1.779119497959170237e+24
1.879611342642069740e+24
1.992018512294961996e+24
2.118336878929569372e+24
2.261003127852813005e+24
2.423017516534435764e+24
2.608108533245360518e+24
2.820956649413479468e+24
3.067502727793779939e+24
3.355379799909604490e+24
3.694528049465331504e+24
3.694528049465331504e+24
3.694528049465331504e+24
3.694528049465331504e+24
3.694528049465331504e+24
3.694528049465331504e+24
3.694528049465331504e+24
3.694528049465331504e+24
3.694528049465331504e+24
3.694528049465331504e+24
3.694528049465331504e+24
3.694528049465331504e+24
3.694528049465331504e+24
3.694528049465331504e+24
3.694528049465331504e+24
3.694528049465331504e+24
3.694528049465331504e+24
3.694528049465331504e+24
3.694528049465331504e+24
3.694528049465331504e+24
3.694528049465331504e+24
3.694528049465331504e+24
3.694528049465331504e+24
3.694528049465331504e+24
3.694528049465331504e+24
3.694528049465331504e+24
3.694528049465331504e+24
3.694528049465331504e+24
3.694528049465331504e+24
3.694528049465331504e+24
3.694528049465331504e+24
3.694528049465331504e+24
3.694528049465331504e+24
3.694528049465331504e+24
3.694528049465331504e+24
3.694528049465331504e+24
3.694528049465331504e+24
3.694528049465331504e+24
3.694528049465331504e+24
3.694528049465331504e+24
3.694528049465331504e+24
3.694528049465331504e+24
3.694528049465331504e+24
3.694528049465331504e+24
3.694528049465331504e+24
3.694528049465331504e+24
3.694528049465331504e+24
3.694528049465331504e+24
3.694528049465331504e+24
3.694528049465331504e+24
3.694528049465331504e+24
3.694528049465331504e+24
3.694528049465331504e+24
3.694528049465331504e+24
3.694528049465331504e+24
3.694528049465331504e+24
3.694528049465331504e+24
3.694528049465331504e+24
3.694528049465331504e+24
3.694528049465331504e+24
3.694528049465331504e+24
3.694528049465331504e+24
3.694528049465331504e+24
3.694528049465331504e+24
3.694528049465331504e+24
3.694528049465331504e+24
3.694528049465331504e+24
3.694528049465331504e+24
3.694528049465331504e+24
3.694528049465331504e+24
3.694528049465331504e+24
3.694528049465331504e+24
3.694528049465331504e+24
3.694528049465331504e+24
3.694528049465331504e+24
3.694528049465331504e+24
3.694528049465331504e+24
3.694528049465331504e+24
3.694528049465331504e+24
3.694528049465331504e+24
3.694528049465331504e+24
3.694528049465331504e+24
3.694528049465331504e+24
3.694528049465331504e+24
3.694528049465331504e+24
3.694528049465331504e+24
3.694528049465331504e+24
3.694528049465331504e+24
3.694528049465331504e+24
3.694528049465331504e+24
3.694528049465331504e+24
3.694528049465331504e+24
3.694528049465331504e+24
3.694528049465331504e+24
3.694528049465331504e+24
3.694528049465331504e+24
3.694528049465331504e+24
3.694528049465331504e+24
3.694528049465331504e+24
3.694528049465331504e+24
3.694528049465331504e+24
