0.000000000000000000e+00
0.000000000000000000e+00
0.000000000000000000e+00
0.000000000000000000e+00
0.000000000000000000e+00
0.000000000000000000e+00
0.000000000000000000e+00
0.000000000000000000e+00
0.000000000000000000e+00
0.000000000000000000e+00
0.000000000000000000e+00
0.000000000000000000e+00
0.000000000000000000e+00
0.000000000000000000e+00
0.000000000000000000e+00
0.000000000000000000e+00
0.000000000000000000e+00
0.000000000000000000e+00
0.000000000000000000e+00
0.000000000000000000e+00
0.000000000000000000e+00
8.446987680115726482e-02
1.183841727099703978e-01
1.387365505839285307e-01
1.529608512221631855e-01
1.636876953342433771e-01
1.721378179019206200e-01
1.789757476973315442e-01
1.846034639149864154e-01
1.892830578227624738e-01
1.931952734194117838e-01
1.964703085170464436e-01
1.992052767920406697e-01
2.014747098988946272e-01
2.033371839571703199e-01
2.048396701293226929e-01
2.060204882279487171e-01
2.069113701266744043e-01
2.075389373877079002e-01
2.079257825262285642e-01
2.080912754505927498e-01
2.080521751929186869e-01
2.078231010149089730e-01
2.074169001872606388e-01
2.068449386611826701e-01
2.061173333830701448e-01
2.052431398745822033e-01
2.042305051168339658e-01
2.030867932340006676e-01
2.018186896403328101e-01
2.004322879784526390e-01
1.989331631899891872e-01
1.973264333224826472e-01
1.956168121200707044e-01
1.938086540213190823e-01
1.919059928612651122e-01
1.899125753215800128e-01
1.878318899747407067e-01
1.856671926120591343e-01
1.834215284215647834e-01
1.810977514827777080e-01
1.786985419658372876e-01
1.762264213580872485e-01
1.736837659888474106e-01
1.710728190802752735e-01
1.683957015170077509e-01
1.656544214981799934e-01
1.628508832112738336e-01
1.599868946471195430e-01
1.570641746585189902e-01
1.540843593507926490e-01
1.510490078805966918e-01
1.479596077292323342e-01
1.448175795080554606e-01
1.416242813462620931e-01
1.383810129050335180e-01
1.350890190566367277e-01
1.317494932624311277e-01
1.283635806797203682e-01
1.249323810239172522e-01
1.214569512094735293e-01
1.179383077904013893e-01
1.143774292189204678e-01
1.107752579387617509e-01
1.071327023279000368e-01
1.034506385039414417e-01
9.972991200403136247e-02
9.597133934994600546e-02
9.217570950796730167e-02
8.834378525219914458e-02
8.447630443914420917e-02
8.057398120061783076e-02
7.663750706140802504e-02
7.266755198750092515e-02
6.866476537015650528e-02
6.462977695064557604e-02
6.056319769002981024e-02
5.646562058798285794e-02
5.233762145430227025e-02
4.817975963644848675e-02
4.399257870616331279e-02
3.977660710796152715e-02
3.553235877205445509e-02
3.126033369404902784e-02
2.696101848356919489e-02
2.263488688376385019e-02
1.828240026349739825e-02
1.390400808386085645e-02
9.500148340492911569e-03
5.071247983058666670e-03
6.177233130967002940e-04
-3.860019638689051423e-03
-8.361584754750264054e-03
-1.288658549182225901e-02
-1.743464456019547942e-02
-2.200539362061811055e-02
-2.659847299848212832e-02
-3.121353141512798676e-02
-3.585022573631059528e-02
-4.050822073810833590e-02
-4.518718889083662982e-02
-4.988681016185938372e-02
-5.460677183858821115e-02
-5.934676837343962064e-02
-6.410650125310109193e-02
-6.888567889516929166e-02
-7.368401657609577327e-02
-7.850123639544673293e-02
-8.333706728280963760e-02
-8.819124505531134028e-02
-9.306351253574066118e-02
-9.795361974377567171e-02
-1.028613241759331470e-01
-1.077863911937259472e-01
-1.127285945443276122e-01
-1.176877170440304432e-01
-1.226635514622400197e-01
-1.276559016530404711e-01
-1.326645839929515291e-01
-1.376894291979552931e-01
-1.427302846109264889e-01
-1.477870170731580557e-01
-1.528595165218933349e-01
-1.579477004910969373e-01
-1.630515197369574454e-01
-1.681709652651416087e-01
-1.733060771065685346e-01
-1.784569552762284295e-01
-1.836237734601778304e-01
-1.888067961155640850e-01
-1.940063998454923944e-01
-1.992231001353903241e-01
-2.044575848243095073e-01
-2.097107560521245528e-01
-2.149837828972741560e-01
-2.202781675344199219e-01
-2.255958285457955736e-01
-2.309392060828792670e-01
-2.363113949953620785e-01
-2.417163139669993022e-01
-2.471589213380719630e-01
-2.526454919772180840e-01
-2.581839747920141592e-01
-2.637844580238225545e-01
-2.694597806196541989e-01
-2.752263447886929004e-01
-2.811052108469935251e-01
-2.871235967560623048e-01
-2.933169724066112538e-01
-2.997320533241287777e-01
-3.064312003279834884e-01
-3.134991032078292550e-01
-3.210533465498269790e-01
-3.292619397777216683e-01
-3.383741880032382632e-01
-3.487793029521325527e-01
-3.611291405355039341e-01
-3.766319711781307977e-01
-3.979064696183454153e-01
-4.323765112235857799e-01
-5.170399957287107329e-01
-5.170399957287107329e-01
-5.170399957287107329e-01
-5.170399957287107329e-01
-5.170399957287107329e-01
-5.170399957287107329e-01
-5.170399957287107329e-01
-5.170399957287107329e-01
-5.170399957287107329e-01
-5.170399957287107329e-01
-5.170399957287107329e-01
-5.170399957287107329e-01
-5.170399957287107329e-01
-5.170399957287107329e-01
-5.170399957287107329e-01
-5.170399957287107329e-01
-5.170399957287107329e-01
-5.170399957287107329e-01
-5.170399957287107329e-01
-5.170399957287107329e-01
-5.170399957287107329e-01
