2.574167052326474872e-02
2.574167052326474872e-02
2.574167052326474872e-02
2.574167052326474872e-02
2.574167052326474872e-02
2.574167052326474872e-02
2.574167052326474872e-02
2.574167052326474872e-02
2.574167052326474872e-02
2.574167052326474872e-02
2.574167052326474872e-02
2.574167052326474872e-02
2.574167052326474872e-02
2.574167052326474872e-02
2.574167052326474872e-02
2.574167052326474872e-02
2.574167052326474872e-02
2.574167052326474872e-02
2.574167052326474872e-02
2.574167052326474872e-02
2.574167052326474872e-02
2.574167052326474872e-02
2.574167052326474872e-02
2.574167052326474872e-02
2.574167052326474872e-02
2.574167052326474872e-02
2.574167052326474872e-02
2.574167052326474872e-02
2.574167052326474872e-02
2.574167052326474872e-02
2.574167052326474872e-02
2.574167052326474872e-02
2.574167052326474872e-02
2.574167052326474872e-02
2.574167052326474872e-02
2.574167052326474872e-02
2.574167052326474872e-02
2.574167052326474872e-02
2.574167052326474872e-02
2.574167052326474872e-02
2.574167052326474872e-02
2.574167052326474872e-02
2.574167052326474872e-02
2.574167052326474872e-02
2.574167052326474872e-02
2.574167052326474872e-02
2.574167052326474872e-02
2.574167052326474872e-02
2.574167052326474872e-02
2.574167052326474872e-02
2.574167052326474872e-02
2.574167052326474872e-02
2.574167052326474872e-02
2.574167052326474872e-02
2.574167052326474872e-02
2.574167052326474872e-02
2.574167052326474872e-02
2.574167052326474872e-02
2.574167052326474872e-02
2.574167052326474872e-02
2.574167052326474872e-02
2.574167052326474872e-02
2.574167052326474872e-02
2.574167052326474872e-02
2.574167052326474872e-02
2.574167052326474872e-02
2.574167052326474872e-02
2.574167052326474872e-02
2.574167052326474872e-02
2.574167052326474872e-02
2.574167052326474872e-02
2.574167052326474872e-02
2.574167052326474872e-02
2.574167052326474872e-02
2.574167052326474872e-02
2.574167052326474872e-02
2.574167052326474872e-02
2.574167052326474872e-02
2.574167052326474872e-02
2.574167052326474872e-02
2.574167052326474872e-02
2.574167052326474872e-02
2.574167052326474872e-02
2.574167052326474872e-02
2.574167052326474872e-02
2.574167052326474872e-02
2.574167052326474872e-02
2.574167052326474872e-02
2.574167052326474872e-02
2.574167052326474872e-02
2.574167052326474872e-02
2.574167052326474872e-02
2.574167052326474872e-02
2.574167052326474872e-02
2.574167052326474872e-02
2.574167052326474872e-02
2.574167052326474872e-02
2.574167052326474872e-02
2.574167052326474872e-02
2.574167052326474872e-02
2.574167052326474872e-02
2.572160325941634518e-02
2.569952758175631652e-02
2.567539621219144808e-02
2.564916816625506177e-02
2.562080849307291422e-02
2.559028800775007412e-02
2.555758301875013863e-02
2.552267505251992752e-02
2.548555057732966242e-02
2.544620072804600411e-02
2.540462103332877253e-02
2.536081114653892035e-02
2.531477458146257770e-02
2.526651845379148872e-02
2.521605322915194958e-02
2.516339247834115805e-02
2.510855264030966219e-02
2.505155279332076795e-02
2.499241443462082990e-02
2.493116126886763678e-02
2.486781900548635724e-02
2.480241516505349991e-02
2.473497889474812750e-02
2.466554079285492723e-02
2.459413274225659418e-02
2.452078775281084713e-02
2.444553981247158878e-02
2.436842374698238237e-02
2.428947508794408391e-02
2.420872994903606676e-02
2.412622491015210813e-02
2.404199690919705049e-02
2.395608314127860294e-02
2.386852096501963436e-02
2.377934781570992251e-02
2.368860112501241025e-02
2.359631824693672608e-02
2.350253638979288989e-02
2.340729255383915824e-02
2.331062347434093365e-02
2.321256556976166938e-02
2.311315489481186036e-02
2.301242709808795639e-02
2.291041738403996539e-02
2.280716047901379384e-02
2.270269060112212189e-02
2.259704143370615259e-02
2.249024610215872091e-02
2.238233715388847009e-02
2.227334654121335827e-02
2.216330560698108465e-02
2.205224507272268708e-02
2.194019502915488251e-02
2.182718492885535669e-02
2.171324358094418525e-02
2.159839914761289489e-02
2.148267914235135398e-02
2.136611042973097715e-02
2.124871922661004595e-02
2.113053110463567960e-02
2.101157099392354441e-02
2.089186318780413693e-02
2.077143134853117953e-02
2.065029851385433157e-02
2.052848710436482732e-02
2.040601893152862306e-02
2.028291520632760289e-02
2.015919654843465608e-02
2.003488299585397259e-02
1.990999401496260438e-02
1.978454851089424260e-02
1.965856483821059458e-02
1.953206081180979686e-02
1.940505371802548826e-02
1.927756032587386176e-02
1.914959689840929971e-02
1.902117920415288821e-02
1.889232252856090297e-02
1.876304168550342252e-02
1.863335102872586482e-02
1.850326446326885227e-02
1.837279545682408283e-02
1.824195705100631337e-02
1.811076187252329620e-02
1.797922214422773349e-02
1.784734969603687937e-02
1.771515597570723702e-02
1.758265205945318960e-02
1.744984866239984375e-02
1.731675614886179007e-02
1.718338454244051211e-02
1.704974353593444181e-02
1.691584250105652651e-02
1.678169049795525183e-02
1.664729628453584173e-02
1.651266832557916897e-02
1.637781480165657888e-02
1.624274361783955081e-02
1.610746241220371161e-02
1.597197856412712821e-02
1.583629920238348310e-02
1.570043121303102765e-02
1.556438124709865790e-02
1.542815572807080572e-02
1.529176085917317678e-02
1.515520263046154885e-02
1.501848682571626029e-02
1.488161902914505140e-02
1.474460463189722868e-02
1.460744883839225176e-02
1.447015667246596970e-02
1.433273298333788588e-02
1.419518245140287058e-02
1.405750959385088442e-02
1.391971877011833301e-02
1.378181418717462810e-02
1.364379990464772464e-02
1.350567983979227352e-02
1.336745777230416259e-02
1.322913734898512397e-02
1.309072208826115268e-02
1.295221538455837082e-02
1.281362051254014180e-02
1.267494063120891586e-02
1.253617878787652642e-02
1.239733792200645862e-02
1.225842086893161841e-02
1.211943036345108048e-02
1.198036904330923753e-02
1.184123945256063994e-02
1.170204404482396744e-02
1.156278518642825555e-02
1.142346515945457004e-02
1.128408616467631125e-02
1.114465032440110220e-02
1.100515968521733993e-02
1.086561622064825643e-02
1.072602183371630484e-02
1.058637835942079913e-02
1.044668756713133285e-02
1.030695116289975788e-02
1.016717079169321587e-02
1.002734803955080030e-02
9.887484435666239399e-03
9.747581454399009693e-03
9.607640517216155945e-03
9.467662994567136933e-03
9.327650207693811632e-03
9.187603430377725561e-03
9.047523890626742518e-03
8.907412772303070422e-03
8.767271216694561692e-03
8.627100324031213713e-03
8.486901154948697790e-03
8.346674731900703345e-03
8.206422040521766173e-03
8.066144030942310264e-03
7.925841619057516496e-03
7.785515687751503114e-03
7.645167088078472055e-03
7.504796640402165535e-03
7.364405135495129089e-03
7.223993335599127215e-03
7.083561975448070779e-03
6.943111763254712111e-03
6.802643381662393240e-03
6.662157488663018184e-03
6.521654718482470560e-03
6.381135682434538152e-03
6.240600969744498037e-03
6.100051148343379678e-03
5.959486765633951154e-03
5.818908349229407785e-03
5.678316407665716381e-03
5.537711431088531908e-03
5.397093891915599045e-03
5.256464245475467832e-03
5.115822930623383814e-03
4.975170370335144608e-03
4.834506972279698292e-03
4.693833129371246908e-03
4.553149220301548963e-03
4.412455610053147778e-03
4.271752650394201357e-03
4.131040680355544358e-03
3.990320026690638740e-03
3.849591004318988173e-03
3.708853916753644155e-03
3.568109056513320797e-03
3.427356705519724132e-03
3.286597135480558238e-03
3.145830608258771543e-03
3.005057376228506463e-03
2.864277682618230746e-03
2.723491761841519750e-03
2.582699839815911190e-03
2.441902134270279058e-03
2.301098855041117022e-03
2.160290204358149800e-03
2.019476377119635083e-03
1.878657561157740441e-03
1.737833937494342616e-03
1.597005680587589406e-03
1.456172958569571744e-03
1.315335933475404555e-03
1.174494761464036025e-03
1.033649593031083641e-03
8.928005732139792294e-04
7.519478417897009761e-04
6.110915334653594733e-04
4.702317780618936048e-04
3.293687006911242849e-04
1.885024219264057116e-04
4.763305796710835691e-05
-9.323927920284802223e-05
-2.341144816621990867e-04
-3.749924454050674737e-04
-5.158730701990230528e-04
-6.567562594482796853e-04
-7.976419200618459129e-04
-9.385299623264451059e-04
-1.079420299784037644e-03
-1.220312849113778728e-03
-1.361207530018249253e-03
-1.502104265113805891e-03
-1.643002979824903899e-03
-1.783903602282248041e-03
-1.924806063224630869e-03
-2.065710295904328066e-03
-2.206616235995922676e-03
-2.347523821508430523e-03
-2.488432992700608838e-03
-2.629343691999341207e-03
-2.770255863920969598e-03
-2.911169454995484341e-03
-3.052084413693461912e-03
-3.193000690355649908e-03
-3.333918237125102924e-03
-3.474837007881775679e-03
-3.615756958179497903e-03
-3.756678045185224760e-03
-3.897600227620493830e-03
-4.038523465705001064e-03
-4.179447721102225871e-03
-4.320372956867032065e-03
-4.461299137395157051e-03
-4.602226228374546764e-03
-4.743154196738442671e-03
-4.884083010620178349e-03
-5.025012639309612769e-03
-5.165943053211144789e-03
-5.306874223803249857e-03
-5.447806123599478224e-03
-5.588738726110881704e-03
-5.729672005809785702e-03
-5.870605938094897863e-03
-6.011540499257655296e-03
-6.152475666449815604e-03
-6.293411417652204978e-03
-6.434347731644613801e-03
-6.575284587976780795e-03
-6.716221966940427550e-03
-6.857159849542304383e-03
-6.998098217478219800e-03
-7.139037053108006695e-03
-7.279976339431400156e-03
-7.420916060064788704e-03
-7.561856199218814668e-03
-7.702796741676774285e-03
-7.843737672773812286e-03
-7.984678978376862427e-03
-8.125620644865327868e-03
-8.266562659112441577e-03
-8.407505008467330149e-03
-8.548447680737704737e-03
-8.689390664173183426e-03
-8.830333947449234624e-03
-8.971277519651679050e-03
-9.112221370261765901e-03
-9.253165489141800676e-03
-9.394109866521265645e-03
-9.535054492983471158e-03
-9.675999359452680526e-03
-9.816944457181680725e-03
-9.957889777739842296e-03
-1.009883531300158691e-02
-1.023978105513527470e-02
-1.038072699659249414e-02
-1.052167313009775423e-02
-1.066261944863851514e-02
-1.080356594545562807e-02
-1.094451261403407531e-02
-1.108545944809407290e-02
-1.122640644158249060e-02
-1.136735358866456866e-02
-1.150830088371594846e-02
-1.164924832131498250e-02
-1.179019589623533752e-02
-1.193114360343883185e-02
-1.207209143806857801e-02
-1.221303939544232317e-02
-1.235398747104606183e-02
-1.249493566052787760e-02
-1.263588395969198266e-02
-1.277683236449300708e-02
-1.291778087103045633e-02
-1.305872947554341870e-02
-1.319967817440538711e-02
-1.334062696411933077e-02
-1.348157584131293163e-02
-1.362252480273396307e-02
-1.376347384524588373e-02
-1.390442296582352494e-02
-1.404537216154899161e-02
-1.418632142960766195e-02
-1.432727076728437625e-02
-1.446822017195972289e-02
-1.460916964110647170e-02
-1.475011917228613405e-02
-1.489106876314564426e-02
-1.503201841141416084e-02
-1.517296811489997344e-02
-1.531391787148750870e-02
-1.545486767913449230e-02
-1.559581753586913692e-02
-1.573676743978749334e-02
-1.587771738905085009e-02
-1.601866738188321981e-02
-1.615961741656898529e-02
-1.630056749145052802e-02
-1.644151760492600090e-02
-1.658246775544718055e-02
-1.672341794151733368e-02
-1.686436816168923603e-02
-1.700531841456319124e-02
-1.714626869878516091e-02
-1.728721901304493269e-02
-1.742816935607435780e-02
-1.756911972664565100e-02
-1.771007012356973567e-02
-1.785102054569466870e-02
-1.799197099190407226e-02
-1.813292146111566278e-02
-1.827387195227979030e-02
-1.841482246437805073e-02
-1.855577299642192923e-02
-1.869672354745147841e-02
-1.883767411653406235e-02
-1.897862470276311109e-02
-1.911957530525693061e-02
-1.926052592315752668e-02
-1.940147655562953280e-02
-1.954242720185903406e-02
-1.968337786105254714e-02
-1.982432853243598636e-02
-1.996527921525364027e-02
-2.010622990876722443e-02
-2.024718061225489266e-02
-2.038813132501032799e-02
-2.052908204634183026e-02
-2.067003277557144178e-02
-2.081098351203406263e-02
-2.095193425507663187e-02
-2.109288500405728101e-02
-2.123383575834454293e-02
-2.137478651731655049e-02
-2.151573728036025937e-02
-2.165668804687070209e-02
-2.179763881625022132e-02
-2.193858958790773431e-02
-2.207954036125805292e-02
-2.222049113572108561e-02
-2.236144191072121645e-02
-2.250239268568657997e-02
-2.264334346004836032e-02
-2.278429423324013214e-02
-2.292524500469718396e-02
-2.306619577385586942e-02
-2.320714654015290992e-02
-2.334809730302475628e-02
-2.348904806190695027e-02
-2.362999881623343776e-02
-2.377094956543595108e-02
-2.391190030894334295e-02
-2.405285104618092723e-02
-2.419380177656986139e-02
-2.433475249952647690e-02
-2.447570321446164085e-02
-2.461665392078006900e-02
-2.475760461787968741e-02
-2.489855530515096976e-02
-2.503950598197625388e-02
-2.518045664772908254e-02
-2.532140730177353735e-02
-2.546235794346348932e-02
-2.560330857214199521e-02
-2.574425918714049258e-02
-2.588520978777816839e-02
-2.602616037336119223e-02
-2.616711094318198080e-02
-2.630806149651846934e-02
-2.644901203263331710e-02
-2.658996255077316143e-02
-2.673091305016781286e-02
-2.687186353002946754e-02
-2.701281398955188151e-02
-2.715376442790948947e-02
-2.729471484425665534e-02
-2.743566523772667312e-02
-2.757661560743095500e-02
-2.771756595245807378e-02
-2.785851627187286086e-02
-2.799946656471541742e-02
-2.814041683000016031e-02
-2.828136706671478817e-02
-2.842231727381925102e-02
-2.856326745024474062e-02
-2.870421759489251434e-02
-2.884516770663286128e-02
-2.898611778430390529e-02
-2.912706782671046352e-02
-2.926801783262281478e-02
-2.940896780077546790e-02
-2.954991772986586065e-02
-2.969086761855308301e-02
-2.983181746545648938e-02
-2.997276726915434550e-02
-3.011371702818236781e-02
-3.025466674103224896e-02
-3.039561640615017976e-02
-3.053656602193524291e-02
-3.067751558673784476e-02
-3.081846509885802915e-02
-3.095941455654379476e-02
-3.110036395798934303e-02
-3.124131330133323239e-02
-3.138226258465657420e-02
-3.152321180598106204e-02
-3.166416096326703233e-02
-3.180511005441138961e-02
-3.194605907724550053e-02
-3.208700802953309839e-02
-3.222795690896793769e-02
-3.236890571317160153e-02
-3.250985443969109379e-02
-3.265080308599630637e-02
-3.279175164947761845e-02
-3.293270012744322489e-02
-3.307364851711645792e-02
-3.321459681563303928e-02
-3.335554502003820060e-02
-3.349649312728376904e-02
-3.363744113422503790e-02
-3.377838903761781059e-02
-3.391933683411499367e-02
-3.406028452026330783e-02
-3.420123209249992940e-02
-3.434217954714884752e-02
-3.448312688041724888e-02
-3.462407408839172918e-02
-3.476502116703433093e-02
-3.490596811217866469e-02
-3.504691491952564852e-02
-3.518786158463930308e-02
-3.532880810294225515e-02
-3.546975446971126905e-02
-3.561070068007245182e-02
-3.575164672899647927e-02
-3.589259261129353756e-02
-3.603353832160820225e-02
-3.617448385441407455e-02
-3.631542920400831348e-02
-3.645637436450593905e-02
-3.659731932983396191e-02
-3.673826409372536739e-02
-3.687920864971289819e-02
-3.702015299112256658e-02
-3.716109711106704849e-02
-3.730204100243884185e-02
-3.744298465790318192e-02
-3.758392806989072771e-02
-3.772487123059006103e-02
-3.786581413193989415e-02
-3.800675676562107613e-02
-3.814769912304828703e-02
-3.828864119536153771e-02
-3.842958297341729501e-02
-3.857052444777948202e-02
-3.871146560870999953e-02
-3.885240644615909483e-02
-3.899334694975534893e-02
-3.913428710879535144e-02
-3.927522691223309798e-02
-3.941616634866895036e-02
-3.955710540633832623e-02
-3.969804407310001393e-02
-3.983898233642408498e-02
-3.997992018337941100e-02
-4.012085760062085449e-02
-4.026179457437595310e-02
-4.040273109043122923e-02
-4.054366713411811096e-02
-4.068460269029827714e-02
-4.082553774334859997e-02
-4.096647227714569212e-02
-4.110740627504978761e-02
-4.124833971988827591e-02
-4.138927259393853503e-02
-4.153020487891040391e-02
-4.167113655592796784e-02
-4.181206760551072626e-02
-4.195299800755431657e-02
-4.209392774131048148e-02
-4.223485678536643279e-02
-4.237578511762358363e-02
-4.251671271527557999e-02
-4.265763955478561048e-02
-4.279856561186303615e-02
-4.293949086143922927e-02
-4.308041527764260720e-02
-4.322133883377302782e-02
-4.336226150227512344e-02
-4.350318325471094066e-02
-4.364410406173174078e-02
-4.378502389304878700e-02
-4.392594271740323658e-02
-4.406686050253505460e-02
-4.420777721515099790e-02
-4.434869282089142634e-02
-4.448960728429632999e-02
-4.463052056876991996e-02
-4.477143263654430327e-02
-4.491234344864199202e-02
-4.505325296483710107e-02
-4.519416114361544945e-02
-4.533506794213323920e-02
-4.547597331617457550e-02
-4.561687722010746709e-02
-4.575777960683846679e-02
-4.589868042776591023e-02
-4.603957963273166282e-02
-4.618047716997122909e-02
-4.632137298606234938e-02
-4.646226702587191726e-02
-4.660315923250119702e-02
-4.674404954722935490e-02
-4.688493790945512385e-02
-4.702582425663657389e-02
-4.716670852422900906e-02
-4.730759064562084504e-02
-4.744847055206750930e-02
-4.758934817262311379e-02
-4.773022343407004597e-02
-4.787109626084617986e-02
-4.801196657496997061e-02
-4.815283429596297488e-02
-4.829369934076990084e-02
-4.843456162367624357e-02
-4.857542105622313089e-02
-4.871627754711951863e-02
-4.885713100215161031e-02
-4.899798132408933471e-02
-4.913882841258981199e-02
-4.927967216409780832e-02
-4.942051247174299167e-02
-4.956134922523388470e-02
-4.970218231074843840e-02
-4.984301161082108772e-02
-4.998383700422624754e-02
-5.012465836585805468e-02
-5.026547556660626581e-02
-5.040628847322826261e-02
-5.054709694821687971e-02
-5.068790084966409704e-02
-5.082870003112032603e-02
-5.096949434144922714e-02
-5.111028362467786440e-02
-5.125106771984219711e-02
-5.139184646082742974e-02
-5.153261967620354628e-02
-5.167338718905531425e-02
-5.181414881680714707e-02
-5.195490437104226256e-02
-5.209565365731595038e-02
-5.223639647496314958e-02
-5.237713261689962846e-02
-5.251786186941710677e-02
-5.265858401197161948e-02
-5.279929881696525384e-02
-5.294000604952098232e-02
-5.308070546725027206e-02
-5.322139682001324895e-02
-5.336207984967137469e-02
-5.350275428983217868e-02
-5.364341986558581604e-02
-5.378407629323345152e-02
-5.392472328000667836e-02
-5.406536052377849261e-02
-5.420598771276465000e-02
-5.434660452521578033e-02
-5.448721062909969715e-02
-5.462780568177363905e-02
-5.476838932964606804e-02
-5.490896120782778195e-02
-5.504952093977192457e-02
-5.519006813690272711e-02
-5.533060239823232862e-02
-5.547112330996554347e-02
-5.561163044509219444e-02
-5.575212336296642146e-02
-5.589260160887272316e-02
-5.603306471357844681e-02
-5.617351219287185921e-02
-5.631394354708595812e-02
-5.645435826060696272e-02
-5.659475580136743428e-02
-5.673513562032347218e-02
-5.687549715091542307e-02
-5.701583980851143013e-02
-5.715616298983378085e-02
-5.729646607236695000e-02
-5.743674841374723367e-02
-5.757700935113295448e-02
-5.771724820055523786e-02
-5.785746425624807565e-02
-5.799765678995769808e-02
-5.813782505023009500e-02
-5.827796826167629812e-02
-5.841808562421475781e-02
-5.855817631228995429e-02
-5.869823947406668102e-02
-5.883827423059906359e-02
-5.897827967497385609e-02
-5.911825487142695346e-02
-5.925819885443241175e-02
-5.939811062776313016e-02
-5.953798916352249365e-02
-5.967783340114583140e-02
-5.981764224637108052e-02
-5.995741457017744747e-02
-6.009714920769135965e-02
-6.023684495705863839e-02
-6.037650057828178318e-02
-6.051611479202159694e-02
-6.065568627836195187e-02
-6.079521367553646083e-02
-6.093469557861624225e-02
-6.107413053815752974e-02
-6.121351705880770377e-02
-6.135285359786916970e-02
-6.149213856381906262e-02
-6.163137031478410632e-02
-6.177054715696932152e-02
-6.190966734303888358e-02
-6.204872907044807484e-02
-6.218773047972478429e-02
-6.232666965269951370e-02
-6.246554461068182934e-02
-6.260435331258241975e-02
-6.274309365297875418e-02
-6.288176346012311346e-02
-6.302036049389123096e-02
-6.315888244367015569e-02
-6.329732692618342260e-02
-6.343569148325205187e-02
-6.357397357948967043e-02
-6.371217059992982656e-02
-6.385027984758410990e-02
-6.398829854092885627e-02
-6.412622381131899418e-02
-6.426405270032686801e-02
-6.440178215700428921e-02
-6.453940903506603932e-02
-6.467693008999270132e-02
-6.481434197605090430e-02
-6.495164124322921895e-02
-6.508882433408724744e-02
-6.522588758051654778e-02
-6.536282720041065863e-02
-6.549963929424285070e-02
-6.563631984154895405e-02
-6.577286469731391527e-02
-6.590926958825914228e-02
-6.604553010902941557e-02
-6.618164171827699283e-02
-6.631759973464074198e-02
-6.645339933261849852e-02
-6.658903553833057931e-02
-6.672450322517248233e-02
-6.685979710935499587e-02
-6.699491174532971882e-02
-6.712984152109809088e-02
-6.726458065340244763e-02
-6.739912318279719927e-02
-6.753346296859868980e-02
-6.766759368371197403e-02
-6.780150880933363822e-02
-6.793520162952877695e-02
-6.806866522568148781e-02
-6.820189247081763495e-02
-6.833487602379935411e-02
-6.846760832339032765e-02
-6.860008158219170482e-02
-6.873228778044844500e-02
-6.886421865972615353e-02
-6.899586571645879851e-02
-6.912722019536793328e-02
-6.925827308275453453e-02
-6.938901509966492742e-02
-6.951943669493224065e-02
-6.964952803809609794e-02
-6.977927901220286333e-02
-6.990867920649011802e-02
-7.003771790895847726e-02
-7.016638409883614591e-02
-7.029466643894051459e-02
-7.042255326794266690e-02
-7.055003259254201409e-02
-7.067709207955777395e-02
-7.080371904794605098e-02
-7.092990046075195454e-02
-7.105562291700670552e-02
-7.118087264358188837e-02
-7.130563548701319976e-02
-7.142989690530804348e-02
-7.155364195975259800e-02
-7.167685530673516270e-02
-7.179952118960512830e-02
-7.192162343058758345e-02
-7.204314542277638622e-02
-7.216407012223016726e-02
-7.228438004019807628e-02
-7.240405723550413786e-02
-7.252308330712231577e-02
-7.264143938697642522e-02
-7.275910613300197449e-02
-7.287606372251094478e-02
-7.299229184590250163e-02
-7.310776970076758585e-02
-7.322247598643792654e-02
-7.333638889903494607e-02
-7.344948612707787039e-02
-7.356174484771520194e-02
-7.367314172364822222e-02
-7.378365290082107564e-02
-7.389325400695684332e-02
-7.400192015102524667e-02
-7.410962592373421254e-02
-7.421634539914306883e-02
-7.432205213750353590e-02
-7.442671918944115950e-02
-7.453031910159796380e-02
-7.463282392386555442e-02
-7.473420521834657493e-02
-7.483443407019123306e-02
-7.493348110046611776e-02
-7.503131648122177144e-02
-7.512790995293679164e-02
-7.522323084452706143e-02
-7.531724809612025395e-02
-7.540993028480785787e-02
-7.550124565359969675e-02
-7.559116214381823851e-02
-7.567964743118393844e-02
-7.576666896585589062e-02
-7.585219401670646733e-02
-7.593618972012214363e-02
-7.601862313363720591e-02
-7.609946129472149046e-02
-7.617867128505627361e-02
-7.625622030064740930e-02
-7.633207572813692499e-02
-7.640620522768729050e-02
-7.647857682282364900e-02
-7.654915899762948506e-02
-7.661792080169943508e-02
-7.668483196325920348e-02
-7.674986301086568485e-02
-7.681298540410146092e-02
-7.687417167367327497e-02
-7.693339557131628759e-02
-7.699063222989244171e-02
-7.704585833405004636e-02
-7.709905230178502877e-02
-7.715019447720616874e-02
-7.719926733476091540e-02
-7.724625569511803236e-02
-7.729114695283204051e-02
-7.733393131582480540e-02
-7.737460205661415846e-02
-7.741315577509223778e-02
-7.744959267250650647e-02
-7.748391683612025627e-02
-7.751613653382326274e-02
-7.754626451772492213e-02
-7.757431833548472655e-02
-7.760032064781714756e-02
-7.762429955024292838e-02
-7.764628889674073109e-02
-7.766632862247739577e-02
-7.766632862247739577e-02
-7.766632862247739577e-02
-7.766632862247739577e-02
-7.766632862247739577e-02
-7.766632862247739577e-02
-7.766632862247739577e-02
-7.766632862247739577e-02
-7.766632862247739577e-02
-7.766632862247739577e-02
-7.766632862247739577e-02
-7.766632862247739577e-02
-7.766632862247739577e-02
-7.766632862247739577e-02
-7.766632862247739577e-02
-7.766632862247739577e-02
-7.766632862247739577e-02
-7.766632862247739577e-02
-7.766632862247739577e-02
-7.766632862247739577e-02
-7.766632862247739577e-02
-7.766632862247739577e-02
-7.766632862247739577e-02
-7.766632862247739577e-02
-7.766632862247739577e-02
-7.766632862247739577e-02
-7.766632862247739577e-02
-7.766632862247739577e-02
-7.766632862247739577e-02
-7.766632862247739577e-02
-7.766632862247739577e-02
-7.766632862247739577e-02
-7.766632862247739577e-02
-7.766632862247739577e-02
-7.766632862247739577e-02
-7.766632862247739577e-02
-7.766632862247739577e-02
-7.766632862247739577e-02
-7.766632862247739577e-02
-7.766632862247739577e-02
-7.766632862247739577e-02
-7.766632862247739577e-02
-7.766632862247739577e-02
-7.766632862247739577e-02
-7.766632862247739577e-02
-7.766632862247739577e-02
-7.766632862247739577e-02
-7.766632862247739577e-02
-7.766632862247739577e-02
-7.766632862247739577e-02
-7.766632862247739577e-02
-7.766632862247739577e-02
-7.766632862247739577e-02
-7.766632862247739577e-02
-7.766632862247739577e-02
-7.766632862247739577e-02
-7.766632862247739577e-02
-7.766632862247739577e-02
-7.766632862247739577e-02
-7.766632862247739577e-02
-7.766632862247739577e-02
-7.766632862247739577e-02
-7.766632862247739577e-02
-7.766632862247739577e-02
-7.766632862247739577e-02
-7.766632862247739577e-02
-7.766632862247739577e-02
-7.766632862247739577e-02
-7.766632862247739577e-02
-7.766632862247739577e-02
-7.766632862247739577e-02
-7.766632862247739577e-02
-7.766632862247739577e-02
-7.766632862247739577e-02
-7.766632862247739577e-02
-7.766632862247739577e-02
-7.766632862247739577e-02
-7.766632862247739577e-02
-7.766632862247739577e-02
-7.766632862247739577e-02
-7.766632862247739577e-02
-7.766632862247739577e-02
-7.766632862247739577e-02
-7.766632862247739577e-02
-7.766632862247739577e-02
-7.766632862247739577e-02
-7.766632862247739577e-02
-7.766632862247739577e-02
-7.766632862247739577e-02
-7.766632862247739577e-02
-7.766632862247739577e-02
-7.766632862247739577e-02
-7.766632862247739577e-02
-7.766632862247739577e-02
-7.766632862247739577e-02
-7.766632862247739577e-02
-7.766632862247739577e-02
-7.766632862247739577e-02
-7.766632862247739577e-02
-7.766632862247739577e-02
-7.766632862247739577e-02
