0.000000000000000000e+00
0.000000000000000000e+00
0.000000000000000000e+00
0.000000000000000000e+00
0.000000000000000000e+00
0.000000000000000000e+00
0.000000000000000000e+00
0.000000000000000000e+00
0.000000000000000000e+00
0.000000000000000000e+00
0.000000000000000000e+00
0.000000000000000000e+00
0.000000000000000000e+00
0.000000000000000000e+00
0.000000000000000000e+00
0.000000000000000000e+00
0.000000000000000000e+00
0.000000000000000000e+00
0.000000000000000000e+00
0.000000000000000000e+00
0.000000000000000000e+00
0.000000000000000000e+00
0.000000000000000000e+00
0.000000000000000000e+00
0.000000000000000000e+00
0.000000000000000000e+00
0.000000000000000000e+00
0.000000000000000000e+00
0.000000000000000000e+00
0.000000000000000000e+00
0.000000000000000000e+00
0.000000000000000000e+00
0.000000000000000000e+00
0.000000000000000000e+00
0.000000000000000000e+00
0.000000000000000000e+00
0.000000000000000000e+00
0.000000000000000000e+00
0.000000000000000000e+00
0.000000000000000000e+00
0.000000000000000000e+00
0.000000000000000000e+00
0.000000000000000000e+00
0.000000000000000000e+00
0.000000000000000000e+00
0.000000000000000000e+00
0.000000000000000000e+00
0.000000000000000000e+00
0.000000000000000000e+00
0.000000000000000000e+00
0.000000000000000000e+00
0.000000000000000000e+00
0.000000000000000000e+00
0.000000000000000000e+00
0.000000000000000000e+00
0.000000000000000000e+00
0.000000000000000000e+00
0.000000000000000000e+00
0.000000000000000000e+00
0.000000000000000000e+00
0.000000000000000000e+00
0.000000000000000000e+00
0.000000000000000000e+00
0.000000000000000000e+00
0.000000000000000000e+00
0.000000000000000000e+00
0.000000000000000000e+00
0.000000000000000000e+00
0.000000000000000000e+00
0.000000000000000000e+00
0.000000000000000000e+00
0.000000000000000000e+00
0.000000000000000000e+00
0.000000000000000000e+00
0.000000000000000000e+00
0.000000000000000000e+00
0.000000000000000000e+00
0.000000000000000000e+00
0.000000000000000000e+00
0.000000000000000000e+00
0.000000000000000000e+00
0.000000000000000000e+00
0.000000000000000000e+00
0.000000000000000000e+00
0.000000000000000000e+00
0.000000000000000000e+00
0.000000000000000000e+00
0.000000000000000000e+00
0.000000000000000000e+00
0.000000000000000000e+00
0.000000000000000000e+00
0.000000000000000000e+00
0.000000000000000000e+00
0.000000000000000000e+00
0.000000000000000000e+00
0.000000000000000000e+00
0.000000000000000000e+00
0.000000000000000000e+00
0.000000000000000000e+00
0.000000000000000000e+00
0.000000000000000000e+00
4.574822796499342076e+05
4.113592878003739752e+05
3.718582511949479231e+05
3.377562233579088934e+05
3.081013731397642405e+05
2.821438063444906147e+05
2.592861532931315014e+05
2.390477197441512253e+05
2.210381056711268029e+05
2.049375371238106454e+05
1.904820265785822703e+05
1.774520523044567381e+05
1.656638337696019153e+05
1.549625438759672397e+05
1.452169813898334105e+05
1.363153549990960164e+05
1.281619213617358910e+05
1.206742848227038776e+05
1.137812138920729922e+05
1.074208643470982352e+05
1.015393245588380087e+05
9.608941786595096346e+04
9.102971129435065086e+04
8.632369090968993260e+04
8.193907249298307579e+04
7.784722270175878657e+04
7.402267089734952606e+04
7.044269573473116907e+04
6.708697368549540988e+04
6.393727909191523213e+04
6.097722727732914063e+04
5.819205377630927978e+04
5.556842398200478056e+04
5.309426850262966764e+04
5.075864032442293683e+04
4.855159053341298568e+04
4.646405988331264962e+04
4.448778393561169651e+04
4.261520985914240737e+04
4.083942327489435411e+04
3.915408377942748484e+04
3.755336798626855307e+04
3.603191909674120689e+04
3.458480215581546508e+04
3.320746426970175526e+04
3.189569916401620139e+04
3.064561554766188056e+04
2.945360882074429173e+04
2.831633572704297330e+04
2.723069160457246471e+04
2.619378993307024939e+04
2.520294391604890188e+04
2.425564986837028118e+04
2.334957220897309162e+04
2.248252988312118396e+04
2.165248405991728941e+04
2.085752696936046777e+04
2.009587175929387740e+04
1.936584326658645296e+04
1.866586960907539105e+04
1.799447451544752403e+04
1.735027031954436461e+04
1.673195155374001115e+04
1.613828908320400296e+04
1.556812472916338265e+04
1.502036633482619982e+04
1.449398323252882437e+04
1.398800207499393764e+04
1.350150299741735944e+04
1.303361608049806455e+04
1.258351808753647674e+04
1.215042945140862321e+04
1.173361148960564788e+04
1.133236382765647249e+04
1.094602201314714512e+04
1.057395530424918252e+04
1.021556461818343632e+04
9.870280626409481556e+03
9.537561984548921828e+03
9.216893686147799599e+03
8.907785530367520550e+03
8.609770694583035947e+03
8.322404403664586425e+03
8.045262688442073340e+03
7.777941226502365680e+03
7.520054259059995275e+03
7.271233578171743829e+03
7.031127579055556453e+03
6.799400372703491485e+03
6.575730954383649987e+03
6.359812423984425550e+03
6.151351254483281082e+03
5.950066605121453904e+03
5.755689676136291382e+03
5.567963102161806091e+03
5.386640381618235551e+03
5.211485339634438787e+03
5.042271622226145155e+03
4.878782219632160377e+03
4.720809016866548518e+03
4.568152369691985768e+03
4.420620704351537825e+03
4.278030139519870318e+03
4.140204129046595881e+03
4.006973124168390768e+03
3.878174253961195063e+03
3.753651022891442153e+03
3.633253024406996701e+03
3.516835669580354079e+03
3.404259929888420629e+03
3.295392093273238970e+03
3.190103532689870008e+03
3.088270486397826517e+03
2.989773849306323882e+03
2.894498974726629058e+03
2.802335485929677361e+03
2.713177096944860295e+03
2.626921442075728919e+03
2.543469913638995877e+03
2.462727507465789131e+03
2.384602675736049150e+03
2.309007186740213911e+03
2.235855991191127487e+03
2.165067094730071858e+03
2.096561436295048225e+03
2.030262772038321827e+03
1.966097564499272721e+03
1.903994876758255941e+03
1.843886271309650738e+03
1.785705713414185311e+03
1.729389478697363074e+03
1.674876064780964271e+03
1.622106106742224028e+03
1.571022296211154298e+03
1.521569303923413372e+03
1.473693705559738191e+03
1.427343910711592116e+03
1.382470094819929955e+03
1.339024133945025824e+03
1.296959542232488275e+03
1.256231411945743503e+03
1.216796355946288486e+03
1.178612452506095451e+03
1.141639192344046705e+03
1.105837427784875672e+03
1.071169323942284564e+03
1.037598311835284449e+03
1.005089043350080942e+03
9.736073479658473389e+02
9.431201911641608149e+02
9.135956344502079673e+02
8.850027969126819016e+02
8.573118182574580715e+02
8.304938232495503598e+02
8.045208875047568426e+02
7.793660045707860036e+02
7.550030542462529866e+02
7.314067720826664072e+02
7.085527200219164570e+02
6.864172581204906010e+02
6.649775173167760158e+02
6.442113731971072639e+02
6.240974207216137302e+02
6.046149498706787426e+02
5.857439221703431258e+02
5.674649480692372663e+02
5.497592651268508916e+02
5.326087169841299556e+02
5.159957330834582763e+02
4.999033091101857167e+02
4.843149881271027652e+02
4.692148423739603231e+02
4.545874557080901468e+02
4.404179066598574082e+02
4.266917520817335117e+02
4.133950113648066349e+02
4.005141512043981038e+02
3.880360708932055331e+02
3.759480881215439467e+02
3.642379252659110875e+02
3.528936961487931967e+02
3.419038932511412554e+02
3.312573753610461722e+02
3.209433556429585224e+02
3.109513901117212527e+02
3.012713664973960022e+02
2.918934934857222174e+02
2.828082903210802215e+02
2.740065767596702244e+02
2.654794633587555950e+02
2.572183420915964120e+02
2.492148772757185498e+02
2.414609968034001213e+02
2.339488836639040414e+02
2.266709677469079054e+02
2.196199179177343694e+02
2.127886343547484103e+02
2.061702411392547845e+02
1.997580790900473744e+02
1.935456988331911816e+02
1.875268540995322724e+02
1.816954952418607832e+02
1.760457629653190565e+02
1.705719822603990679e+02
1.652686565358311555e+02
1.601304619422457449e+02
1.551522418801461356e+02
1.503290016866448582e+02
1.456559034941029438e+02
1.411282612563400392e+02
1.367415359348770494e+02
1.324913308411267963e+02
1.283733871292307356e+02
1.243835794335753917e+02
1.205179116477190746e+02
1.167725128381814699e+02
1.131436332905583413e+02
1.096276406814241682e+02
1.062210163743238809e+02
1.029203518333165306e+02
9.972234515229682472e+01
9.662379769443873556e+01
9.362161083961115082e+01
9.071278283561491662e+01
8.789440574968260478e+01
8.516366251688629063e+01
8.251782408305557226e+01
7.995424663875455451e+01
7.747036894048994782e+01
7.506370971756989263e+01
7.273186516131249846e+01
7.047250649347522256e+01
6.828337761237857251e+01
6.616229281346589630e+01
6.410713458188035929e+01
6.211585145509127415e+01
6.018645595277445892e+01
5.831702257291420466e+01
5.650568585017031609e+01
5.475063847644554471e+01
5.305012948042794108e+01
5.140246246453823176e+01
4.980599389754043216e+01
4.825913146103091123e+01
4.676033244782739473e+01
4.530810221108611557e+01
4.390099266186749816e+01
4.253760081410761984e+01
4.121656737628563860e+01
3.993657538489513570e+01
3.869634888382661586e+01
3.749465164317761889e+01
3.633028591915719119e+01
3.520209125288027963e+01
3.410894330660082829e+01
3.304975273657692725e+01
3.202346410132091847e+01
3.102905480383661185e+01
3.006553406747816126e+01
2.913194194372087864e+01
2.822734835039256041e+01
2.735085214108571350e+01
2.650158020306259843e+01
2.567868658324460895e+01
2.488135164200636140e+01
2.410878123332300760e+01
2.336020591016331593e+01
2.263488015544027476e+01
2.193208163641192954e+01
2.125111048263983449e+01
2.059128858599997258e+01
1.995195892386424319e+01
1.933248490195818192e+01
1.873224971883024992e+01
1.815065574923391267e+01
1.758712394743325902e+01
1.704109326893755849e+01
1.651202011051428542e+01
1.599937776682475210e+01
1.550265590519843251e+01
1.502136005601920843e+01
1.455501111922891333e+01
1.410314488615249928e+01
1.366531157626853599e+01
1.324107538882824286e+01
1.283001406744147310e+01
1.243171847914567074e+01
1.204579220673206841e+01
1.167185115275936091e+01
1.130952315660955243e+01
1.095844762371512537e+01
1.061827516568874152e+01
1.028866725208665045e+01
9.969295872827345306e+00
9.659843211566540688e+00
9.360001328179100355e+00
9.069471852573622428e+00
8.787965686936592746e+00
8.515202717846909408e+00
8.250911536809235614e+00
7.994829170087858650e+00
7.746700816615322616e+00
7.506279593965071939e+00
7.273326292785945668e+00
7.047609138236240689e+00
6.828903558847416733e+00
6.616991963462582227e+00
6.411663523852043411e+00
6.212713965285354689e+00
6.019945362780434905e+00
5.833165943997443925e+00
5.652189898401076107e+00
5.476837192390243025e+00
5.306933389309164362e+00
5.142309477070898360e+00
4.982801698576396987e+00
4.828251389326667642e+00
4.678504819421758221e+00
4.533413040441166331e+00
4.392831737259423441e+00
4.256621084560316071e+00
4.124645607221835597e+00
3.996774045958873423e+00
3.872879226148504994e+00
3.752837931956033213e+00
3.636530783084520380e+00
3.523842116706795036e+00
3.414659871838175320e+00
3.308875478074506660e+00
3.206383747373027227e+00
3.107082769564187608e+00
3.010873811271855605e+00
2.917661216865663043e+00
2.827352314337772565e+00
2.739857322566659814e+00
2.655089261978534232e+00
2.572963868477376348e+00
2.493399509138305881e+00
2.416317101556640701e+00
2.341640034928028857e+00
2.269294094042382248e+00
2.199207385471221521e+00
2.131310265937684800e+00
2.065535273578826825e+00
2.001817060401397619e+00
1.940092327769688429e+00
1.880299763334152940e+00
1.822379979916892934e+00
1.766275457257185932e+00
1.711930484079571935e+00
1.659291103355293062e+00
1.608305058413140642e+00
1.558921741426503083e+00
1.511092142782078485e+00
1.464768802932303160e+00
1.419905764903657719e+00
1.376458529073646853e+00
1.334384008893959139e+00
1.293640488140414657e+00
1.254187579861731239e+00
1.215986186156198468e+00
1.178998459539648991e+00
1.143187765356379781e+00
1.108518645921145573e+00
1.074956785048228447e+00
1.042468974483613975e+00
1.011023080767249116e+00
9.805880136973516015e-01
9.511336958161624722e-01
9.226310324332984703e-01
8.950518831866455249e-01
8.683690343236372122e-01
8.425561716921665667e-01
8.175878552152784362e-01
7.934394937099257250e-01
7.700873206949121474e-01
7.475083712632859534e-01
7.256804594815822185e-01
7.045821566922361168e-01
6.841927707514212642e-01
6.644923255249377547e-01
6.454615417496069041e-01
6.270818182279787045e-01
6.093352135068809128e-01
5.922044288462103845e-01
5.756727911339650783e-01
5.597242373925752634e-01
5.443432985971053961e-01
5.295150852460364099e-01
5.152252730395672220e-01
5.014600892352948369e-01
4.882062994339755324e-01
4.754511952254470430e-01
4.631825819743281003e-01
4.513887677024242540e-01
4.400585516378204831e-01
4.291812143015141801e-01
4.187465073897589929e-01
4.087446443445387212e-01
3.991662912896097870e-01
3.900025589987384800e-01
3.812449944768648846e-01
3.728855738100059214e-01
3.649166947893663360e-01
3.573311707074195431e-01
3.501222238851888768e-01
3.432834800704417932e-01
3.368089633089741963e-01
3.306930911169509990e-01
3.249306698145267847e-01
3.195168909239177180e-01
3.144473275782247446e-01
3.097179311883059838e-01
3.053250291633470281e-01
3.012653223196232188e-01
2.975358832461914571e-01
2.941341548856230004e-01
2.910579495233130976e-01
2.883054483358958309e-01
2.858752011977077068e-01
2.837661269603403702e-01
2.819775143450586330e-01
2.805090230717630639e-01
2.793606853535218759e-01
2.785329082190078354e-01
2.780264758026801952e-01
2.778425525273839902e-01
2.779826864159737343e-01
2.784488130373069525e-01
2.792432598930704168e-01
2.803687512776957824e-01
2.818284135791077616e-01
2.836257810955701841e-01
2.857648027664537738e-01
2.882498485911952901e-01
2.910857172739875209e-01
2.942776440727579712e-01
2.978313096158295425e-01
3.017528484712847514e-01
3.060488592216135673e-01
3.107264145061052751e-01
3.157930720631782484e-01
3.212568860092546719e-01
3.271264190638135116e-01
3.334107556561095032e-01
3.401195146770749633e-01
3.472628645214035359e-01
3.548515371727034573e-01
3.628968445035679058e-01
3.714106943283490558e-01
3.804056075956464000e-01
3.898947365592300152e-01
3.998918833252840255e-01
4.104115198834301648e-01
4.214688084925675704e-01
4.330796233999643641e-01
4.452605730549419882e-01
4.580290236558108297e-01
4.714031235247115870e-01
4.854018289554845045e-01
5.000449302550747932e-01
5.153530799783513361e-01
5.313478214747336947e-01
5.480516189938640093e-01
5.654878891460323187e-01
5.836810336743505356e-01
6.026564727322709647e-01
6.224406808276068404e-01
6.430612232611466750e-01
6.645467947479293258e-01
6.869272585761203587e-01
7.102336882711105526e-01
7.344984101090241690e-01
7.597550485117700036e-01
7.860385719044301611e-01
8.133853412606538713e-01
8.418331603361207671e-01
8.714213276330792235e-01
9.021906901712253291e-01
9.341837004196773542e-01
9.674444744869371560e-01
1.002018852923593828e+00
1.037954463288358609e+00
1.075300786402046738e+00
1.114109223461718923e+00
1.154433167659922210e+00
1.196328077147934765e+00
1.239851550730024732e+00
1.285063407772502053e+00
1.332025769714824337e+00
1.380803145558948675e+00
1.431462520648806969e+00
1.484073448159289432e+00
1.538708144703253566e+00
1.595441589733999965e+00
1.654351627797032709e+00
1.715519075566473095e+00
1.779027832504903817e+00
1.844964996125081580e+00
1.913420981337419224e+00
1.984489644291813182e+00
2.058268411143900245e+00
2.134858411498444575e+00
2.214364616927680718e+00
2.296895984962435744e+00
2.382565608480773811e+00
2.471490870408133311e+00
2.563793604621389388e+00
2.659600263175103230e+00
2.759042089011306764e+00
2.862255296238711999e+00
2.969381256476062880e+00
3.080566692549872254e+00
3.195963879406768182e+00
3.315730853175876902e+00
3.440031627198514741e+00
3.569036416336942796e+00
3.702921870798663306e+00
3.841871317938717389e+00
3.986075013082934326e+00
4.135730400544098906e+00
4.291042384003133314e+00
4.452223606599361005e+00
4.619494743063033759e+00
4.793084801255883320e+00
4.973231436463576571e+00
5.160181276407940665e+00
5.354190259333644342e+00
5.555523984739270560e+00
5.764458076774268136e+00
5.981278562376933117e+00
6.206282262916931636e+00
6.439777200600358853e+00
6.682083020648013516e+00
6.933531428978095157e+00
7.194466647113643809e+00
7.465245883314795883e+00
7.746239822763611116e+00
8.037833134500573351e+00
8.340424999413546203e+00
8.654429656687957717e+00
8.980276971804046937e+00
9.318413025522064075e+00
9.669300725554238696e+00
1.003342044064397420e+01
1.041127065937470064e+01
1.080336867271919665e+01
1.121025128428613016e+01
1.163247554581235477e+01
1.207061952070724509e+01
1.252528307678876374e+01
1.299708870881341838e+01
1.348668239250962664e+01
1.399473447010378102e+01
1.452194056977969794e+01
1.506902256037245103e+01
1.563672954088802847e+01
1.622583886889154314e+01
1.683715722673183990e+01
1.747152172902160316e+01
1.812980107049133238e+01
1.881289671937815910e+01
1.952174415497319870e+01
2.025731415052096196e+01
2.102061410701887212e+01
2.181268943665885374e+01
2.263462499833024921e+01
2.348754658783977689e+01
2.437262248453662750e+01
2.529106505633180646e+01
2.624413242606852847e+01
2.723313020003932650e+01
2.825941326360653960e+01
2.932438764305528878e+01
3.042951243988285270e+01
3.157630183704056748e+01
3.276632718224627894e+01
3.400121914967905923e+01
3.528266998439994495e+01
3.661243583129446222e+01
3.799233915341812207e+01
3.942427124151916473e+01
4.091019481930808865e+01
4.245214674738770100e+01
4.405224083106933364e+01
4.571267073316099072e+01
4.743571299999588575e+01
4.922373020059377779e+01
5.107917418709439517e+01
5.300458947821551448e+01
5.500261677210095712e+01
5.707599659347211940e+01
5.922757307993217069e+01
6.146029791208940907e+01
6.377723439506909386e+01
6.618156169516628040e+01
6.867657923856388891e+01
7.126571127836301400e+01
7.395251163693578178e+01
7.674066862927773514e+01
7.963401017568193652e+01
8.263650910953006701e+01
8.575228868990956244e+01
8.898562832540062573e+01
9.234096951778505513e+01
9.582292203443998346e+01
9.943627031819005424e+01
1.031859801444454519e+02
1.070772055340445377e+02
1.111152959337683228e+02
1.153058036738268584e+02
1.196544917135539521e+02
1.241673416860186734e+02
1.288505622555532568e+02
1.337105977978202134e+02
1.387541374177401678e+02
1.439881243168716196e+02
1.494197655257785016e+02
1.550565420143964843e+02
1.609062191972668359e+02
1.669768578482509440e+02
1.732768254418094500e+02
1.798148079377492081e+02
1.865998220283175328e+02
1.936412278655253374e+02
2.009487422875037907e+02
2.085324525661945358e+02
2.164028306971892164e+02
2.245707482526419199e+02
2.330474918226828152e+02
2.418447790663427952e+02
2.509747754019546164e+02
2.604501113585673693e+02
2.702839006200812264e+02
2.804897587873599605e+02
2.910818228934901981e+02
3.020747716985304692e+02
3.134838467998117721e+02
3.253248745919069620e+02
3.376142891116737701e+02
3.503691558083378368e+02
3.636071962757857818e+02
3.773468139904728673e+02
3.916071210969546996e+02
4.064079662885021662e+02
4.217699638296347189e+02
4.377145237701719793e+02
4.542638834054663448e+02
4.714411400348999450e+02
4.892702850805234220e+02
5.077762396227253703e+02
5.269848914204774246e+02
5.469231334802684614e+02
5.676189042464982322e+02
5.891012294869058223e+02
6.114002659500938535e+02
6.345473468795079270e+02
6.585750294677152397e+02
6.835171443450853985e+02
7.094088471948452934e+02
7.362866726001252573e+02
7.641885902262163199e+02
7.931540634516228465e+02
8.232241105670101433e+02
8.544413686661800966e+02
8.868501603625932148e+02
9.204965634703415844e+02
9.554284837967054500e+02
9.916957312049689790e+02
1.029350099109294888e+03
1.068445447579257234e+03
1.109037790237947092e+03
1.151185385151412447e+03
1.194948829915206261e+03
1.240391161160273896e+03
1.287577958712799955e+03
1.336577454655465999e+03
1.387460647553482431e+03
1.440301422128514560e+03
1.495176674676552011e+03
1.552166444549266316e+03
1.611354052033706239e+03
1.672826242993778351e+03
1.736673340653256901e+03
1.802989404933735614e+03
1.871872399778764475e+03
1.943424368932305924e+03
2.017751620669808062e+03
2.094964922010201917e+03
2.175179702979675312e+03
2.258516271533992494e+03
2.345100039789240327e+03
2.435061762259946136e+03
2.528537786849723943e+03
2.625670319398162974e+03
2.726607702640801563e+03
2.831504710508953849e+03
2.940522858758444727e+03
3.053830732998278108e+03
3.171604335261955839e+03
3.294027450363415937e+03
3.421292033365033149e+03
3.553598619594482443e+03
3.691156758760517732e+03
3.834185474840007373e+03
3.982913753541544338e+03
4.137581059300135166e+03
4.298437883917776162e+03
4.465746329135222368e+03
4.639780725618892575e+03
4.820828291049478139e+03
5.009189830229031031e+03
5.205180480380342487e+03
5.409130505080383045e+03
5.621386140576249090e+03
5.842310498565146190e+03
6.072284529882715105e+03
6.311708053950146677e+03
6.561000859271888658e+03
6.820603880765805116e+03
7.090980460249150383e+03
7.372617697001803208e+03
7.666027895983240342e+03
7.971750122023320728e+03
8.290351869105239530e+03
8.622430854770189399e+03
8.968616950668920254e+03
9.329574261398835006e+03
9.706003365010625203e+03
1.009864372994273072e+04
1.050827632469249329e+04
1.093572643825656633e+04
1.138186673130103736e+04
1.184762054018987146e+04
1.233396545842747400e+04
1.284193722279789290e+04
1.337263393455748883e+04
1.392722064949453124e+04
1.450693437457554683e+04
1.511308951331215758e+04
1.574708380697587927e+04
1.641040482445371163e+04
1.710463705997005673e+04
1.783146970521303956e+04
1.859270517074434247e+04
1.939026844108323712e+04
2.022621735873769649e+04
2.110275394492530904e+04
2.202223687902342499e+04
2.298719527525431477e+04
2.400034391406780924e+04
2.506460010757940472e+04
2.618310240376312868e+04
2.735923136348896514e+04
2.859663267864836962e+04
2.989924293942157237e+04
3.127131840521862614e+04
3.271746718825805146e+04
3.424268532263112138e+04
3.585239726689558302e+04
3.755250147698169894e+04
3.934942179122295056e+04
4.125016549398036295e+04
4.326238907276273676e+04
4.539447286100259953e+04
4.765560597105171473e+04
5.005588317731935240e+04
5.260641571756298799e+04
5.531945835338209872e+04
5.820855548438926053e+04
6.128870966379040328e+04
6.457657654098308558e+04
6.809069109085822129e+04
7.185173102034398471e+04
7.588282452270164504e+04
8.020991114704546635e+04
8.486216655318917765e+04
8.987250444652143051e+04
9.527817218800038972e+04
1.011214606550639000e+05
1.074505541643323813e+05
1.143205530262976099e+05
1.217947100887664856e+05
1.299459341294813930e+05
1.388586281331370701e+05
1.486309506656418380e+05
1.593776156156731595e+05
1.712333821822719474e+05
1.843574369930784160e+05
1.989389392398604832e+05
2.152040959687981231e+05
2.334252704873029434e+05
2.539328209132677293e+05
2.771306468976999749e+05
3.035168353503310937e+05
3.337114119234039681e+05
3.684941396831137827e+05
4.088567511351510184e+05
4.560762783320047311e+05
0.000000000000000000e+00
0.000000000000000000e+00
0.000000000000000000e+00
0.000000000000000000e+00
0.000000000000000000e+00
0.000000000000000000e+00
0.000000000000000000e+00
0.000000000000000000e+00
0.000000000000000000e+00
0.000000000000000000e+00
0.000000000000000000e+00
0.000000000000000000e+00
0.000000000000000000e+00
0.000000000000000000e+00
0.000000000000000000e+00
0.000000000000000000e+00
0.000000000000000000e+00
0.000000000000000000e+00
0.000000000000000000e+00
0.000000000000000000e+00
0.000000000000000000e+00
0.000000000000000000e+00
0.000000000000000000e+00
0.000000000000000000e+00
0.000000000000000000e+00
0.000000000000000000e+00
0.000000000000000000e+00
0.000000000000000000e+00
0.000000000000000000e+00
0.000000000000000000e+00
0.000000000000000000e+00
0.000000000000000000e+00
0.000000000000000000e+00
0.000000000000000000e+00
0.000000000000000000e+00
0.000000000000000000e+00
0.000000000000000000e+00
0.000000000000000000e+00
0.000000000000000000e+00
0.000000000000000000e+00
0.000000000000000000e+00
0.000000000000000000e+00
0.000000000000000000e+00
0.000000000000000000e+00
0.000000000000000000e+00
0.000000000000000000e+00
0.000000000000000000e+00
0.000000000000000000e+00
0.000000000000000000e+00
0.000000000000000000e+00
0.000000000000000000e+00
0.000000000000000000e+00
0.000000000000000000e+00
0.000000000000000000e+00
0.000000000000000000e+00
0.000000000000000000e+00
0.000000000000000000e+00
0.000000000000000000e+00
0.000000000000000000e+00
0.000000000000000000e+00
0.000000000000000000e+00
0.000000000000000000e+00
0.000000000000000000e+00
0.000000000000000000e+00
0.000000000000000000e+00
0.000000000000000000e+00
0.000000000000000000e+00
0.000000000000000000e+00
0.000000000000000000e+00
0.000000000000000000e+00
0.000000000000000000e+00
0.000000000000000000e+00
0.000000000000000000e+00
0.000000000000000000e+00
0.000000000000000000e+00
0.000000000000000000e+00
0.000000000000000000e+00
0.000000000000000000e+00
0.000000000000000000e+00
0.000000000000000000e+00
0.000000000000000000e+00
0.000000000000000000e+00
0.000000000000000000e+00
0.000000000000000000e+00
0.000000000000000000e+00
0.000000000000000000e+00
0.000000000000000000e+00
0.000000000000000000e+00
0.000000000000000000e+00
0.000000000000000000e+00
0.000000000000000000e+00
0.000000000000000000e+00
0.000000000000000000e+00
0.000000000000000000e+00
0.000000000000000000e+00
0.000000000000000000e+00
0.000000000000000000e+00
0.000000000000000000e+00
0.000000000000000000e+00
0.000000000000000000e+00
0.000000000000000000e+00
