0.000000000000000000e+00
0.000000000000000000e+00
0.000000000000000000e+00
0.000000000000000000e+00
0.000000000000000000e+00
0.000000000000000000e+00
0.000000000000000000e+00
0.000000000000000000e+00
0.000000000000000000e+00
0.000000000000000000e+00
0.000000000000000000e+00
0.000000000000000000e+00
0.000000000000000000e+00
0.000000000000000000e+00
0.000000000000000000e+00
0.000000000000000000e+00
0.000000000000000000e+00
0.000000000000000000e+00
0.000000000000000000e+00
0.000000000000000000e+00
0.000000000000000000e+00
0.000000000000000000e+00
0.000000000000000000e+00
0.000000000000000000e+00
0.000000000000000000e+00
0.000000000000000000e+00
0.000000000000000000e+00
0.000000000000000000e+00
0.000000000000000000e+00
0.000000000000000000e+00
0.000000000000000000e+00
0.000000000000000000e+00
0.000000000000000000e+00
0.000000000000000000e+00
0.000000000000000000e+00
0.000000000000000000e+00
0.000000000000000000e+00
0.000000000000000000e+00
0.000000000000000000e+00
0.000000000000000000e+00
0.000000000000000000e+00
0.000000000000000000e+00
0.000000000000000000e+00
0.000000000000000000e+00
0.000000000000000000e+00
0.000000000000000000e+00
0.000000000000000000e+00
0.000000000000000000e+00
0.000000000000000000e+00
0.000000000000000000e+00
0.000000000000000000e+00
0.000000000000000000e+00
0.000000000000000000e+00
0.000000000000000000e+00
0.000000000000000000e+00
0.000000000000000000e+00
0.000000000000000000e+00
0.000000000000000000e+00
0.000000000000000000e+00
0.000000000000000000e+00
0.000000000000000000e+00
0.000000000000000000e+00
0.000000000000000000e+00
0.000000000000000000e+00
0.000000000000000000e+00
0.000000000000000000e+00
0.000000000000000000e+00
0.000000000000000000e+00
0.000000000000000000e+00
0.000000000000000000e+00
0.000000000000000000e+00
0.000000000000000000e+00
0.000000000000000000e+00
0.000000000000000000e+00
0.000000000000000000e+00
0.000000000000000000e+00
0.000000000000000000e+00
0.000000000000000000e+00
0.000000000000000000e+00
0.000000000000000000e+00
0.000000000000000000e+00
0.000000000000000000e+00
0.000000000000000000e+00
0.000000000000000000e+00
0.000000000000000000e+00
0.000000000000000000e+00
0.000000000000000000e+00
0.000000000000000000e+00
0.000000000000000000e+00
0.000000000000000000e+00
0.000000000000000000e+00
0.000000000000000000e+00
0.000000000000000000e+00
0.000000000000000000e+00
0.000000000000000000e+00
0.000000000000000000e+00
0.000000000000000000e+00
0.000000000000000000e+00
0.000000000000000000e+00
0.000000000000000000e+00
0.000000000000000000e+00
2.577001969263411491e-03
4.982305043883439657e-03
7.233685944572779483e-03
9.346339971107241879e-03
1.133336176618518314e-02
1.320611867265528497e-02
1.497454429067549518e-02
1.664737189857735944e-02
1.823232196748996586e-02
1.973625421731588225e-02
2.116529198654899802e-02
2.252492476880412278e-02
2.382009337291327369e-02
2.505526113562779600e-02
2.623447385055847902e-02
2.736141050092930418e-02
2.843942644587944130e-02
2.947159037418801975e-02
3.046071607943946769e-02
3.140938990796848101e-02
3.231999457163990674e-02
3.319472989144543057e-02
3.403563093743833950e-02
3.484458394996696462e-02
3.562334036217711802e-02
3.637352919102446874e-02
3.709666802102608990e-02
3.779417276971451523e-02
3.846736639470141328e-02
3.911748667820752479e-02
3.974569320491886520e-02
4.035307363233389677e-02
4.094064933876995910e-02
4.150938052241937015e-02
4.206017081489553389e-02
4.259387146427726784e-02
4.311128513548530272e-02
4.361316936970466296e-02
4.410023973932604424e-02
4.457317273038149258e-02
4.503260838057430993e-02
4.547915269765966106e-02
4.591337988003434817e-02
4.633583435888109087e-02
4.674703267902391435e-02
4.714746523374267750e-02
4.753759786712583729e-02
4.791787335607720216e-02
4.828871278280841978e-02
4.865051680751791841e-02
4.900366684995879213e-02
4.934852618771844168e-02
4.968544097825126904e-02
5.001474121101341652e-02
5.033674159543403970e-02
5.065174238990960420e-02
5.096003017651924705e-02
5.126187858572297390e-02
5.155754897491471311e-02
5.184729106435175677e-02
5.213134353366877249e-02
5.240993458190246895e-02
5.268328245369873625e-02
5.295159593414581339e-02
5.321507481446984683e-02
5.347391033064304022e-02
5.372828557678582806e-02
5.397837589508980988e-02
5.422434924385246408e-02
5.446636654508521524e-02
5.470458201304370660e-02
5.493914346492414363e-02
5.517019261487419307e-02
5.539786535238047649e-02
5.562229200601494228e-02
5.584359759345013802e-02
5.606190205858685438e-02
5.627732049657649394e-02
5.648996336746552049e-02
5.669993669913696299e-02
5.690734228017771401e-02
5.711227784325660639e-02
5.731483723955856091e-02
5.751511060478339127e-02
5.771318451718321363e-02
5.790914214808242505e-02
5.810306340529422520e-02
5.829502506982103816e-02
5.848510092620205769e-02
5.867336188684743603e-02
5.885987611067785424e-02
5.904470911636854058e-02
5.922792389047785294e-02
5.940958099072463083e-02
5.958973864466141079e-02
5.976845284397712399e-02
5.994577743464803848e-02
6.012176420314407910e-02
6.029646295888469593e-02
6.046992161312789160e-02
6.064218625446577554e-02
6.081330122108982023e-02
6.098330916998025847e-02
6.115225114316549804e-02
6.132016663118952660e-02
6.148709363391762633e-02
6.165306871880416040e-02
6.181812707673908780e-02
6.198230257558410422e-02
6.214562781150358844e-02
6.230813415818951817e-02
6.246985181407553600e-02
6.263080984762915693e-02
6.279103624080807633e-02
6.295055793075995942e-02
6.310940084984452414e-02
6.326758996404988067e-02
6.342514930987283583e-02
6.358210202973012259e-02
6.373847040596182512e-02
6.389427589348882497e-02
6.404953915118040408e-02
6.420428007198646092e-02
6.435851781188706155e-02
6.451227081770716243e-02
6.466555685384581253e-02
6.481839302796321700e-02
6.497079581566986284e-02
6.512278108425764711e-02
6.527436411551319762e-02
6.542555962765012056e-02
6.557638179639657672e-02
6.572684427527217266e-02
6.587696021508604449e-02
6.602674228268903822e-02
6.617620267900886644e-02
6.632535315639695450e-02
6.647420503531463465e-02
6.662276922038457005e-02
6.677105621583302730e-02
6.691907614034654783e-02
6.706683874136647183e-02
6.721435340884296394e-02
6.736162918847014847e-02
6.750867479442247687e-02
6.765549862161138184e-02
6.780210875748111932e-02
6.794851299336195083e-02
6.809471883539763848e-02
6.824073351506344809e-02
6.838656399929021745e-02
6.853221700021067120e-02
6.867769898454123556e-02
6.882301618261411902e-02
6.896817459707288434e-02
6.911318001124391874e-02
6.925803799719683351e-02
6.940275392350495065e-02
6.954733296271789489e-02
6.969178009855658829e-02
6.983610013284181905e-02
6.998029769216551621e-02
7.012437723431574899e-02
7.026834305446344464e-02
7.041219929112059461e-02
7.055594993187826180e-02
7.069959881893268794e-02
7.084314965440739742e-02
7.098660600547918031e-02
7.112997130931483780e-02
7.127324887782644780e-02
7.141644190225092392e-02
7.155955345756165320e-02
7.170258650671740286e-02
7.184554390475519914e-02
7.198842840273268762e-02
7.213124265152570658e-02
7.227398920548641637e-02
7.241667052596700849e-02
7.255928898471429578e-02
7.270184686713972166e-02
7.284434637546935432e-02
7.298678963177870904e-02
7.312917868091599327e-02
7.327151549331857583e-02
7.341380196772626099e-02
7.355603993379507266e-02
7.369823115461562879e-02
7.384037732913910357e-02
7.398248009451471874e-02
7.412454102834156733e-02
7.426656165083825312e-02
7.440854342693317691e-02
7.455048776827835622e-02
7.469239603518987303e-02
7.483426953851732288e-02
7.497610954144484641e-02
7.511791726122683810e-02
7.525969387085985896e-02
7.540144050069369497e-02
7.554315823998375423e-02
7.568484813838656511e-02
7.582651120740097062e-02
7.596814842175665661e-02
7.610976072075205379e-02
7.625134900954338990e-02
7.639291416038702931e-02
7.653445701383633504e-02
7.667597837989433007e-02
7.681747903912551634e-02
7.695895974372654602e-02
7.710042121855839592e-02
7.724186416213982276e-02
7.738328924760487504e-02
7.752469712362648757e-02
7.766608841530639462e-02
7.780746372503136166e-02
7.794882363329959374e-02
7.809016869951602990e-02
7.823149946275982647e-02
7.837281644252264146e-02
7.851412013942093981e-02
7.865541103588211125e-02
7.879668959680548312e-02
7.893795627019947747e-02
7.907921148779555043e-02
7.922045566563966357e-02
7.936168920466234178e-02
7.950291249122798387e-02
7.964412589766432793e-02
7.978532978277230736e-02
7.992652449231765766e-02
8.006771035950463467e-02
8.020888770543224688e-02
8.035005683953436173e-02
8.049121806000325563e-02
8.063237165419820385e-02
8.077351789903901291e-02
8.091465706138518954e-02
8.105578939840152319e-02
8.119691515791023495e-02
8.133803457873028941e-02
8.147914789100457744e-02
8.162025531651477539e-02
8.176135706898536581e-02
8.190245335437608409e-02
8.204354437116399834e-02
8.218463031061533364e-02
8.232571135704724874e-02
8.246678768808017590e-02
8.260785947488114012e-02
8.274892688239805782e-02
8.288999006958555626e-02
8.303104918962261882e-02
8.317210439012223677e-02
8.331315581333351150e-02
8.345420359633640150e-02
8.359524787122955825e-02
8.373628876531086229e-02
8.387732640125195038e-02
8.401836089726597012e-02
8.415939236726961703e-02
8.430042092103892659e-02
8.444144666435959845e-02
8.458246969917172786e-02
8.472349012370951338e-02
8.486450803263560771e-02
8.500552351717081956e-02
8.514653666521886100e-02
8.528754756148683447e-02
8.542855628760100128e-02
8.556956292221873372e-02
8.571056754113601239e-02
8.585157021739132921e-02
8.599257102136559361e-02
8.613357002087851377e-02
8.627456728128146679e-02
8.641556286554699651e-02
8.655655683435499459e-02
8.669754924617559255e-02
8.683854015734950027e-02
8.697952962216499995e-02
8.712051769293231718e-02
8.726150442005528585e-02
8.740248985210025134e-02
8.754347403586267007e-02
8.768445701643116930e-02
8.782543883724923395e-02
8.796641954017478393e-02
8.810739916553755879e-02
8.824837775219415703e-02
8.838935533758135454e-02
8.853033195776743858e-02
8.867130764750157101e-02
8.881228244026141694e-02
8.895325636829895521e-02
8.909422946268467924e-02
8.923520175335031279e-02
8.937617326912961069e-02
8.951714403779804929e-02
8.965811408611081001e-02
8.979908343983948604e-02
8.994005212380731806e-02
9.008102016192343076e-02
9.022198757721548723e-02
9.036295439186120548e-02
9.050392062721934749e-02
9.064488630385805767e-02
9.078585144158382580e-02
9.092681605946827117e-02
9.106778017587457974e-02
9.120874380848263685e-02
9.134970697431328557e-02
9.149066968975178016e-02
9.163163197057022646e-02
9.177259383194937004e-02
9.191355528849938505e-02
9.205451635428008039e-02
9.219547704282002321e-02
9.233643736713544048e-02
9.247739733974798260e-02
9.261835697270202894e-02
9.275931627758131348e-02
9.290027526552487036e-02
9.304123394724242435e-02
9.318219233302921234e-02
9.332315043278018030e-02
9.346410825600365291e-02
9.360506581183453134e-02
9.374602310904693592e-02
9.388698015606647407e-02
9.402793696098182830e-02
9.416889353155598330e-02
9.430984987523707841e-02
9.445080599916876041e-02
9.459176191020017554e-02
9.473271761489554521e-02
9.487367311954336691e-02
9.501462843016521276e-02
9.515558355252407008e-02
9.529653849213268191e-02
9.543749325426109653e-02
9.557844784394418924e-02
9.571940226598892043e-02
9.586035652498099691e-02
9.600131062529154713e-02
9.614226457108326906e-02
9.628321836631650865e-02
9.642417201475488031e-02
9.656512551997076255e-02
9.670607888535040497e-02
9.684703211409904922e-02
9.698798520924550859e-02
9.712893817364666449e-02
9.726989100999171300e-02
9.741084372080628662e-02
9.755179630845633998e-02
9.769274877515154998e-02
9.783370112294891008e-02
9.797465335375579731e-02
9.811560546933316418e-02
9.825655747129831419e-02
9.839750936112758029e-02
9.853846114015879509e-02
9.867941280959363626e-02
9.882036437049969424e-02
9.896131582381249847e-02
9.910226717033729371e-02
9.924321841075071926e-02
9.938416954560228000e-02
9.952512057531580358e-02
9.966607150019037020e-02
9.980702232040143673e-02
9.994797303600178040e-02
1.000889236469221094e-01
1.002298741529717707e-01
1.003708245538390831e-01
1.005117748490917395e-01
1.006527250381768906e-01
1.007936751204212000e-01
1.009346250950306501e-01
1.010755749610902782e-01
1.012165247175638855e-01
1.013574743632933706e-01
1.014984238969981328e-01
1.016393733172741287e-01
1.017803226225930252e-01
1.019212718113009647e-01
1.020622208816175103e-01
1.022031698316340914e-01
1.023441186593126023e-01
1.024850673624836672e-01
1.026260159388448223e-01
1.027669643859586424e-01
1.029079127012505340e-01
1.030488608820065433e-01
1.031898089253709405e-01
1.033307568283436811e-01
1.034717045877777269e-01
1.036126522003761596e-01
1.037535996626890722e-01
1.038945469711104880e-01
1.040354941218750440e-01
1.041764411110543409e-01
1.043173879345534183e-01
1.044583345881068548e-01
1.045992810672745632e-01
1.047402273674378215e-01
1.048811734837947207e-01
1.050221194113555856e-01
1.051630651449382559e-01
1.053040106791630487e-01
1.054449560084475823e-01
1.055859011270014192e-01
1.057268460288204176e-01
1.058677907076809172e-01
1.060087351571337017e-01
1.061496793704977543e-01
1.062906233408536377e-01
1.064315670610368608e-01
1.065725105236308146e-01
1.067134537209595002e-01
1.068543966450800631e-01
1.069953392877749931e-01
1.071362816405439511e-01
1.072772236945955804e-01
1.074181654408387226e-01
1.075591068698735914e-01
1.077000479719824461e-01
1.078409887371200443e-01
1.079819291549036081e-01
1.081228692146028181e-01
1.082638089051290303e-01
1.084047482150243408e-01
1.085456871324503580e-01
1.086866256451763935e-01
1.088275637405674706e-01
1.089685014055717105e-01
1.091094386267075222e-01
1.092503753900501279e-01
1.093913116812177955e-01
1.095322474853577255e-01
1.096731827871312570e-01
1.098141175706986022e-01
1.099550518197032201e-01
1.100959855172555374e-01
1.102369186459162542e-01
1.103778511876789964e-01
1.105187831239524271e-01
1.106597144355418727e-01
1.108006451026301992e-01
1.109415751047582582e-01
1.110825044208043483e-01
1.112234330289634809e-01
1.113643609067255097e-01
1.115052880308529809e-01
1.116462143773579163e-01
1.117871399214780126e-01
1.119280646376521193e-01
1.120689884994947316e-01
1.122099114797697750e-01
1.123508335503636824e-01
1.124917546822572223e-01
1.126326748454968274e-01
1.127735940091647987e-01
1.129145121413485664e-01
1.130554292091089374e-01
1.131963451784473440e-01
1.133372600142721620e-01
1.134781736803636004e-01
1.136190861393378826e-01
1.137599973526100261e-01
1.139009072803553180e-01
1.140418158814699851e-01
1.141827231135301851e-01
1.143236289327498045e-01
1.144645332939369653e-01
1.146054361504490471e-01
1.147463374541463216e-01
1.148872371553440602e-01
1.150281352027630738e-01
1.151690315434787948e-01
1.153099261228685835e-01
1.154508188845574240e-01
1.155917097703618029e-01
1.157325987202318801e-01
1.158734856721917450e-01
1.160143705622778271e-01
1.161552533244751689e-01
1.162961338906517844e-01
1.164370121904908656e-01
1.165778881514209081e-01
1.167187616985434356e-01
1.168596327545586011e-01
1.170005012396880817e-01
1.171413670715959060e-01
1.172822301653064364e-01
1.174230904331198394e-01
1.175639477845248637e-01
1.177048021261087873e-01
1.178456533614643670e-01
1.179865013910940813e-01
1.181273461123108770e-01
1.182681874191360560e-01
1.184090252021941098e-01
1.185498593486037089e-01
1.186906897418653906e-01
1.188315162617454845e-01
1.189723387841566532e-01
1.191131571810343376e-01
1.192539713202092344e-01
1.193947810652758457e-01
1.195355862754567400e-01
1.196763868054624147e-01
1.198171825053466755e-01
1.199579732203574084e-01
1.200987587907825643e-01
1.202395390517912166e-01
1.203803138332694561e-01
1.205210829596510963e-01
1.206618462497427713e-01
1.208026035165438022e-01
1.209433545670599575e-01
1.210840992021112728e-01
1.212248372161336962e-01
1.213655683969746824e-01
1.215062925256817083e-01
1.216470093762844484e-01
1.217877187155697455e-01
1.219284203028494218e-01
1.220691138897205957e-01
1.222097992198181576e-01
1.223504760285598209e-01
1.224911440428824577e-01
1.226318029809701643e-01
1.227724525519736931e-01
1.229130924557206156e-01
1.230537223824164361e-01
1.231943420123360611e-01
1.233349510155052065e-01
1.234755490513718551e-01
1.236161357684668755e-01
1.237567108040539682e-01
1.238972737837681914e-01
1.240378243212430787e-01
1.241783620177254049e-01
1.243188864616781714e-01
1.244593972283702943e-01
1.245998938794533745e-01
1.247403759625249353e-01
1.248808430106772283e-01
1.250212945420321464e-01
1.251617300592606230e-01
1.253021490490869860e-01
1.254425509817771456e-01
1.255829353106104884e-01
1.257233014713347030e-01
1.258636488816029242e-01
1.260039769403932808e-01
1.261442850274091532e-01
1.262845725024604182e-01
1.264248387048249600e-01
1.265650829525895305e-01
1.267053045419690993e-01
1.268455027466049156e-01
1.269856768168391437e-01
1.271258259789672107e-01
1.272659494344648978e-01
1.274060463591916437e-01
1.275461159025673696e-01
1.276861571867233813e-01
1.278261693056251536e-01
1.279661513241678594e-01
1.281061022772423952e-01
1.282460211687708185e-01
1.283859069707110889e-01
1.285257586220297787e-01
1.286655750276413934e-01
1.288053550573135808e-01
1.289450975445372294e-01
1.290848012853599291e-01
1.292244650371815740e-01
1.293640875175112170e-01
1.295036674026845136e-01
1.296432033265382533e-01
1.297826938790433704e-01
1.299221376048931564e-01
1.300615330020460925e-01
1.302008785202213581e-01
1.303401725593456295e-01
1.304794134679499173e-01
1.306185995415140855e-01
1.307577290207584675e-01
1.308968000898794448e-01
1.310358108747280981e-01
1.311747594409287676e-01
1.313136437919401600e-01
1.314524618670495637e-01
1.315912115393041981e-01
1.317298906133745895e-01
1.318684968233481691e-01
1.320070278304522893e-01
1.321454812207022156e-01
1.322838545024735690e-01
1.324221451039952202e-01
1.325603503707606656e-01
1.326984675628552213e-01
1.328364938521959526e-01
1.329744263196819265e-01
1.331122619522512596e-01
1.332499976398421049e-01
1.333876301722548563e-01
1.335251562359113242e-01
1.336625724105076907e-01
1.337998751655591345e-01
1.339370608568302146e-01
1.340741257226488181e-01
1.342110658800992062e-01
1.343478773210901034e-01
1.344845559082938347e-01
1.346210973709519310e-01
1.347574973005431498e-01
1.348937511463083883e-01
1.350298542106286581e-01
1.351658016442505161e-01
1.353015884413540926e-01
1.354372094344583333e-01
1.355726592891575710e-01
1.357079324986840418e-01
1.358430233782906005e-01
1.359779260594468631e-01
1.361126344838430868e-01
1.362471423971944318e-01
1.363814433428394701e-01
1.365155306551251446e-01
1.366493974525716804e-01
1.367830366308092072e-01
1.369164408552779877e-01
1.370496025536847018e-01
1.371825139082054612e-01
1.373151668474278664e-01
1.374475530380212807e-01
1.375796638761279667e-01
1.377114904784629279e-01
1.378430236731137959e-01
1.379742539900296328e-01
1.381051716511874639e-01
1.382357665604249386e-01
1.383660282929280450e-01
1.384959460843600831e-01
1.386255088196203800e-01
1.387547050212185329e-01
1.388835228372505004e-01
1.390119500289619670e-01
1.391399739578845773e-01
1.392675815725280264e-01
1.393947593946132379e-01
1.395214935048285088e-01
1.396477695280915476e-01
1.397735726182991467e-01
1.398988874425443896e-01
1.400236981647835499e-01
1.401479884289292266e-01
1.402717413413500092e-01
1.403949394527530814e-01
1.405175647394268090e-01
1.406395985838185536e-01
1.407610217544220388e-01
1.408818143849475402e-01
1.410019559527470878e-01
1.411214252564652605e-01
1.412402003928855676e-01
1.413582587329399454e-01
1.414755768968489480e-01
1.415921307283566910e-01
1.417078952680257964e-01
1.418228447255522051e-01
1.419369524510619984e-01
1.420501909053474843e-01
1.421625316289982510e-01
1.422739452103832791e-01
1.423844012524339009e-01
1.424938683381792026e-01
1.426023139949795793e-01
1.427097046574040407e-01
1.428160056286925383e-01
1.429211810407425842e-01
1.430251938125559896e-01
1.431280056070774742e-01
1.432295767863553115e-01
1.433298663649485716e-01
1.434288319615036333e-01
1.435264297484150908e-01
1.436226143994858984e-01
1.437173390354939684e-01
1.438105551675686877e-01
1.439022126382749067e-01
1.439922595602973199e-01
1.440806422526103303e-01
1.441673051740137157e-01
1.442521908539068920e-01
1.443352398201673270e-01
1.444163905239903567e-01
1.444955792615403856e-01
1.445727400922531269e-01
1.446478047536203237e-01
1.447207025722770379e-01
1.447913603712012443e-01
1.448597023728233069e-01
1.449256500978315654e-01
1.449891222594440199e-01
1.450500346529042250e-01
1.451083000399428502e-01
1.451638280279289872e-01
1.452165249434181626e-01
1.452662936997838883e-01
1.453130336585984339e-01
1.453566404844063853e-01
1.453970059925096536e-01
1.454340179893554297e-01
1.454675601050923195e-01
1.454975116178255923e-01
1.455237472690716349e-01
1.455461370698732937e-01
1.455645460970003968e-01
1.455788342786146217e-01
1.455888561687331550e-01
1.455944607097734156e-01
1.455954909824069277e-01
1.455917839418892357e-01
1.455831701399687983e-01
1.455694734314036121e-01
1.455505106640370139e-01
1.455260913512998744e-01
1.454960173259093881e-01
1.454600823734329695e-01
1.454180718442734666e-01
1.453697622425051128e-01
1.453149207898543627e-01
1.452533049629677331e-01
1.451846620019431044e-01
1.451087283879151368e-01
1.450252292872840632e-01
1.449338779599497196e-01
1.448343751286634284e-01
1.447264083063320994e-01
1.446096510778008271e-01
1.444837623322949294e-01
1.443483854423187052e-01
1.442031473843802536e-01
1.440476577964295846e-01
1.438815079663613994e-01
1.437042697453278228e-01
1.435154943789269666e-01
1.433147112485683716e-01
1.431014265144505970e-01
1.428751216506078114e-01
1.426352518613753784e-01
1.423812443673628803e-01
1.421124965475932256e-01
1.418283739228308193e-01
1.415282079632523837e-01
1.412112937014776692e-01
1.408768871295151548e-01
1.405242023553500974e-01
1.401524084916339896e-01
1.397606262451529524e-01
1.393479241713630468e-01
1.389133145531714908e-01
1.384557488571765693e-01
1.379741127135922785e-01
1.374672203578745644e-01
1.369338084623872298e-01
1.363725292749941587e-01
1.357819429678668866e-01
1.351605090835873990e-01
1.345065769462240879e-01
1.338183748817463603e-01
1.330939980639952169e-01
1.323313947682931702e-01
1.315283507731848933e-01
1.306824715998558817e-01
1.297911622160369816e-01
1.288516037535295256e-01
1.278607266917078655e-01
1.268151798380540707e-01
1.257112942836905167e-01
1.245450413173396775e-01
1.233119830320366372e-01
1.220072140374195840e-01
1.206252922719306120e-01
1.191601563595372920e-01
1.176050262264322632e-01
1.159522827158335628e-01
1.141933206142078799e-01
1.123183676844592416e-01
1.103162597743520962e-01
1.081741585040760789e-01
1.058771929306698834e-01
1.034079991457420994e-01
1.034079991457420994e-01
1.034079991457420994e-01
1.034079991457420994e-01
1.034079991457420994e-01
1.034079991457420994e-01
1.034079991457420994e-01
1.034079991457420994e-01
1.034079991457420994e-01
1.034079991457420994e-01
1.034079991457420994e-01
1.034079991457420994e-01
1.034079991457420994e-01
1.034079991457420994e-01
1.034079991457420994e-01
1.034079991457420994e-01
1.034079991457420994e-01
1.034079991457420994e-01
1.034079991457420994e-01
1.034079991457420994e-01
1.034079991457420994e-01
1.034079991457420994e-01
1.034079991457420994e-01
1.034079991457420994e-01
1.034079991457420994e-01
1.034079991457420994e-01
1.034079991457420994e-01
1.034079991457420994e-01
1.034079991457420994e-01
1.034079991457420994e-01
1.034079991457420994e-01
1.034079991457420994e-01
1.034079991457420994e-01
1.034079991457420994e-01
1.034079991457420994e-01
1.034079991457420994e-01
1.034079991457420994e-01
1.034079991457420994e-01
1.034079991457420994e-01
1.034079991457420994e-01
1.034079991457420994e-01
1.034079991457420994e-01
1.034079991457420994e-01
1.034079991457420994e-01
1.034079991457420994e-01
1.034079991457420994e-01
1.034079991457420994e-01
1.034079991457420994e-01
1.034079991457420994e-01
1.034079991457420994e-01
1.034079991457420994e-01
1.034079991457420994e-01
1.034079991457420994e-01
1.034079991457420994e-01
1.034079991457420994e-01
1.034079991457420994e-01
1.034079991457420994e-01
1.034079991457420994e-01
1.034079991457420994e-01
1.034079991457420994e-01
1.034079991457420994e-01
1.034079991457420994e-01
1.034079991457420994e-01
1.034079991457420994e-01
1.034079991457420994e-01
1.034079991457420994e-01
1.034079991457420994e-01
1.034079991457420994e-01
1.034079991457420994e-01
1.034079991457420994e-01
1.034079991457420994e-01
1.034079991457420994e-01
1.034079991457420994e-01
1.034079991457420994e-01
1.034079991457420994e-01
1.034079991457420994e-01
1.034079991457420994e-01
1.034079991457420994e-01
1.034079991457420994e-01
1.034079991457420994e-01
1.034079991457420994e-01
1.034079991457420994e-01
1.034079991457420994e-01
1.034079991457420994e-01
1.034079991457420994e-01
1.034079991457420994e-01
1.034079991457420994e-01
1.034079991457420994e-01
1.034079991457420994e-01
1.034079991457420994e-01
1.034079991457420994e-01
1.034079991457420994e-01
1.034079991457420994e-01
1.034079991457420994e-01
1.034079991457420994e-01
1.034079991457420994e-01
1.034079991457420994e-01
1.034079991457420994e-01
1.034079991457420994e-01
1.034079991457420994e-01
1.034079991457420994e-01
