0.000000000000000000e+00
0.000000000000000000e+00
0.000000000000000000e+00
0.000000000000000000e+00
0.000000000000000000e+00
0.000000000000000000e+00
0.000000000000000000e+00
0.000000000000000000e+00
0.000000000000000000e+00
0.000000000000000000e+00
0.000000000000000000e+00
0.000000000000000000e+00
0.000000000000000000e+00
0.000000000000000000e+00
0.000000000000000000e+00
0.000000000000000000e+00
0.000000000000000000e+00
0.000000000000000000e+00
0.000000000000000000e+00
0.000000000000000000e+00
0.000000000000000000e+00
7.021903549710800871e+04
5.877000960550782474e+04
5.013271808432816761e+04
4.344710302645435149e+04
3.815912218979059253e+04
3.389876690671507822e+04
3.041125413966430642e+04
2.751646588468553455e+04
2.508412173546653503e+04
2.301807798001102128e+04
2.124611102301442224e+04
1.971310004115178890e+04
1.837637496863592241e+04
1.720247785412594749e+04
1.616486715793792973e+04
1.524226366862408031e+04
1.441744088436066522e+04
1.367632834297121553e+04
1.300733860908125826e+04
1.240085630754680460e+04
1.184884605556926908e+04
1.134454865906420491e+04
1.088224354527112519e+04
1.045706140435960879e+04
1.006483525019866829e+04
9.701981138267476126e+03
9.365401966207444275e+03
9.052409379376991637e+03
8.760659980820562851e+03
8.488102920621238809e+03
8.232936596518185979e+03
7.993572694548985965e+03
7.768606177201998435e+03
7.556790117333842318e+03
7.357014500889444207e+03
7.168288296373108096e+03
6.989724225969889631e+03
6.820525781082695175e+03
6.659976110489566054e+03
6.507428477364296668e+03
6.362298035865961538e+03
6.224054721812976823e+03
6.092217087363472274e+03
5.966346938368741576e+03
5.846044656504249360e+03
5.730945107472317432e+03
5.620714052345208984e+03
5.515044992134175118e+03
5.413656386451255457e+03
5.316289196091928716e+03
5.222704706840539075e+03
5.132682598054766459e+03
5.046019224835416935e+03
4.962526087009141520e+03
4.882028461885000070e+03
4.804364180908884919e+03
4.729382533025230259e+03
4.656943279843802884e+03
4.586915769661682134e+03
4.519178139063696108e+03
4.453616592258485980e+03
4.390124749542167592e+03
4.328603057345651905e+03
4.268958253240667545e+03
4.211102880076568908e+03
4.154954844110410704e+03
4.100437012594218686e+03
4.047476846806928734e+03
3.996006066975945487e+03
3.945960345933174722e+03
3.897279028701568222e+03
3.849904875515821004e+03
3.803783826052666882e+03
3.758864782885480054e+03
3.715099412388404744e+03
3.672441961504001938e+03
3.630849088953814316e+03
3.590279709619630921e+03
3.550694850956043865e+03
3.512057520413303337e+03
3.474332582956591978e+03
3.437486647865013765e+03
3.401487964081675273e+03
3.366306323468089431e+03
3.331912971390805069e+03
3.298280524140935540e+03
3.265382892753531451e+03
3.233195212860809534e+03
3.201693780279249495e+03
3.170855992096884165e+03
3.140660293096489568e+03
3.111086127425448012e+03
3.082113895502998730e+03
3.053724916246687826e+03
3.025901394803129278e+03
2.998626396086658133e+03
2.971883824570469642e+03
2.945658410941336570e+03
2.919935706428392677e+03
2.894702085859253657e+03
2.869944760789539941e+03
2.845651804411431840e+03
2.821812190386515795e+03
2.798415848289161204e+03
2.775453739013160884e+03
2.752917954316184023e+03
2.730801845696726105e+03
2.709100189054084240e+03
2.687809393146543698e+03
2.666927761799533982e+03
2.646455822222941606e+03
2.626396734789384027e+03
2.606756803348886478e+03
2.587546109791590425e+03
2.568779302351018941e+03
2.550476574344832898e+03
2.532664879047950762e+03
2.515379437629625500e+03
2.498665611134198571e+03
2.482581225061051555e+03
2.467199457109460127e+03
2.452612426237283216e+03
2.438935655788030090e+03
2.426313626894565004e+03
2.414926692996685233e+03
2.404999695067924222e+03
2.396812703804355351e+03
2.390714424417566534e+03
2.387138937998694018e+03
2.386626628702912512e+03
2.389850368677275583e+03
2.397648316386186707e+03
2.411065046867849105e+03
2.431403198690662521e+03
2.460288424777893852e+03
2.499751218014083406e+03
2.552330210719075694e+03
2.621202909219433423e+03
2.710351649622962668e+03
2.824775035816254331e+03
2.970758520461459284e+03
3.156222520298388645e+03
3.391173122409170446e+03
3.688289947163894340e+03
4.063699478362062564e+03
4.538002336793899303e+03
5.137653088276250855e+03
5.896837090657030785e+03
6.860060508303783536e+03
8.085784072858025866e+03
9.651618606254965925e+03
1.166191525819035451e+04
1.425912749027826430e+04
1.764129155599358273e+04
2.208976305226158001e+04
2.801479174987750230e+04
3.603346103487400978e+04
4.710930313420963648e+04
6.281647312873582268e+04
0.000000000000000000e+00
0.000000000000000000e+00
0.000000000000000000e+00
0.000000000000000000e+00
0.000000000000000000e+00
0.000000000000000000e+00
0.000000000000000000e+00
0.000000000000000000e+00
0.000000000000000000e+00
0.000000000000000000e+00
0.000000000000000000e+00
0.000000000000000000e+00
0.000000000000000000e+00
0.000000000000000000e+00
0.000000000000000000e+00
0.000000000000000000e+00
0.000000000000000000e+00
0.000000000000000000e+00
0.000000000000000000e+00
0.000000000000000000e+00
0.000000000000000000e+00
