0.000000000000000000e+00
0.000000000000000000e+00
0.000000000000000000e+00
0.000000000000000000e+00
0.000000000000000000e+00
0.000000000000000000e+00
0.000000000000000000e+00
0.000000000000000000e+00
0.000000000000000000e+00
0.000000000000000000e+00
0.000000000000000000e+00
0.000000000000000000e+00
0.000000000000000000e+00
0.000000000000000000e+00
0.000000000000000000e+00
0.000000000000000000e+00
0.000000000000000000e+00
0.000000000000000000e+00
0.000000000000000000e+00
0.000000000000000000e+00
0.000000000000000000e+00
0.000000000000000000e+00
0.000000000000000000e+00
0.000000000000000000e+00
0.000000000000000000e+00
0.000000000000000000e+00
0.000000000000000000e+00
0.000000000000000000e+00
0.000000000000000000e+00
0.000000000000000000e+00
0.000000000000000000e+00
0.000000000000000000e+00
0.000000000000000000e+00
0.000000000000000000e+00
0.000000000000000000e+00
0.000000000000000000e+00
0.000000000000000000e+00
0.000000000000000000e+00
0.000000000000000000e+00
0.000000000000000000e+00
0.000000000000000000e+00
0.000000000000000000e+00
0.000000000000000000e+00
0.000000000000000000e+00
0.000000000000000000e+00
0.000000000000000000e+00
0.000000000000000000e+00
0.000000000000000000e+00
0.000000000000000000e+00
0.000000000000000000e+00
0.000000000000000000e+00
0.000000000000000000e+00
0.000000000000000000e+00
0.000000000000000000e+00
0.000000000000000000e+00
0.000000000000000000e+00
0.000000000000000000e+00
0.000000000000000000e+00
0.000000000000000000e+00
0.000000000000000000e+00
0.000000000000000000e+00
0.000000000000000000e+00
0.000000000000000000e+00
0.000000000000000000e+00
0.000000000000000000e+00
0.000000000000000000e+00
0.000000000000000000e+00
0.000000000000000000e+00
0.000000000000000000e+00
0.000000000000000000e+00
0.000000000000000000e+00
0.000000000000000000e+00
0.000000000000000000e+00
0.000000000000000000e+00
0.000000000000000000e+00
0.000000000000000000e+00
0.000000000000000000e+00
0.000000000000000000e+00
0.000000000000000000e+00
0.000000000000000000e+00
0.000000000000000000e+00
0.000000000000000000e+00
0.000000000000000000e+00
0.000000000000000000e+00
0.000000000000000000e+00
0.000000000000000000e+00
0.000000000000000000e+00
0.000000000000000000e+00
0.000000000000000000e+00
0.000000000000000000e+00
0.000000000000000000e+00
0.000000000000000000e+00
0.000000000000000000e+00
0.000000000000000000e+00
0.000000000000000000e+00
0.000000000000000000e+00
0.000000000000000000e+00
0.000000000000000000e+00
0.000000000000000000e+00
0.000000000000000000e+00
0.000000000000000000e+00
2.469193785774642137e-03
4.766159360031246850e-03
6.908260631164633847e-03
8.910368542138650053e-03
1.078532147276549391e-02
1.254428357528248467e-02
1.419702708678680439e-02
1.575215722081268338e-02
1.721729313414300383e-02
1.859921490058585522e-02
1.990398389617406560e-02
2.113704218246610297e-02
2.230329514982388323e-02
2.340718070521240202e-02
2.445272755990920283e-02
2.544360462279199320e-02
2.638316308637917232e-02
2.727447247129599281e-02
2.812035164574117757e-02
2.892339564198383867e-02
2.968599893883870633e-02
3.041037575776033355e-02
3.109857782342615590e-02
3.175250996199526637e-02
3.237394384749801152e-02
3.296453015586587459e-02
3.352580934451688394e-02
3.405922124127917783e-02
3.456611359828856700e-02
3.504774974318106140e-02
3.550531544050054833e-02
3.593992506003289983e-02
3.635262713517960209e-02
3.674440938303317333e-02
3.711620324813730276e-02
3.746888802370564736e-02
3.780329459708647866e-02
3.812020886029427597e-02
3.842037482132025505e-02
3.870449744754448501e-02
3.897324526878982037e-02
3.922725276429189778e-02
3.946712255502737854e-02
3.969342742038640959e-02
3.990671215603354416e-02
4.010749528793427360e-02
4.029627065588982371e-02
4.047350887849036211e-02
4.063965871013749953e-02
4.079514829967902795e-02
4.094038635921996849e-02
4.107576325080999208e-02
4.120165199794086075e-02
4.131840922810800509e-02
4.142637605208581569e-02
4.152587888502901753e-02
4.161723021403040956e-02
4.170072931633857227e-02
4.177666293205341969e-02
4.184530589477448298e-02
4.190692172336678289e-02
4.196176317773231412e-02
4.201007278122422667e-02
4.205208331211592737e-02
4.208801826633292581e-02
4.211809229347219380e-02
4.214251160796599061e-02
4.216147437709702461e-02
4.217517108743419618e-02
4.218378489113384922e-02
4.218749193343800108e-02
4.218646166259797103e-02
4.218085712335783999e-02
4.217083523504593784e-02
4.215654705524469331e-02
4.213813802993676000e-02
4.211574823096020381e-02
4.208951258154505076e-02
4.205956107064821869e-02
4.202601895675325133e-02
4.198900696175462965e-02
4.194864145550352558e-02
4.190503463155240832e-02
4.185829467459933895e-02
4.180852592009957902e-02
4.175582900648062978e-02
4.170030102036890313e-02
4.164203563520863655e-02
4.158112324363055778e-02
4.151765108390390036e-02
4.145170336078504714e-02
4.138336136105580376e-02
4.131270356402750449e-02
4.123980574726958392e-02
4.116474108780385915e-02
4.108758025899524047e-02
4.100839152335183230e-02
4.092724082143774089e-02
4.084419185708844380e-02
4.075930617910841075e-02
4.067264325962008376e-02
4.058426056922384562e-02
4.049421364911977989e-02
4.040255618033341406e-02
4.030934005017994953e-02
4.021461541609425844e-02
4.011843076694689147e-02
4.002083298195981131e-02
3.992186738732999424e-02
3.982157781066267277e-02
3.972000663331152343e-02
3.961719484071702518e-02
3.951318207083077960e-02
3.940800666070796987e-02
3.930170569134683323e-02
3.919431503084962881e-02
3.908586937597630095e-02
3.897640229215775659e-02
3.886594625203342035e-02
3.875453267257420592e-02
3.864219195084855202e-02
3.852895349848750595e-02
3.841484577490118790e-02
3.829989631929735239e-02
3.818413178154977938e-02
3.806757795196232669e-02
3.795025978997241395e-02
3.783220145183560645e-02
3.771342631733144019e-02
3.759395701552779162e-02
3.747381544964113048e-02
3.735302282102673233e-02
3.723159965233253238e-02
3.710956580984810932e-02
3.698694052507964236e-02
3.686374241557969361e-02
3.673998950505981409e-02
3.661569924281275756e-02
3.649088852247001774e-02
3.636557370011882923e-02
3.623977061180287673e-02
3.611349459042862559e-02
3.598676048209925593e-02
3.585958266189696181e-02
3.573197504913342565e-02
3.560395112208772361e-02
3.547552393225005679e-02
3.534670611808882895e-02
3.521750991835811972e-02
3.508794718496197063e-02
3.495802939539072174e-02
3.482776766474498381e-02
3.469717275736132478e-02
3.456625509805381913e-02
3.443502478298460234e-02
3.430349159017664906e-02
3.417166498968083471e-02
3.403955415340943064e-02
3.390716796464734312e-02
3.377451502725239973e-02
3.364160367455494571e-02
3.350844197796760959e-02
3.337503775531412004e-02
3.324139857888753352e-02
3.310753178324760820e-02
3.297344447276419344e-02
3.283914352891699473e-02
3.270463561735886121e-02
3.256992719475124837e-02
3.243502451537899622e-02
3.229993363755178509e-02
3.216466042979993639e-02
3.202921057687056761e-02
3.189358958553136641e-02
3.175780279018788205e-02
3.162185535832125194e-02
3.148575229575125561e-02
3.134949845173125998e-02
3.121309852388012493e-02
3.107655706295693251e-02
3.093987847748298076e-02
3.080306703821661385e-02
3.066612688248541302e-02
3.052906201838059483e-02
3.039187632881788781e-02
3.025457357546937689e-02
3.011715740257047205e-02
2.997963134060602913e-02
2.984199880987959200e-02
2.970426312396945434e-02
2.956642749307527088e-02
2.942849502725874283e-02
2.929046873958170843e-02
2.915235154914507312e-02
2.901414628403166038e-02
2.887585568415614035e-02
2.873748240402498183e-02
2.859902901540932463e-02
2.846049800993353390e-02
2.832189180158219827e-02
2.818321272912812508e-02
2.804446305848391080e-02
2.790564498497916102e-02
2.776676063556685406e-02
2.762781207095944824e-02
2.748880128769827513e-02
2.734973022015778354e-02
2.721060074248685470e-02
2.707141467048916617e-02
2.693217376344448841e-02
2.679287972587282227e-02
2.665353420924322647e-02
2.651413881362902139e-02
2.637469508931113843e-02
2.623520453833114857e-02
2.609566861599575682e-02
2.595608873233399769e-02
2.581646625350899477e-02
2.567680250318531837e-02
2.553709876385370364e-02
2.539735627811424284e-02
2.525757624991946393e-02
2.511775984577850271e-02
2.497790819592366623e-02
2.483802239544040391e-02
2.469810350536224414e-02
2.455815255373119260e-02
2.441817053662515002e-02
2.427815841915325484e-02
2.413811713642011886e-02
2.399804759445992031e-02
2.385795067114142298e-02
2.371782721704460140e-02
2.357767805631006894e-02
2.343750398746191621e-02
2.329730578420486156e-02
2.315708419619657080e-02
2.301683994979591974e-02
2.287657374878784150e-02
2.273628627508566744e-02
2.259597818941147529e-02
2.245565013195530146e-02
2.231530272301378987e-02
2.217493656360890533e-02
2.203455223608741242e-02
2.189415030470167126e-02
2.175373131617227077e-02
2.161329580023332864e-02
2.147284427016034336e-02
2.133237722328238870e-02
2.119189514147757150e-02
2.105139849165354668e-02
2.091088772621284980e-02
2.077036328350383848e-02
2.062982558825755125e-02
2.048927505201100785e-02
2.034871207351729439e-02
2.020813703914293297e-02
2.006755032325283072e-02
1.992695228858328005e-02
1.978634328660338823e-02
1.964572365786516547e-02
1.950509373234280558e-02
1.936445382976141605e-02
1.922380425991544392e-02
1.908314532297728308e-02
1.894247730979625385e-02
1.880180050218818733e-02
1.866111517321621116e-02
1.852042158746262240e-02
1.837972000129237116e-02
1.823901066310835636e-02
1.809829381359878003e-02
1.795756968597678541e-02
1.781683850621267745e-02
1.767610049325891997e-02
1.753535585926812787e-02
1.739460480980418652e-02
1.725384754404711563e-02
1.711308425499116076e-02
1.697231512963701117e-02
1.683154034917792516e-02
1.669076008918008586e-02
1.654997451975741968e-02
1.640918380574082902e-02
1.626838810684234221e-02
1.612758757781406968e-02
1.598678236860214680e-02
1.584597262449607621e-02
1.570515848627331706e-02
1.556434009033932919e-02
1.542351756886336557e-02
1.528269104991000771e-02
1.514186065756661578e-02
1.500102651206676636e-02
1.486018872990999169e-02
1.471934742397763320e-02
1.457850270364519432e-02
1.443765467489118229e-02
1.429680344040254285e-02
1.415594909967685978e-02
1.401509174912134864e-02
1.387423148214877652e-02
1.373336838927041725e-02
1.359250255818609393e-02
1.345163407387143725e-02
1.331076301866243941e-02
1.316988947233735212e-02
1.302901351219607796e-02
1.288813521313706550e-02
1.274725464773181563e-02
1.260637188629709464e-02
1.246548699696485574e-02
1.232460004575008754e-02
1.218371109661631722e-02
1.204282021153944490e-02
1.190192745056928812e-02
1.176103287188934310e-02
1.162013653187461866e-02
1.147923848514774067e-02
1.133833878463327838e-02
1.119743748161038631e-02
1.105653462576380169e-02
1.091563026523326846e-02
1.077472444666139825e-02
1.063381721524007603e-02
1.049290861475539634e-02
1.035199868763119965e-02
1.021108747497126087e-02
1.007017501660017848e-02
9.929261351102957461e-03
9.788346515863362296e-03
9.647430547101144144e-03
9.506513479907994710e-03
9.365595348282457558e-03
9.224676185163711850e-03
9.083756022464341273e-03
8.942834891102055192e-03
8.801912821030393255e-03
8.660989841268531414e-03
8.520065979930092209e-03
8.379141264251111984e-03
8.238215720617086957e-03
8.097289374589205710e-03
7.956362250929749011e-03
7.815434373626651762e-03
7.674505765917389276e-03
7.533576450312041289e-03
7.392646448615628266e-03
7.251715781949787630e-03
7.110784470773736168e-03
6.969852534904587109e-03
6.828919993537024488e-03
6.687986865262353017e-03
6.547053168086947733e-03
6.406118919450130324e-03
6.265184136241455648e-03
6.124248834817483042e-03
5.983313031017975167e-03
5.842376740181620676e-03
5.701439977161228655e-03
5.560502756338449488e-03
5.419565091638029082e-03
5.278626996541590372e-03
5.137688484100999368e-03
4.996749566951268033e-03
4.855810257323059896e-03
4.714870567054789754e-03
4.573930507604329586e-03
4.432990090060324150e-03
4.292049325153150970e-03
4.151108223265516893e-03
4.010166794442696428e-03
3.869225048402437882e-03
3.728282994544547275e-03
3.587340641960141789e-03
3.446397999440600074e-03
3.305455075486204205e-03
3.164511878314494979e-03
3.023568415868337078e-03
2.882624695823711013e-03
2.741680725597231416e-03
2.600736512353401218e-03
2.459792063011627741e-03
2.318847384252965133e-03
2.177902482526630421e-03
2.036957364056280178e-03
1.896012034846055816e-03
1.755066500686413124e-03
1.614120767159720870e-03
1.473174839645658395e-03
1.332228723326398315e-03
1.191282423191588648e-03
1.050335944043138264e-03
9.093892904998071829e-04
7.684424670016081057e-04
6.274954778140238564e-04
4.865483270320424556e-04
3.456010185840149287e-04
2.046535562353406722e-04
6.370594359198040384e-05
-7.724181589619675615e-05
-2.181897189322312192e-04
-3.591377623690522060e-04
-5.000859432066157234e-04
-6.410342585891981929e-04
-7.819827058028467996e-04
-9.229312822729776600e-04
-1.063879985562125614e-03
-1.204828813367852256e-03
-1.345777763520770954e-03
-1.486726833982750760e-03
-1.627676022845250424e-03
-1.768625328327790317e-03
-1.909574748776568130e-03
-2.050524282663220704e-03
-2.191473928583719238e-03
-2.332423685257409545e-03
-2.473373551526186331e-03
-2.614323526353806888e-03
-2.755273608825348133e-03
-2.896223798146798506e-03
-3.037174093644788228e-03
-3.178124494766467432e-03
-3.319075001079511804e-03
-3.460025612272276101e-03
-3.600976328154092531e-03
-3.741927148655710498e-03
-3.882878073829871667e-03
-4.023829103852053293e-03
-4.164780239021319101e-03
-4.305731479761368795e-03
-4.446682826621715934e-03
-4.587634280278996349e-03
-4.728585841538473881e-03
-4.869537511335678831e-03
-5.010489290738210331e-03
-5.151441180947729549e-03
-5.292393183302056964e-03
-5.433345299277518581e-03
-5.574297530491419649e-03
-5.715249878704691845e-03
-5.856202345824769451e-03
-5.997154933908592153e-03
-6.138107645165848114e-03
-6.279060481962380098e-03
-6.420013446823814515e-03
-6.560966542439383882e-03
-6.701919771665979138e-03
-6.842873137532393644e-03
-6.983826643243829999e-03
-7.124780292186552559e-03
-7.265734087932917279e-03
-7.406688034246527302e-03
-7.547642135087686936e-03
-7.688596394619106288e-03
-7.829550817211884325e-03
-7.970505407451750415e-03
-8.111460170145625911e-03
-8.252415110328439884e-03
-8.393370233270254499e-03
-8.534325544483722589e-03
-8.675281049731873098e-03
-8.816236755036220910e-03
-8.957192666685213217e-03
-9.098148791243059266e-03
-9.239105135558891430e-03
-9.380061706776370370e-03
-9.521018512343612863e-03
-9.661975560023608814e-03
-9.802932857904993885e-03
-9.943890414413307857e-03
-1.008484823832269187e-02
-1.022580633876804534e-02
-1.036676472525770339e-02
-1.050772340768659115e-02
-1.064868239634989867e-02
-1.078964170195738370e-02
-1.093060133564801965e-02
-1.107156130900548326e-02
-1.121252163407417818e-02
-1.135348232337573399e-02
-1.149444338992632389e-02
-1.163540484725458964e-02
-1.177636670942025336e-02
-1.191732899103348925e-02
-1.205829170727501162e-02
-1.219925487391694367e-02
-1.234021850734452579e-02
-1.248118262457861664e-02
-1.262214724329909117e-02
-1.276311238186911626e-02
-1.290407805936037364e-02
-1.304504429557925248e-02
-1.318601111109402209e-02
-1.332697852726306802e-02
-1.346794656626419673e-02
-1.360891525112505746e-02
-1.374988460575476447e-02
-1.389085465497659662e-02
-1.403182542456211761e-02
-1.417279694126649323e-02
-1.431376923286515994e-02
-1.445474232819188645e-02
-1.459571625717831674e-02
-1.473669105089496500e-02
-1.487766674159381186e-02
-1.501864336275247902e-02
-1.515962094912011102e-02
-1.530059953676497254e-02
-1.544157916312385338e-02
-1.558255986705335897e-02
-1.572354168888313170e-02
-1.586452467047104811e-02
-1.600550885526065212e-02
-1.614649428834057793e-02
-1.628748101650617786e-02
-1.642846908832380770e-02
-1.656945855419724584e-02
-1.671044946643672480e-02
-1.685144187933051291e-02
-1.699243584921928535e-02
-1.713343143457324649e-02
-1.727442869607219433e-02
-1.741542769668858598e-02
-1.755642850177378811e-02
-1.769743117914753666e-02
-1.783843579919068556e-02
-1.797944243494169897e-02
-1.812045116219657137e-02
-1.826146205961261260e-02
-1.840247520881613946e-02
-1.854349069451414686e-02
-1.868450860461037116e-02
-1.882552903032554820e-02
-1.896655206632234109e-02
-1.910757781083488246e-02
-1.924860636580331616e-02
-1.938963783701330018e-02
-1.953067233424081450e-02
-1.967170997140247485e-02
-1.981275086671149127e-02
-1.995379514283942071e-02
-2.009484292708420619e-02
-2.023589435154441243e-02
-2.037694955330010549e-02
-2.051800867460020633e-02
-2.065907186305770971e-02
-2.080013927185155737e-02
-2.094121105993634185e-02
-2.108228739225991022e-02
-2.122336843998928399e-02
-2.136445438074491623e-02
-2.150554539884394489e-02
-2.164664168555251872e-02
-2.178774343934769542e-02
-2.192885086618921731e-02
-2.206996417980150102e-02
-2.221108360196631659e-02
-2.235220936282640916e-02
-2.249334170120073639e-02
-2.263448086491146038e-02
-2.277562711112335672e-02
-2.291678070669591477e-02
-2.305794192854889249e-02
-2.319911106404152698e-02
-2.334028841136610855e-02
-2.348147427995640746e-02
-2.362266899091150854e-02
-2.376387287743560173e-02
-2.390508628529443985e-02
-2.404630957328888347e-02
-2.418754311374660473e-02
-2.432878729303198512e-02
-2.447004251207554604e-02
-2.461130918692321437e-02
-2.475258774930639075e-02
-2.489387864723347638e-02
-2.503518234560383679e-02
-2.517649932684477496e-02
-2.531783009157276970e-02
-2.545917515927953109e-02
-2.560053506904401421e-02
-2.574191038027136280e-02
-2.588330167345969171e-02
-2.602470955099583580e-02
-2.616613463798126912e-02
-2.630757758308911731e-02
-2.644903905945359887e-02
-2.659051976559306807e-02
-2.673202042636797088e-02
-2.687354179397494214e-02
-2.701508464897862949e-02
-2.715664980138227450e-02
-2.729823809173894528e-02
-2.743985039230498885e-02
-2.758148760823671275e-02
-2.772315067883250952e-02
-2.786484057882204768e-02
-2.800655831970416676e-02
-2.814830495113538125e-02
-2.829008156237103680e-02
-2.843188928376088470e-02
-2.857372928830144779e-02
-2.871560279324701648e-02
-2.885751106178178690e-02
-2.899945540475527828e-02
-2.914143718248354484e-02
-2.928345780661859021e-02
-2.942551874208875623e-02
-2.956762150911261544e-02
-2.970976768528923659e-02
-2.985195890776780325e-02
-2.999419687549947922e-02
-3.013648335157471936e-02
-3.027882016564958575e-02
-3.042120921646379594e-02
-3.056365247445470140e-02
-3.070615198447048874e-02
-3.084870986858659000e-02
-3.099132832902909418e-02
-3.113400965120937530e-02
-3.127675620687419417e-02
-3.141957045737572146e-02
-3.156245495706604814e-02
-3.170541235682101250e-02
-3.184844540769818377e-02
-3.199155696473451882e-02
-3.213474999088880568e-02
-3.227802756113436894e-02
-3.242139286670804588e-02
-3.256484921952183809e-02
-3.270840005674257450e-02
-3.285204894554701049e-02
-3.299579958805845536e-02
-3.313965582647312308e-02
-3.328362164838202797e-02
-3.342770119229716147e-02
-3.357189875338943696e-02
-3.371621878944683348e-02
-3.386066592706129391e-02
-3.400524496805348157e-02
-3.414996089614432545e-02
-3.429481888388333927e-02
-3.443982429984382421e-02
-3.458498271609528052e-02
-3.473029991596408850e-02
-3.487578190209368600e-02
-3.502143490481626764e-02
-3.516726539084821107e-02
-3.531328007232215072e-02
-3.545948591616895212e-02
-3.560589015386372153e-02
-3.575250029155013776e-02
-3.589932412055855948e-02
-3.604636972833319408e-02
-3.619364550978527301e-02
-3.634116017908909507e-02
-3.648892278193878458e-02
-3.663694270828445065e-02
-3.678522970556736410e-02
-3.693379389247401778e-02
-3.708264577323058114e-02
-3.723179625245968960e-02
-3.738125665062254355e-02
-3.753103872007050590e-02
-3.768115466173123373e-02
-3.783161714245555918e-02
-3.798243931305259058e-02
-3.813363482704161533e-02
-3.828521786015077338e-02
-3.843720313059354604e-02
-3.858960592015651253e-02
-3.874244209613154910e-02
-3.889572813412903868e-02
-3.904948114180920027e-02
-3.920371888357097878e-02
-3.935845980623928902e-02
-3.951372306579387095e-02
-3.966952855518458138e-02
-3.982589693328061897e-02
-3.998284965500285837e-02
-4.014040900269141149e-02
-4.029859811876270598e-02
-4.045744103971374295e-02
-4.061696273153252851e-02
-4.077718912657866263e-02
-4.093814716199959541e-02
-4.109986481975260592e-02
-4.126237116830511198e-02
-4.142569640609072151e-02
-4.158987190680139140e-02
-4.175493026660136858e-02
-4.192090535335223078e-02
-4.208783235794380517e-02
-4.225574784783033000e-02
-4.242468982287699725e-02
-4.259469777362766968e-02
-4.276581274211063016e-02
-4.293807738530594498e-02
-4.311153604140495477e-02
-4.328623479899969262e-02
-4.346222156934805014e-02
-4.363954616186927621e-02
-4.381826036303319155e-02
-4.399841801881607117e-02
-4.418007512090652705e-02
-4.436328989685707491e-02
-4.454812290438622119e-02
-4.473463713005215725e-02
-4.492289809253003502e-02
-4.511297395074038291e-02
-4.530493561709317968e-02
-4.549885687612749419e-02
-4.569481450884560481e-02
-4.589288842306050997e-02
-4.609316179009646103e-02
-4.629572118820542148e-02
-4.650065675308696217e-02
-4.670806233592588591e-02
-4.691803566939084513e-02
-4.713067854206857976e-02
-4.734609698184191057e-02
-4.756440144875712789e-02
-4.778570703796547470e-02
-4.801013369336754738e-02
-4.823780643263565759e-02
-4.846885558434162189e-02
-4.870341703797184674e-02
-4.894163250767380458e-02
-4.918364981064347191e-02
-4.942962316113628379e-02
-4.967971348116345665e-02
-4.993408872902226070e-02
-5.019292424690424692e-02
-5.045640312892940571e-02
-5.072471661106978114e-02
-5.099806448455136004e-02
-5.127665553446207614e-02
-5.156070800544765298e-02
-5.185045009654452863e-02
-5.214612048738716255e-02
-5.244796889823261782e-02
-5.275625668647458688e-02
-5.307125748257288111e-02
-5.339325786860646406e-02
-5.372255810297136419e-02
-5.405947289509661219e-02
-5.440433223443808669e-02
-5.475748227844990518e-02
-5.511928630471926716e-02
-5.549012573299905854e-02
-5.587040122348732596e-02
-5.626053385839552279e-02
-5.666096641462720768e-02
-5.707216473627056003e-02
-5.749461921660523056e-02
-5.792884640045497385e-02
-5.837539071900223892e-02
-5.883482637064361281e-02
-5.930775936313386482e-02
-5.979482973417615116e-02
-6.029671396980219866e-02
-6.081412764240249486e-02
-6.134782829316176578e-02
-6.189861858700052705e-02
-6.246734977199731864e-02
-6.305492547976532247e-02
-6.366230590849659976e-02
-6.429051243650829583e-02
-6.494063272129860231e-02
-6.561382634755333343e-02
-6.631133109749304255e-02
-6.703446992872910681e-02
-6.778465875879383096e-02
-6.856341517220410076e-02
-6.937236818591543952e-02
-7.021326923307338874e-02
-7.108800455402615459e-02
-7.199860921882683673e-02
-7.294728304846699596e-02
-7.393640875481138908e-02
-7.496857268419458709e-02
-7.604658863020087589e-02
-7.717352528160942304e-02
-7.835273799755938795e-02
-7.958790576127483529e-02
-8.088307436636672787e-02
-8.224270714958657746e-02
-8.367174491976665796e-02
-8.517567717052206000e-02
-8.676062724034730445e-02
-8.843345484914534593e-02
-9.020188046804634985e-02
-9.207463737538286452e-02
-9.406165917131398269e-02
-9.617431319869007567e-02
-9.842569410021156928e-02
-1.008309971756569112e-01
-1.034079991457420994e-01
-1.034079991457420994e-01
-1.034079991457420994e-01
-1.034079991457420994e-01
-1.034079991457420994e-01
-1.034079991457420994e-01
-1.034079991457420994e-01
-1.034079991457420994e-01
-1.034079991457420994e-01
-1.034079991457420994e-01
-1.034079991457420994e-01
-1.034079991457420994e-01
-1.034079991457420994e-01
-1.034079991457420994e-01
-1.034079991457420994e-01
-1.034079991457420994e-01
-1.034079991457420994e-01
-1.034079991457420994e-01
-1.034079991457420994e-01
-1.034079991457420994e-01
-1.034079991457420994e-01
-1.034079991457420994e-01
-1.034079991457420994e-01
-1.034079991457420994e-01
-1.034079991457420994e-01
-1.034079991457420994e-01
-1.034079991457420994e-01
-1.034079991457420994e-01
-1.034079991457420994e-01
-1.034079991457420994e-01
-1.034079991457420994e-01
-1.034079991457420994e-01
-1.034079991457420994e-01
-1.034079991457420994e-01
-1.034079991457420994e-01
-1.034079991457420994e-01
-1.034079991457420994e-01
-1.034079991457420994e-01
-1.034079991457420994e-01
-1.034079991457420994e-01
-1.034079991457420994e-01
-1.034079991457420994e-01
-1.034079991457420994e-01
-1.034079991457420994e-01
-1.034079991457420994e-01
-1.034079991457420994e-01
-1.034079991457420994e-01
-1.034079991457420994e-01
-1.034079991457420994e-01
-1.034079991457420994e-01
-1.034079991457420994e-01
-1.034079991457420994e-01
-1.034079991457420994e-01
-1.034079991457420994e-01
-1.034079991457420994e-01
-1.034079991457420994e-01
-1.034079991457420994e-01
-1.034079991457420994e-01
-1.034079991457420994e-01
-1.034079991457420994e-01
-1.034079991457420994e-01
-1.034079991457420994e-01
-1.034079991457420994e-01
-1.034079991457420994e-01
-1.034079991457420994e-01
-1.034079991457420994e-01
-1.034079991457420994e-01
-1.034079991457420994e-01
-1.034079991457420994e-01
-1.034079991457420994e-01
-1.034079991457420994e-01
-1.034079991457420994e-01
-1.034079991457420994e-01
-1.034079991457420994e-01
-1.034079991457420994e-01
-1.034079991457420994e-01
-1.034079991457420994e-01
-1.034079991457420994e-01
-1.034079991457420994e-01
-1.034079991457420994e-01
-1.034079991457420994e-01
-1.034079991457420994e-01
-1.034079991457420994e-01
-1.034079991457420994e-01
-1.034079991457420994e-01
-1.034079991457420994e-01
-1.034079991457420994e-01
-1.034079991457420994e-01
-1.034079991457420994e-01
-1.034079991457420994e-01
-1.034079991457420994e-01
-1.034079991457420994e-01
-1.034079991457420994e-01
-1.034079991457420994e-01
-1.034079991457420994e-01
-1.034079991457420994e-01
-1.034079991457420994e-01
-1.034079991457420994e-01
-1.034079991457420994e-01
-1.034079991457420994e-01
-1.034079991457420994e-01
