1	0.000000509336	0.00005	0.129319333333333	-2.12384583333333E-03	-1.32828695666667E-02	-1.11590237333333E-02	1.46566747619317E-03	36062053983.281	253673.217033433	0
1.0125	5.17136666666667E-07	0.00005	0.122556666666667	-0.0317807162	-0.0227234906	0.0090572256	-2.45202146605963E-04	36512829658.072	-41914.8968557202	0
1.025	5.26035333333333E-07	0.00005	0.116683	-6.06069665666667E-02	-0.0318240268	2.87829397666667E-02	3.85675808656396E-04	36963605332.8631	65123.4948950763	0
1.0375	5.34709666666667E-07	0.00005	0.111512333333333	-0.0738737923	-3.46175015333333E-02	3.92562907666667E-02	2.81019711891104E-04	37414381007.6541	46880.0260800729	0
1.05	0.000000544623	0.00005	0.106878	-7.10941393666667E-02	-0.0335454145	3.75487248666667E-02	2.93799205912706E-04	37865156682.4451	48428.4405350614	0
1.0625	0.000000555071	0.00005	0.102704	-6.85480978333333E-02	-3.25442744666667E-02	3.60038233666667E-02	3.06405951952415E-04	38315932357.2361	49912.2817660043	0
1.075	5.63213333333333E-07	0.00005	9.89222333333333E-02	-6.62056768666667E-02	-3.16072375666667E-02	0.0345984393	3.18852092489705E-04	38766708032.0271	51335.7572881457	0
1.0875	5.73945666666667E-07	0.00005	0.0954575	-6.40401927666667E-02	-0.0307287926	3.33114001666667E-02	3.31171495737215E-04	39217483706.8181	52706.338844119	0
1.1	5.80994333333333E-07	0.00005	9.22728666666667E-02	-6.20373548333333E-02	-2.99025033666667E-02	3.21348514666667E-02	3.43296592762157E-04	39668259381.6091	54015.1981618778	0
1.1125	5.89753333333333E-07	0.00005	8.93467666666667E-02	-0.0601701295	-2.91241655666667E-02	3.10459639333333E-02	3.55337178024234E-04	40119035056.4001	55281.4970132775	0
1.125	0.000000598728	0.00005	0.0866245	-0.0584286653	-2.83895037666667E-02	3.00391615333333E-02	3.67246765466397E-04	40569810731.1912	56499.5023794457	0
1.1375	6.10147666666667E-07	0.00005	8.40938333333333E-02	-5.68005368666667E-02	-0.0276962702	2.91042666666667E-02	3.79043547504436E-04	41020586405.9822	57673.5744300917	0
1.15	6.21506333333333E-07	0.00005	8.17403333333333E-02	-5.52777075666667E-02	-2.70420415333333E-02	2.82356660333333E-02	3.9070385770825E-04	41471362080.7732	58801.5839360243	0
1.1625	6.29810333333333E-07	0.00005	7.95298666666667E-02	-5.38436907666667E-02	-2.64213238666667E-02	0.0274223669	4.02291431484059E-04	41922137755.5642	59894.5059281477	0
1.175	6.41884333333333E-07	0.00005	7.74569666666667E-02	-0.0524903915	-2.58312574333333E-02	2.66591340666667E-02	4.13808734875886E-04	42372913430.3552	60953.8234678065	0
1.1875	6.50271666666667E-07	0.00005	7.55099333333333E-02	-5.12103317333333E-02	-0.0252693064	2.59410253333333E-02	4.25263912702923E-04	42823689105.1462	61981.7848473897	0
1.2	0.00000066067	0.00005	0.0736692	-5.00008055333333E-02	-2.47347049666667E-02	2.52661005666667E-02	4.36623836849004E-04	43274464779.9372	62974.5918532218	0
1.2125	6.70781666666667E-07	0.00005	7.19329333333333E-02	-4.88535866666667E-02	-0.0242254652	2.46281214666667E-02	4.47934338481997E-04	43725240454.7282	63939.8738515143	0
1.225	6.81410666666667E-07	0.00005	7.02942666666667E-02	-4.77660758333333E-02	-0.0237399109	2.40261649333333E-02	4.59156980023062E-04	44176016129.5193	64873.0427034154	0
1.2375	0.000000689657	0.00005	6.87352333333333E-02	-4.67330822666667E-02	-0.023275997	2.34570852666667E-02	4.70296331173985E-04	44626791804.3103	65775.7106537042	0
1.25	7.02726333333333E-07	0.00005	6.72522666666667E-02	-0.0457497943	-2.28323040666667E-02	2.29174902333333E-02	4.81369508986197E-04	45077567479.1013	66651.1627827042	0
1.2625	7.11923333333333E-07	0.00005	0.0658492	-4.48125512333333E-02	-2.24076163666667E-02	2.24049348666667E-02	4.92381751343167E-04	45528343153.8923	67500.9255459026	0
1.275	7.20662333333333E-07	0.00005	6.45033666666667E-02	-4.39153433666667E-02	-0.0220001303	2.19152130666667E-02	5.03384602939957E-04	45979118828.6833	68332.751530311	0
1.2875	0.000000731317	0.00005	6.32273666666667E-02	-4.30596467666667E-02	-2.16095840333333E-02	2.14500627333333E-02	5.14300625447752E-04	46429894503.4743	69136.7532342011	0
1.3	0.000000743391	0.00005	6.20025666666667E-02	-0.0422414216	-2.12345549666667E-02	2.10068666333333E-02	5.25151174136189E-04	46880670178.2653	69916.57643825	0
1.3125	0.000000753897	0.00005	6.08329666666667E-02	-0.0414582965	-0.0208749079	0.0205833886	5.35955515530529E-04	47331445853.0564	70675.4525974324	0
1.325	7.65600333333333E-07	0.00005	5.97176333333333E-02	-0.0407085953	-2.05298333333333E-02	2.01787619666667E-02	5.46702548933913E-04	47782221527.8474	71412.5245341831	0
1.3375	7.75478666666667E-07	0.00005	5.86420333333333E-02	-0.0399876096	-0.0201967919	0.0197908177	5.57419144217121E-04	48232997202.6384	72131.8806319783	0
1.35	7.83998666666667E-07	0.00005	5.76144666666667E-02	-3.92961346666667E-02	-1.98763156333333E-02	1.94198190333333E-02	5.68068151820271E-04	48683772877.4294	72829.2502333681	0
1.3625	0.000000796	0.00005	5.66273666666667E-02	-3.86305495666667E-02	-0.0195669646	1.90635849666667E-02	5.78683436238389E-04	49134548552.2204	73509.5402419972	0
1.375	8.06696333333333E-07	0.00005	0.055676	-3.79917595333333E-02	-1.92694228666667E-02	1.87223366666667E-02	5.89230980857074E-04	49585324227.0114	74168.934653338	0
1.3875	8.18037666666667E-07	0.00005	0.054761	-3.73767530666667E-02	-1.89824758333333E-02	1.83942772333333E-02	5.99739846400319E-04	50036099901.8024	74811.623251599	0
1.4	8.28731666666667E-07	0.00005	5.38842333333333E-02	-0.0367839431	-1.87049527666667E-02	1.80789903333333E-02	6.10198956241722E-04	50486875576.5934	75436.6841507624	0
1.4125	0.000000840632	0.00005	0.0530366	-3.62117110333333E-02	-1.84367482333333E-02	0.0177749628	6.2063592791309E-04	50937651251.3845	76047.9693834963	0
1.425	0.0000008513	0.00005	5.22157333333333E-02	-0.0356596844	-1.81777791666667E-02	1.74819052333333E-02	6.31039942928045E-04	51388426926.1755	76644.527481139	0
1.4375	8.61752666666667E-07	0.00005	5.14304333333333E-02	-3.51271582333333E-02	-1.79276210333333E-02	0.0171995372	6.41399853694051E-04	51839202600.9665	77225.4004447687	0
1.45	0.000000873453	0.00005	5.06689333333333E-02	-3.46124208333333E-02	-1.76855991333333E-02	0.0169268217	6.51733735554076E-04	52289978275.7575	77793.1514587093	0
1.4625	8.85485333333333E-07	0.00005	4.99331666666667E-02	-3.41146233333333E-02	-1.74513485666667E-02	1.66632747666667E-02	6.62041562759126E-04	52740753950.5485	78348.1139359912	0
1.475	8.97921333333333E-07	0.00005	4.92203666666667E-02	-3.36333814666667E-02	-0.0172246321	1.64087493666667E-02	6.72310852828774E-04	53191529625.3395	78889.1483110687	0
1.4875	9.09978333333333E-07	0.00005	4.85324333333333E-02	-3.31672906666667E-02	-0.0170045332	1.61627574666667E-02	6.82543210387517E-04	53642305300.1305	79416.7924174228	0
1.5	9.19018333333333E-07	0.00005	4.78639333333333E-02	-3.27163280666667E-02	-0.0167908171	1.59255109666667E-02	6.92711238471932E-04	54093080974.9215	79928.2198236845	0
1.5125	9.33694666666667E-07	0.00005	4.72208333333333E-02	-0.032279184	-0.0165836429	0.0156955411	7.02860797906645E-04	54543856649.7126	80429.0804978997	0
1.525	0.000000944077	0.00005	0.0465917	-0.0318562476	-1.63825960666667E-02	1.54736515333333E-02	7.12939702415824E-04	54994632324.5036	80913.7114973823	0
1.5375	0.000000955057	0.00005	0.0459854	-3.14452549666667E-02	-1.61875028666667E-02	0.0152577521	7.23027897474594E-04	55445407999.2946	81391.5081584909	0
1.55	9.66948333333333E-07	0.00005	0.0453979	-3.10465651666667E-02	-0.0159978162	1.50487489666667E-02	7.33069594408352E-04	55896183674.0856	81856.4063235132	0
1.5625	9.76609333333333E-07	0.00005	4.48237666666667E-02	-0.0306580754	-0.0158130812	0.0148449942	7.43131327254226E-04	56346959348.8766	82316.0854804682	0
1.575	9.90565666666667E-07	0.00005	0.04427	-0.0302811556	-1.56339278333333E-02	1.46472277666667E-02	7.53165074013357E-04	56797735023.6676	82765.3927487206	0
1.5875	0.00000100181	0.00005	4.37290333333333E-02	-2.99150069333333E-02	-1.54590486333333E-02	0.0144559583	7.63130346513424E-04	57248510698.4586	83200.1589172722	0
1.6	0.000001013	0.00005	4.32047666666667E-02	-2.95593807333333E-02	-1.52893283333333E-02	0.0142700524	7.73072176648034E-04	57699286373.2497	83625.5960316383	0
1.6125	0.00000102766	0.00005	4.26950333333333E-02	-0.0292136628	-1.51242670666667E-02	1.40893957333333E-02	7.8298463788677E-04	58150062048.0407	84041.2849252347	0
1.625	1.03971666666667E-06	0.00005	4.21998666666667E-02	-2.88775410333333E-02	-1.49639011666667E-02	1.39136398666667E-02	7.92875229724101E-04	58600837722.8317	84448.2493197267	0
1.6375	0.00000105176	0.00005	4.17168333333333E-02	-0.0285505008	-0.0148076884	0.0137428124	8.02730915257295E-04	59051613397.6227	84845.3110665374	0
1.65	1.06446333333333E-06	0.00005	4.12457666666667E-02	-2.82317359333333E-02	-0.0146549243	1.35768116333333E-02	8.12545741585666E-04	59502389072.4137	85232.0707956993	0
1.6625	1.07598333333333E-06	0.00005	0.040788	-0.0279207615	-0.0145060877	0.0134146738	8.22366655269034E-04	59953164747.2047	85613.6483218196	0
1.675	1.08800666666667E-06	0.00005	0.040341	-0.0276179798	-1.43612140333333E-02	1.32567657666667E-02	8.32162280788322E-04	60403940421.9957	85986.9176474729	0
1.6875	0.00000109957	0.00005	0.0399056	-2.73230246333333E-02	-1.42202380333333E-02	0.0131027866	8.41941536606475E-04	60854716096.7868	86352.9781134847	0
1.7	1.11369333333333E-06	0.00005	3.94840666666667E-02	-2.70363429666667E-02	-1.40830195333333E-02	1.29533234333333E-02	8.51656362975859E-04	61305491771.5778	86707.0957780852	0
1.7125	1.12765333333333E-06	0.00005	3.90684666666667E-02	-0.0267556157	-1.39484730333333E-02	1.28071426666667E-02	8.61377172378682E-04	61756267446.3688	87056.6485278848	0
1.725	1.13994666666667E-06	0.00005	3.86622333333333E-02	-0.0264821778	-0.0138172161	0.0126649617	8.71047279596612E-04	62207043121.1598	87396.0481200614	0
1.7375	1.15255666666667E-06	0.00005	0.03827	-2.62147101666667E-02	-0.0136891437	1.25255664666667E-02	8.80741032074367E-04	62657818795.9508	87732.9196310935	0
1.75	1.16488333333333E-06	0.00005	3.78844666666667E-02	-2.59547683666667E-02	-0.0135643854	1.23903829666667E-02	8.90350226291878E-04	63108594470.7418	88056.6157871088	0
1.7625	0.00000117896	0.00005	3.75081666666667E-02	-0.0256996752	-1.34421585333333E-02	1.22575166666667E-02	9.00001247422894E-04	63559370145.5328	88379.8278975019	0
1.775	1.19188333333333E-06	0.00005	0.0371422	-0.0254508328	-1.33226606333333E-02	1.21281721666667E-02	9.09599574457943E-04	64010145820.3238	88693.3496221179	0
1.7875	1.20549333333333E-06	0.00005	3.67823333333333E-02	-2.52062781333333E-02	-0.0132054749	1.20008032333333E-02	9.19253489998685E-04	64460921495.1148	89007.8688540953	0
1.8	0.00000121935	0.00005	0.0364313	-0.024968875	-1.30916037333333E-02	1.18772712666667E-02	9.28814369569235E-04	64911697169.9059	89309.0739970418	0
1.8125	0.00000123436	0.00005	0.0360895	-2.47367959666667E-02	-1.29802370333333E-02	1.17565589333333E-02	9.38351115268032E-04	65362472844.6969	89603.8200255946	0
1.825	1.24397333333333E-06	0.00005	3.57543333333333E-02	-0.024510045	-1.28713722666667E-02	1.16386727333333E-02	9.47855517674952E-04	65813248519.4879	89891.4611072135	0
1.8375	1.26117333333333E-06	0.00005	3.54242333333333E-02	-2.42881527333333E-02	-1.27650062666667E-02	1.15231464666667E-02	9.57358320810572E-04	66264024194.2789	90175.0380669299	0
1.85	1.27326333333333E-06	0.00005	3.51031666666667E-02	-2.40711346333333E-02	-1.26610126333333E-02	0.011410122	9.6684155755677E-04	66714799869.0699	90452.952370176	0
1.8625	0.00000128928	0.00005	3.47894666666667E-02	-2.38586039333333E-02	-0.0125592222	1.12993817333333E-02	9.76317148169187E-04	67165575543.8609	90726.4257462332	0
1.875	1.30371666666667E-06	0.00005	3.44789333333333E-02	-2.36502218666667E-02	-1.24594827333333E-02	1.11907391333333E-02	9.85795485617626E-04	67616351218.6519	90996.5063647039	0
1.8875	1.31685333333333E-06	0.00005	3.41812666666667E-02	-2.34455322666667E-02	-0.0123611636	1.10843686666667E-02	9.95255625254332E-04	68067126893.443	91261.341082924	0
1.9	0.00000132917	0.00005	0.0338858	-0.0232451346	-1.22648320333333E-02	1.09803025666667E-02	1.00468817872293E-03	68517902568.234	91520.1782237488	0
1.9125	1.33998333333333E-06	0.00005	3.35946333333333E-02	-0.023049227	-0.0121707533	0.0108784737	1.01409264802841E-03	68968678243.025	91773.0903193132	0
1.925	1.35798333333333E-06	0.00005	3.33119666666667E-02	-2.28574795333333E-02	-1.20781639333333E-02	0.0107793156	1.02342121570895E-03	69419453917.816	92015.8935202851	0
1.9375	1.37089666666667E-06	0.00005	0.0330333	-0.0226694267	-1.19878099333333E-02	1.06816167666667E-02	1.03278188598558E-03	69870229592.607	92258.431502434	0
1.95	1.38311666666667E-06	0.00005	0.0327627	-2.24852240666667E-02	-1.18991089333333E-02	1.05861151333333E-02	1.0420990268424E-03	70321005267.398	92493.9964653015	0
1.9625	0.0000013989	0.00005	0.0324955	-0.0223044002	-1.18123946666667E-02	1.04920055333333E-02	1.05144629842226E-03	70771780942.189	92729.2178912335	0
1.975	1.41486666666667E-06	0.00005	3.22342333333333E-02	-0.0221275236	-1.17278904666667E-02	1.03996331333333E-02	1.06078552604751E-03	71222556616.9801	92960.7569077664	0
1.9875	1.42671333333333E-06	0.00005	3.19752333333333E-02	-2.19538676666667E-02	-0.01164446	1.03094076666667E-02	1.07006926505324E-03	71673332291.7711	93184.5513834458	0
2	1.44308333333333E-06	0.00005	3.17210666666667E-02	-0.0217833066	-1.15628473333333E-02	1.02204592666667E-02	1.07938205035342E-03	72124107966.5621	93408.062049815	0
2.0125	1.46122666666667E-06	0.00005	3.14473333333333E-02	-2.16135732333333E-02	-0.0114805556	1.01330176333333E-02	1.0886964428441E-03	72574883641.3531	93628.934406086	0
2.025	1.47689666666667E-06	0.00005	0.031204	-0.0214438172	-0.011399157	0.0100446602	1.09827312251075E-03	73025659316.1441	93869.4976504911	0
2.0375	1.48894666666667E-06	0.00005	3.09627333333333E-02	-2.12773216666667E-02	-1.13193657666667E-02	0.0099579559	1.10783583233274E-03	73476434990.9351	94105.9225200065	0
2.05	1.50204333333333E-06	0.00005	3.07289666666667E-02	-2.11137428333333E-02	-1.12415856666667E-02	9.87215716666667E-03	1.11746401823342E-03	73927210665.7261	94344.9921585443	0
2.0625	1.51753666666667E-06	0.00005	3.05030333333333E-02	-2.09584871333333E-02	-1.11670506333333E-02	0.0097914365	1.12667638878741E-03	74377986340.5171	94546.2703877544	0
2.075	1.53229666666667E-06	0.00005	3.02749333333333E-02	-2.08058970666667E-02	-0.0110940531	9.71184396666667E-03	1.13590996072077E-03	74828762015.3082	94746.8919970982	0
2.0875	1.55051333333333E-06	0.00005	3.00521666666667E-02	-2.06565306666667E-02	-1.10227056666667E-02	0.009633825	1.14510906192488E-03	75279537690.0992	94942.2529463277	0
2.1	1.56813333333333E-06	0.00005	0.0298321	-0.0205093732	-1.09524901333333E-02	9.55688306666667E-03	1.15432827866578E-03	75730313364.8902	95136.9460438831	0
2.1125	1.58173666666667E-06	0.00005	0.0296204	-2.03644460333333E-02	-1.08840866333333E-02	0.0094803594	1.16364580244741E-03	76181089039.6812	95337.3893675617	0
2.125	1.59616333333333E-06	0.00005	2.94090333333333E-02	-2.02230445666667E-02	-1.08165172666667E-02	0.0094065273	1.17277929228463E-03	76631864714.4722	95520.4853444494	0
2.1375	1.61176666666667E-06	0.00005	0.0292009	-2.00838911333333E-02	-1.07502779666667E-02	9.33361316666667E-03	1.18194102837146E-03	77082640389.2632	95703.7269936404	0
2.15	1.62972333333333E-06	0.00005	2.89954666666667E-02	-0.0199469442	-1.06845078333333E-02	9.26243636666667E-03	1.19102361695773E-03	77533416064.0542	95878.4664813911	0
2.1625	0.000001643	0.00005	0.0288001	-1.98122409333333E-02	-1.06203348666667E-02	9.19190606666667E-03	1.20016243703568E-03	77984191738.8452	96055.6863790229	0
2.175	1.66281666666667E-06	0.00005	2.86027666666667E-02	-1.96802499333333E-02	-0.0105574404	9.12280953333333E-03	1.20925251972002E-03	78434967413.6362	96226.9909591529	0
2.1875	1.67681333333333E-06	0.00005	2.84073333333333E-02	-1.95502279666667E-02	-1.04958301666667E-02	0.0090543978	1.2183891961402E-03	78885743088.4273	96400.0243099937	0
2.2	1.69624666666667E-06	0.00005	2.82175666666667E-02	-0.019422114	-1.04347460333333E-02	8.98736796666667E-03	1.22747622895971E-03	79336518763.2183	96567.1858447321	0
2.2125	1.70692333333333E-06	0.00005	0.0280324	-1.92951340666667E-02	-1.03745115333333E-02	8.92062253333333E-03	1.23666039838367E-03	79787294438.0093	96740.0572399223	0
2.225	1.72713333333333E-06	0.00005	2.78475666666667E-02	-1.91714535666667E-02	-1.03157168666667E-02	0.0088557367	1.24572140884742E-03	80238070112.8003	96901.4060469037	0
2.2375	0.00000174512	0.00005	2.76648333333333E-02	-1.90494295666667E-02	-1.02580930333333E-02	8.79133653333333E-03	1.25484683291036E-03	80688845787.5913	97065.9346471269	0
2.25	1.76063666666667E-06	0.00005	0.0274849	-1.89296822333333E-02	-1.02010320333333E-02	0.0087286502	1.2638587129694E-03	81139621462.3823	97219.9009976462	0
2.2625	0.00000177463	0.00005	0.0273119	-1.88112820333333E-02	-0.0101446276	8.66665443333333E-03	1.27289954392645E-03	81590397137.1734	97374.3807508549	0
2.275	1.79100333333333E-06	0.00005	2.71364333333333E-02	-1.86951377666667E-02	-1.00896015333333E-02	8.60553623333333E-03	1.28193993572967E-03	82041172811.9644	97527.1295145141	0
2.2875	0.00000180933	0.00005	2.69634333333333E-02	-0.0185807735	-1.00354520666667E-02	8.54532143333333E-03	1.29097316614029E-03	82491948486.7554	97677.6670471843	0
2.3	0.00000182721	0.00005	0.026796	-1.84684858333333E-02	-0.00998234584	8.48613999333333E-03	1.29997627722864E-03	82942724161.5464	97824.301798142	0
2.3125	1.84593333333333E-06	0.00005	2.66346666666667E-02	-1.83574422666667E-02	-9.92975410666667E-03	0.00842768816	1.30899247492256E-03	83393499836.3374	97970.3307634351	0
2.325	1.85741666666667E-06	0.00005	2.64695333333333E-02	-1.82477493333333E-02	-0.00987753042	8.37021891333333E-03	1.31797993257276E-03	83844275511.1284	98112.6500674509	0
2.3375	1.87436666666667E-06	0.00005	2.63086666666667E-02	-1.81402508333333E-02	-9.82623910333333E-03	0.00831401173	1.32689017421117E-03	84295051185.9194	98247.729888116	0
2.35	1.89447666666667E-06	0.00005	0.0261487	-1.80339712666667E-02	-9.77530451666667E-03	0.00825866675	1.33578224484957E-03	84745826860.7104	98380.0343997225	0
2.3625	1.91044666666667E-06	0.00005	2.59942666666667E-02	-1.79290165333333E-02	-9.72589590666667E-03	8.20312062666667E-03	1.34482727906827E-03	85196602535.5014	98522.1449866864	0
2.375	1.92748666666667E-06	0.00005	2.58403666666667E-02	-1.78257942333333E-02	-9.67708331333333E-03	0.00814871092	1.35380681184561E-03	85647378210.2925	98657.9862883443	0
2.3875	1.94536666666667E-06	0.00005	2.56880333333333E-02	-0.017723992	-9.62923781666667E-03	8.09475418333333E-03	1.36283083699508E-03	86098153885.0835	98795.6305513955	0
2.4	0.00000196541	0.00005	2.55388333333333E-02	-1.76242204666667E-02	-9.58202655333333E-03	8.04219391333333E-03	1.37173769631672E-03	86548929559.8745	98923.3915613022	0
2.4125	0.00000198099	0.00005	2.53943333333333E-02	-0.0175257958	-0.00953549317	0.00799030263	1.38064615002507E-03	86999705234.6655	99049.9430069798	0
2.425	2.00058333333333E-06	0.00005	2.52470666666667E-02	-1.74288727666667E-02	-0.00948994982	7.93892294666667E-03	1.3895815230762E-03	87450480909.4565	99177.1110839477	0
2.4375	0.00000201905	0.00005	2.51036666666667E-02	-1.73332785333333E-02	-0.00944487464	7.88840389333333E-03	1.39848067721937E-03	87901256584.2475	99300.4031161685	0
2.45	2.03839333333333E-06	0.00005	0.024962	-1.72387504666667E-02	-0.00940100721	7.83774325666667E-03	1.40752000759706E-03	88352032259.0385	99432.3396261658	0
2.4625	2.05250666666667E-06	0.00005	2.48236333333333E-02	-1.71455841333333E-02	-0.00935743774	7.78814639333333E-03	1.41648347100741E-03	88802807933.8295	99557.6043660031	0
2.475	2.06971666666667E-06	0.00005	2.46875333333333E-02	-1.70534689666667E-02	-9.31385387333333E-03	7.73961509333334E-03	1.42536556646507E-03	89253583608.6206	99675.9137388164	0
2.4875	0.00000208847	0.00005	2.45505333333333E-02	-0.0169632537	-0.00927124936	0.00769200434	1.43418804985211E-03	89704359283.4116	99788.8863445614	0
2.5	2.10389333333333E-06	0.00005	0.0244172	-1.68738733333333E-02	-0.00922911133	7.64476200333333E-03	1.44305090896743E-03	90155134958.2026	99903.5244669763	0
2.5125	2.12356666666667E-06	0.00005	2.42856666666667E-02	-1.67857350333333E-02	-9.18828474333333E-03	0.00759745029	1.45203723945036E-03	90605910632.9936	100025.527401862	0
2.525	2.14512333333333E-06	0.00005	2.41572666666667E-02	-1.66991490333333E-02	-0.00914811113	7.55103790333333E-03	0.001460962191012	91056686307.7846	100142.115149337	0
2.5375	0.00000217176	0.00005	2.40272333333333E-02	-0.0166140848	-9.10871745333333E-03	7.50536734666667E-03	1.46985223163026E-03	91507461982.5756	100255.173055494	0
2.55	0.00000218178	0.00005	2.38991666666667E-02	-1.65298007666667E-02	-0.0090692791	7.46052166666667E-03	1.47868760838562E-03	91958237657.3666	100363.412333866	0
2.5625	0.00000219967	0.00005	2.37766333333333E-02	-1.64459536333333E-02	-0.00903011227	7.41584136333333E-03	1.48759666893255E-03	92409013332.1577	100475.572385688	0
2.575	0.0000022217	0.00005	2.36508333333333E-02	-1.63635694333333E-02	-8.99137537666667E-03	7.37219405666667E-03	1.49640404329815E-03	92859789006.9487	100579.808735499	0
2.5875	0.00000223425	0.00005	2.35287666666667E-02	-0.0162821073	-0.00895311881	0.00732898849	1.50522560850941E-03	93310564681.7397	100683.987191265	0
2.6	0.00000225374	0.00005	2.34097333333333E-02	-0.0162023253	-0.00891603287	0.00728629243	1.51404586025269E-03	93761340356.5307	100787.076496111	0
2.6125	2.27337333333333E-06	0.00005	2.32912333333333E-02	-0.0161235373	-8.87914564666667E-03	7.24439165333333E-03	1.52280290554204E-03	94212116031.3217	100884.991901938	0
2.625	0.0000022938	0.00005	2.31730666666667E-02	-0.0160456536	-8.84354147666667E-03	7.20211212333333E-03	1.53174241178057E-03	94662891706.1127	100994.005172345	0
2.6375	0.00000231443	0.00005	0.0230561	-0.0159690007	-8.80797322666667E-03	7.16102747333333E-03	1.54053042413994E-03	95113667380.9037	101092.043873565	0
2.65	0.00000233424	0.00005	0.0229424	-0.0158923897	-8.77204526666667E-03	7.12034443333333E-03	1.54933244498464E-03	95564443055.6947	101190.072604222	0
2.6625	2.35040333333333E-06	0.00005	0.0228284	-0.0158178496	-0.00873734021	0.00708050939	1.55804903230116E-03	96015218730.4858	101281.627235178	0
2.675	2.37638333333333E-06	0.00005	2.27169333333333E-02	-1.57436583666667E-02	-8.70286887333333E-03	7.04078949333333E-03	1.56683855931109E-03	96465994405.2768	101377.045534147	0
2.6875	2.38897666666667E-06	0.00005	2.26048333333333E-02	-1.56701875333333E-02	-0.00866872164	7.00146589333333E-03	1.57563864338178E-03	96916770080.0678	101472.256103299	0
2.7	0.00000241001	0.00005	2.24985333333333E-02	-1.55969736333333E-02	-8.63490177333333E-03	0.00696207186	1.58455418931275E-03	97367545754.8588	101573.986494407	0
2.7125	2.43112666666667E-06	0.00005	2.23885333333333E-02	-1.55252104666667E-02	-8.60141089333333E-03	6.92379957333333E-03	1.59331305624179E-03	97818321429.6498	101664.782035988	0
2.725	0.00000245108	0.00005	2.22830666666667E-02	-1.54545585666667E-02	-8.56879522666667E-03	0.00688576334	1.60211439832256E-03	98269097104.4408	101757.44237758	0
2.7375	2.47182333333333E-06	0.00005	0.0221767	-1.53847226333333E-02	-0.00853642095	6.84830168333333E-03	1.61087830103547E-03	98719872779.2318	101846.889422685	0
2.75	0.0000024859	0.00005	0.0220749	-1.53155419666667E-02	-0.0085047523	6.81078966666667E-03	1.61975063679872E-03	99170648454.0228	101942.347770549	0
2.7625	0.00000250643	0.00005	2.19711666666667E-02	-1.52476696666667E-02	-0.00847348505	6.77418461666667E-03	1.62850310641806E-03	99621424128.8139	102029.432354769	0
2.775	2.52981666666667E-06	0.00005	2.18695333333333E-02	-1.51805316666667E-02	-8.44260015333333E-03	6.73793151333333E-03	1.63726518630984E-03	100072199803.605	102116.331786476	0
2.7875	2.55114666666667E-06	0.00005	2.17685333333333E-02	-1.51143125333333E-02	-8.41216216333333E-03	0.00670215037	1.64600612889463E-03	100522975478.396	102201.139427745	0
2.8	2.56737333333333E-06	0.00005	2.16717333333333E-02	-1.50484567666667E-02	-8.38205750333333E-03	6.66639926333333E-03	1.65483343838363E-03	100973751153.187	102290.528471516	0
2.8125	2.58687333333333E-06	0.00005	2.15708333333333E-02	-1.49834232333333E-02	-8.35200350666667E-03	6.63141972666667E-03	1.66356235692023E-03	101424526827.978	102373.068118168	0
2.825	2.61005666666667E-06	0.00005	2.14749666666667E-02	-1.49192806666667E-02	-8.32247487666667E-03	0.00659680579	1.67229121546779E-03	101875302502.769	102454.873650171	0
2.8375	0.00000262836	0.00005	0.0213771	-1.48555731666667E-02	-8.29308245333333E-03	6.56249071333333E-03	1.6810355701377E-03	102326078177.56	102536.903634289	0
2.85	2.65797333333333E-06	0.00005	0.0212853	-0.0147928491	-8.26491594333333E-03	6.52793315666667E-03	1.68993463176692E-03	102776853852.351	102627.609216615	0
2.8625	2.67542666666667E-06	0.00005	2.11898666666667E-02	-1.47312047333333E-02	-8.23705564666667E-03	6.49414908666667E-03	1.69872605328469E-03	103227629527.142	102711.014306766	0
2.875	0.00000269773	0.00005	2.10965333333333E-02	-1.46704169666667E-02	-8.20978529333333E-03	6.46063167333333E-03	1.70753893972311E-03	103678405201.933	102794.986337846	0
2.8875	2.72233666666667E-06	0.00005	2.10046666666667E-02	-0.0146102438	-8.18232644333333E-03	6.42791735666667E-03	1.7162292978672E-03	104129180876.724	102870.886985047	0
2.9	2.74070666666667E-06	0.00005	0.0209171	-0.0145503473	-8.15524964666667E-03	6.39509765333333E-03	1.72503699729401E-03	104579956551.515	102953.136443276	0
2.9125	2.75984666666667E-06	0.00005	0.0208257	-1.44912980666667E-02	-0.00812844437	6.36285369666667E-03	1.73377868364124E-03	105030732226.306	103030.757033814	0
2.925	2.78072333333333E-06	0.00005	2.07373333333333E-02	-1.44329984666667E-02	-8.10191747333333E-03	6.33108099333333E-03	1.7424797061858E-03	105481507901.097	103105.308058331	0
2.9375	0.00000280766	0.00005	2.06482666666667E-02	-1.43750274666667E-02	-0.00807567648	6.29935098666667E-03	1.75125665382385E-03	105932283575.888	103183.698097641	0
2.95	0.00000282786	0.00005	2.05628333333333E-02	-0.0143180748	-0.00804992238	0.00626815242	1.75997320029658E-03	106383059250.679	103257.880069552	0
2.9625	2.85287333333333E-06	0.00005	0.0204756	-1.42617193666667E-02	-8.02461719666667E-03	0.00623710217	1.76873487324735E-03	106833834925.47	103334.072438989	0
2.975	0.00000287258	0.00005	0.0203914	-0.0142058521	-0.00799957673	0.00620627537	1.77752023513839E-03	107284610600.261	103411.002690663	0
2.9875	0.00000288996	0.00005	0.0203053	-0.0141507462	-7.97483778666667E-03	6.17590841333333E-03	1.7862602982468E-03	107735386275.052	103484.664848543	0
3	0.00000291308	0.00005	0.0202255	-0.0140955958	-0.00794979384	0.00614580196	1.79501065475395E-03	108186161949.843	103558.307005036	0
3.0125	2.92906333333333E-06	0.00005	2.01422333333333E-02	-1.40413135666667E-02	-7.92502734666667E-03	0.00611628622	1.80367296264836E-03	108636937624.634	103626.27937335	0
3.025	2.95286666666667E-06	0.00005	0.0200597	-0.0139877353	-0.0079005572	0.0060871781	1.81229790001792E-03	109087713299.425	103691.55181285	0
3.0375	2.98288333333333E-06	0.00005	0.0199778	-1.39346608333333E-02	-0.00787676852	6.05789231333333E-03	1.8210591458804E-03	109538488974.216	103764.053896319	0
3.05	2.99960666666667E-06	0.00005	0.0199005	-1.38826228666667E-02	-7.85404525333333E-03	6.02857761333333E-03	1.82991426630313E-03	109989264649.007	103841.288756168	0
3.0625	0.00000302475	0.00005	1.98204333333333E-02	-0.0138310458	-7.83106261333333E-03	5.99998318666667E-03	1.83863516589285E-03	110440040323.798	103910.307648575	0
3.075	3.04460666666667E-06	0.00005	0.0197414	-0.0137801174	-7.80849239666667E-03	5.97162500333333E-03	1.84736652353507E-03	110890815998.589	103979.354045126	0
3.0875	0.00000307071	0.00005	1.96621333333333E-02	-1.37292013666667E-02	-7.78565624666667E-03	0.00594354512	1.8560943056947E-03	111341591673.38	104047.640929632	0
3.1	3.09486333333333E-06	0.00005	0.0195856	-1.36788863333333E-02	-7.76371968333333E-03	0.00591516665	1.86499904334879E-03	111792367348.171	104125.25676265	0
3.1125	3.11352666666667E-06	0.00005	1.95119333333333E-02	-1.36290247666667E-02	-0.00774156366	5.88746110666667E-03	1.87377543985473E-03	112243143022.962	104195.112503507	0
3.125	3.13732333333333E-06	0.00005	1.94354666666667E-02	-1.35798689666667E-02	-0.00771975603	5.86011293666667E-03	1.88252003777566E-03	112693918697.753	104262.648246036	0
3.1375	3.16201666666667E-06	0.00005	1.93587666666667E-02	-1.35311074666667E-02	-7.69780919666667E-03	0.00583329827	1.89117365701173E-03	113144694372.544	104324.627110668	0
3.15	3.18804333333333E-06	0.00005	0.0192848	-1.34824341666667E-02	-7.67636966333333E-03	5.80606450333333E-03	1.90004437176068E-03	113595470047.335	104398.042404433	0
3.1625	3.20360333333333E-06	0.00005	1.92129666666667E-02	-1.34347341666667E-02	-7.65472548333333E-03	5.78000868333333E-03	1.90860964699818E-03	114046245722.126	104454.161282965	0
3.175	0.00000323255	0.00005	1.91402333333333E-02	-1.33872324666667E-02	-7.63347810333333E-03	5.75375436333333E-03	1.91731859207929E-03	114497021396.917	104517.670070949	0
3.1875	0.00000325282	0.00005	1.90691666666667E-02	-1.33406958333333E-02	-7.61303062333333E-03	0.00572766521	1.9260518641993E-03	114947797071.708	104582.00167598	0
3.2	3.27937666666667E-06	0.00005	0.0190003	-0.0132945812	-0.00759321903	0.00570136217	1.93493770435333E-03	115398572746.499	104654.082567187	0
3.2125	3.30364333333333E-06	0.00005	1.89292666666667E-02	-0.0132491394	-7.57361012666667E-03	5.67552927333333E-03	1.94374480617706E-03	115849348421.29	104721.360404631	0
3.225	3.32917666666667E-06	0.00005	1.88561666666667E-02	-0.0132039944	-0.00755392601	0.00565006839	1.95250393826569E-03	116300124096.081	104785.542304062	0
3.2375	0.00000334365	0.00005	1.87895666666667E-02	-0.0131587159	-0.00753391772	0.00562479818	1.96127586025729E-03	116750899770.872	104849.912339267	0
3.25	3.37101333333333E-06	0.00005	0.0187212	-0.0131142992	-0.00751475283	0.00559954637	1.97012050625869E-03	117201675445.663	104917.660096616	0
3.2625	0.0000034035	0.00005	1.86544333333333E-02	-1.30705872333333E-02	-7.49573885333333E-03	0.00557484838	1.97884857418619E-03	117652451120.454	104978.704200859	0
3.275	0.00000342291	0.00005	1.85868333333333E-02	-0.0130274609	-7.47734581333333E-03	5.55011508666667E-03	1.98766696138852E-03	118103226795.245	105044.055504972	0
3.2875	3.44475666666667E-06	0.00005	1.85200666666667E-02	-1.29845163333333E-02	-7.45852910666667E-03	5.52598722666667E-03	1.99634557331648E-03	118554002470.036	105101.551095925	0
3.3	0.00000347185	0.00005	0.0184553	-0.0129420182	-7.44017152333333E-03	5.50184667666667E-03	2.00510497421118E-03	119004778144.827	105162.848297789	0
3.3125	0.0000034937	0.00005	0.0183906	-1.28993456333333E-02	-7.42157768666667E-03	5.47776794666667E-03	2.01391885027757E-03	119455553819.618	105226.529187217	0
3.325	3.52238666666667E-06	0.00005	1.83251333333333E-02	-1.28574881333333E-02	-0.007403636	5.45385213333333E-03	2.02275016563497E-03	119906329494.409	105290.639044041	0
3.3375	0.00000354975	0.00005	1.82641666666667E-02	-1.28163836666667E-02	-7.38619795666667E-03	0.00543018571	2.03156600064039E-03	120357105169.2	105353.465893192	0
3.35	3.57234333333333E-06	0.00005	0.0182003	-0.0127758562	-7.36926702666667E-03	5.40658917333333E-03	2.04043254265876E-03	120807880843.991	105418.443650568	0
3.3625	3.59756666666667E-06	0.00005	1.81357666666667E-02	-1.27356106666667E-02	-7.35208400333333E-03	5.38352666333333E-03	2.04917351465457E-03	121258656518.782	105476.474874985	0
3.375	3.62507666666667E-06	0.00005	1.80714333333333E-02	-1.26954212333333E-02	-7.33451394333333E-03	0.00536090729	2.0578196373822E-03	121709432193.574	105529.212173446	0
3.3875	0.00000364464	0.00005	1.80128333333333E-02	-0.0126554577	-0.00731745337	0.00533800433	2.06664884645222E-03	122160207868.365	105590.914664036	0
3.4	3.67052333333333E-06	0.00005	1.79521333333333E-02	-1.26162050333333E-02	-0.00730116516	5.31503987333333E-03	2.07557811998869E-03	122610983543.156	105657.257239243	0
3.4125	3.69908666666667E-06	0.00005	1.78906333333333E-02	-1.25775076333333E-02	-7.28523732666667E-03	5.29227030666667E-03	2.08450813151287E-03	123061759217.947	105723.151217897	0
3.425	0.00000372196	0.00005	1.78303333333333E-02	-1.25389130333333E-02	-7.26923263666667E-03	5.26968039666667E-03	2.09344391967015E-03	123512534892.738	105788.856131563	0
3.4375	3.75755333333333E-06	0.00005	0.0177725	-1.25006791666667E-02	-0.00725321512	5.24746404666667E-03	0.002102306941794	123963310567.529	105850.419446971	0
3.45	3.76697666666667E-06	0.00005	1.77119666666667E-02	-1.24624036666667E-02	-7.23655489666667E-03	0.00522584877	2.11100254303673E-03	124414086242.32	105903.137610538	0
3.4625	3.80021666666667E-06	0.00005	1.76524666666667E-02	-1.24246553333333E-02	-7.22017219333333E-03	0.00520448314	2.11966872274003E-03	124864861917.111	105954.004469094	0
3.475	3.82248333333333E-06	0.00005	1.75942666666667E-02	-1.23864927333333E-02	-7.20369713333333E-03	0.0051827956	2.1285385551172E-03	125315637591.902	106014.648566989	0
3.4875	3.84783333333333E-06	0.00005	0.0175373	-0.0123494594	-7.18804701333333E-03	5.16141238666667E-03	2.1373568588704E-03	125766413266.693	106072.300688357	0
3.5	3.87725666666667E-06	0.00005	1.74804333333333E-02	-1.23127011333333E-02	-7.17269043666667E-03	5.14001069666667E-03	2.14625624123269E-03	126217188941.484	106133.550390627	0
3.5125	3.89877666666667E-06	0.00005	1.74230666666667E-02	-1.22766920666667E-02	-0.00715771366	5.11897840666667E-03	2.15507456342168E-03	126667964616.275	106190.369946866	0
3.525	3.92814666666667E-06	0.00005	1.73655666666667E-02	-1.22402817666667E-02	-7.14244057333333E-03	5.09784119333333E-03	2.16401020118121E-03	127118740291.066	106252.546702842	0
3.5375	0.00000395378	0.00005	0.0173116	-0.0122045342	-7.12775639666667E-03	5.07677780333333E-03	2.17298871757565E-03	127569515965.857	106316.381941728	0
3.55	0.00000398774	0.00005	0.0172562	-1.21693841666667E-02	-7.11342870333333E-03	5.05595546333333E-03	2.18193793358848E-03	128020291640.648	106378.339124032	0
3.5625	4.01363666666667E-06	0.00005	1.72014333333333E-02	-1.21355120333333E-02	-7.10042448666667E-03	5.03508754666667E-03	2.19098083128989E-03	128471067315.439	106444.412856189	0
3.575	4.04581333333333E-06	0.00005	0.0171487	-1.21018906333333E-02	-0.00708718146	5.01470917333333E-03	2.1998843240048E-03	128921842990.23	106503.275503191	0
3.5875	4.06919666666667E-06	0.00005	1.70972333333333E-02	-1.20681528333333E-02	-7.07357907666667E-03	4.99457375666667E-03	2.20875304779946E-03	129372618665.021	106560.050550496	0
3.6	4.09741666666667E-06	0.00005	1.70436666666667E-02	-1.20344087666667E-02	-7.05974569333333E-03	4.97466307333333E-03	2.21759344522903E-03	129823394339.812	106615.069482165	0
3.6125	4.11338333333333E-06	0.00005	1.69888666666667E-02	-0.0120004038	-7.04545624333333E-03	4.95494755666667E-03	2.22641723528067E-03	130274170014.603	106668.911991089	0
3.625	0.00000415681	0.00005	1.69357333333333E-02	-0.0119667992	-7.03168822333333E-03	4.93511097666667E-03	2.23536634640014E-03	130724945689.394	106728.366671624	0
3.6375	0.00000417461	0.00005	0.016885	-1.19333822666667E-02	-0.00701795852	4.91542374666667E-03	2.24431950804364E-03	131175721364.185	106787.605458064	0
3.65	4.20468666666667E-06	0.00005	0.0168332	-0.0119007049	-7.00482635666667E-03	4.89587854333333E-03	2.25327919039661E-03	131626497038.976	106846.747700577	0
3.6625	0.0000042368	0.00005	0.016783	-1.18686303333333E-02	-0.00699205453	4.87657580333333E-03	2.26219815050894E-03	132077272713.767	106903.561851302	0
3.675	4.26866333333333E-06	0.00005	1.67347333333333E-02	-0.0118369322	-0.00698006527	0.00485686693	2.27137792767796E-03	132528048388.558	106972.272889072	0
3.6875	0.00000429128	0.00005	1.66849333333333E-02	-0.0118056374	-0.00696825072	0.00483738668	2.28052477207136E-03	132978824063.349	107038.972352763	0
3.7	4.32172666666667E-06	0.00005	1.66330666666667E-02	-1.17746543666667E-02	-6.95630575666667E-03	0.00481834861	2.28953552243585E-03	133429599738.14	107098.854999598	0
3.7125	4.35705333333333E-06	0.00005	1.65847666666667E-02	-0.0117439626	-6.94446277666667E-03	4.79949982333333E-03	2.29852707642219E-03	133880375412.931	107157.439460242	0
3.725	4.38201666666667E-06	0.00005	0.0165351	-0.0117131165	-6.93246871666667E-03	4.78064778333333E-03	2.30759118510822E-03	134331151087.722	107219.001889386	0
3.7375	4.41484333333333E-06	0.00005	0.0164877	-1.16828546333333E-02	-6.92083805666667E-03	4.76201657666667E-03	2.31661946746561E-03	134781926762.513	107278.493476668	0
3.75	4.43877333333333E-06	0.00005	0.0164381	-0.0116523297	-6.90858159333333E-03	4.74374810666667E-03	2.32554092865083E-03	135232702437.304	107332.658245423	0
3.7625	0.00000446495	0.00005	1.63896666666667E-02	-0.0116220749	-0.00689632329	0.00472575161	2.33439698499418E-03	135683478112.095	107383.454459226	0
3.775	0.0000044967	0.00005	1.63434333333333E-02	-0.0115919122	-6.88427763666667E-03	4.70763456333333E-03	2.34338078630489E-03	136134253786.886	107439.771149995	0
3.7875	4.53555333333333E-06	0.00005	1.62968333333333E-02	-0.0115621694	-0.00687302648	0.00468914292	2.35262197584258E-03	136585029461.677	107507.477951679	0
3.8	4.55814333333333E-06	0.00005	1.62472333333333E-02	-1.15328935666667E-02	-6.86179361666667E-03	0.00467109995	2.36170961345861E-03	137035805136.468	107567.745552265	0
3.8125	4.59275666666667E-06	0.00005	1.62042666666667E-02	-1.15038586666667E-02	-6.85091203666667E-03	0.00465294663	2.37092370543695E-03	137486580811.259	107633.358632699	0
3.825	0.0000046198	0.00005	0.0161559	-1.14751352666667E-02	-6.83981427333333E-03	4.63532099333333E-03	2.37993888800645E-03	137937356486.05	107689.542443731	0
3.8375	4.64713333333333E-06	0.00005	1.61122333333333E-02	-0.0114461836	-6.82835708333333E-03	4.61782651666667E-03	2.38895524404223E-03	138388132160.841	107745.413161514	0
3.85	0.00000466965	0.00005	1.60659333333333E-02	-1.14176648666667E-02	-0.00681693885	4.60072601666667E-03	2.39783473775044E-03	138838907835.632	107794.768430339	0
3.8625	4.70283666666667E-06	0.00005	0.0160229	-1.13889444333333E-02	-6.80530782333333E-03	0.00458363661	2.40677478920765E-03	139289683510.423	107846.517813636	0
3.875	4.73580333333333E-06	0.00005	0.0159777	-0.0113608968	-6.79433816666667E-03	4.56655863333333E-03	2.41577564080214E-03	139740459185.214	107900.64896883	0
3.8875	0.0000047701	0.00005	1.59335333333333E-02	-1.13331260333333E-02	-6.78386118333333E-03	0.00454926485	2.42495902875782E-03	140191234860.005	107962.55878714	0
3.9	0.00000479566	0.00005	1.58905333333333E-02	-0.0113055762	-0.00677358183	0.00453199437	2.43419998028591E-03	140642010534.796	108026.626344049	0
3.9125	0.00000482196	0.00005	1.58459333333333E-02	-1.12782884333333E-02	-6.76326746666667E-03	4.51502096666667E-03	2.44335099760257E-03	141092786209.587	108086.306111689	0
3.925	4.85103666666667E-06	0.00005	0.0158008	-1.12509637666667E-02	-6.75260805666667E-03	0.00449835571	2.4524030288188E-03	141543561884.378	108141.240859232	0
3.9375	0.00000488351	0.00005	1.57594666666667E-02	-1.12247903666667E-02	-0.00674279404	4.48199632666667E-03	2.46135428569712E-03	141994337559.169	108191.3971735	0
3.95	4.91707333333333E-06	0.00005	0.0157161	-0.0111983735	-6.73281600333333E-03	4.46555749666667E-03	2.47041509333492E-03	142445113233.96	108246.036222075	0
3.9625	4.94338333333333E-06	0.00005	1.56734333333333E-02	-0.0111719169	-6.72297473666667E-03	4.44894216333333E-03	2.47964116577147E-03	142895888908.751	108307.549099457	0
3.975	4.96841333333333E-06	0.00005	1.56331666666667E-02	-1.11457317333333E-02	-6.71303121666667E-03	4.43270051666667E-03	2.48872677998355E-03	143346664583.542	108362.559360677	0
3.9875	5.00182666666667E-06	0.00005	1.55895333333333E-02	-1.11195842666667E-02	-0.0067031059	4.41647836666667E-03	2.4978681235101E-03	143797440258.333	108419.643653682	0
4	5.02565333333333E-06	0.00005	1.55477666666667E-02	-1.10936868666667E-02	-0.00669281901	4.40086785666667E-03	2.50672856339037E-03	144248215933.124	108464.21668516	0
4.0125	5.07239666666667E-06	0.00005	1.55093666666667E-02	-0.011067815	-6.68306084333333E-03	4.38475415666667E-03	2.51594059276583E-03	144698991607.915	108523.677617505	0
4.025	5.08704333333333E-06	0.00005	1.54670333333333E-02	-1.10420952666667E-02	-0.00667273685	4.36935841666667E-03	2.52480582675887E-03	145149767282.706	108567.856860152	0
4.0375	0.000005124	0.00005	0.0154272	-1.10168570666667E-02	-6.66385455666667E-03	0.00435300251	2.53429239365631E-03	145600542957.497	108638.397441804	0
4.05	5.15498666666667E-06	0.00005	1.53860333333333E-02	-1.09917241666667E-02	-6.65447663333333E-03	4.33724753333333E-03	2.54349823989874E-03	146051318632.288	108696.505978579	0
4.0625	5.17865333333333E-06	0.00005	0.015346	-1.09666892666667E-02	-6.64543755666667E-03	0.00432125171	2.5529133645545E-03	146502094307.079	108763.172927766	0
4.075	5.21909666666667E-06	0.00005	1.53088666666667E-02	-1.09422962333333E-02	-0.00663629445	4.30600178333333E-03	2.56195489594305E-03	146952869981.87	108813.563301026	0
4.0875	5.24257333333333E-06	0.00005	1.52682333333333E-02	-1.09178976666667E-02	-6.62747995333333E-03	4.29041771333333E-03	2.57126059006178E-03	147403645656.661	108874.83091299	0
4.1	0.000005272115	0.00005	0.01522795	-0.0108933306	-0.006617274965	0.004276055635	2.57989672333986E-03	147854421331.452	108907.460178512	0
4.1125	0.000005306365	0.00005	0.01518885	-0.01086949495	-0.006608631415	0.004260863535	2.58909520562972E-03	148305197006.243	108963.557870786	0
4.125	0.0000053498	0.00005	0.0151522	-0.01084571355	-0.006600266205	0.004245447345	2.59849670674603E-03	148755972681.034	109027.833849484	0
4.1375	0.00000536934	0.00005	0.0151125	-0.01082231395	-0.00659159534	0.00423071861	2.60754309978021E-03	149206748355.825	109076.866827896	0
4.15	0.000005388855	0.00005	0.01507585	-0.01079851935	-0.006582407775	0.004216111575	2.61657712118744E-03	149657524030.616	109125.088464722	0
4.1625	0.00000542517	0.00005	0.01503935	-0.0107751956	-0.00657398657	0.00420120903	2.62585891321017E-03	150108299705.407	109183.322794602	0
4.175	0.00000545201	0.00005	0.0150008	-0.0107521287	-0.00656556536	0.00418656334	2.63504480994574E-03	150559075380.198	109237.233024006	0
4.1875	0.000005491565	0.00005	0.0149639	-0.0107299224	-0.006558222405	0.004171699995	2.64443318193524E-03	151009851054.989	109299.190068506	0
4.2	0.00000553195	0.00005	0.01492695	-0.01070785935	-0.006550849405	0.004157009945	2.65377828434263E-03	151460626729.78	109358.9952339	0
4.2125	0.00000557484	0.00005	0.0148886	-0.01068592875	-0.00654406257	0.00414186618	2.66348137575525E-03	151911402404.571	109433.153991314	0
4.225	0.00000559146	0.00005	0.01485535	-0.0106639968	-0.006536963985	0.004127032815	2.67305430517366E-03	152362178079.362	109501.54185964	0
4.2375	0.00000563706	0.00005	0.01481975	-0.0106422713	-0.006529677885	0.004112593415	2.68243945072867E-03	152812953754.153	109561.856394636	0
4.25	0.000005680435	0.00005	0.0147862	-0.01061990415	-0.00652205825	0.0040978459	2.69209296733754E-03	153263729428.944	109632.745276189	0
4.2625	0.000005711615	0.00005	0.01474675	-0.0105984047	-0.0065149722	0.0040834325	2.70159528685225E-03	153714505103.735	109697.079096189	0
4.275	0.000005734555	0.00005	0.0147126	-0.0105768462	-0.006507570385	0.004069275815	2.71099380280806E-03	154165280778.526	109756.834121784	0
4.2875	0.000005767335	0.00005	0.0146779	-0.0105553625	-0.00650026293	0.00405509957	2.72047118327474E-03	154616056453.317	109819.424308018	0
4.3	0.000005805945	0.00005	0.01464185	-0.0105345572	-0.00649281648	0.00404174072	2.72946300681907E-03	155066832128.108	109862.106714542	0
4.3125	0.00000583295	0.00005	0.01460695	-0.01051282495	-0.006484934755	0.004027890195	2.7388486317529E-03	155517607802.899	109920.346424866	0
4.325	0.000005847535	0.00005	0.0145712	-0.01049188645	-0.00647745055	0.0040144359	2.74802779278975E-03	155968383477.69	109969.987261484	0
4.3375	0.000005902365	0.00005	0.01453905	-0.01047052995	-0.00647006093	0.00400046902	2.75762271044046E-03	156419159152.482	110035.931695696	0
4.35	0.000005929205	0.00005	0.01450665	-0.0104501636	-0.00646399259	0.00398617101	2.76751359556356E-03	156869934827.272	110113.273033033	0
4.3625	0.000005964905	0.00005	0.014473	-0.0104302937	-0.006457970935	0.003972322765	2.77716170691334E-03	157320710502.064	110180.539397047	0
4.375	0.000006003565	0.00005	0.0144388	-0.0104101049	-0.006451440875	0.003958664025	2.78674353613574E-03	157771486176.855	110244.799231744	0
4.3875	0.00000603212	0.00005	0.0144071	-0.01039055815	-0.006445163545	0.003945394605	2.79611612406616E-03	158222261851.646	110300.438819178	0
4.4	0.00000607549	0.00005	0.01437175	-0.010370657	-0.00643926369	0.00393139331	2.80607433618459E-03	158673037526.437	110378.798189079	0
4.4125	0.00000613902	0.00005	0.0143414	-0.01035217065	-0.00643450419	0.00391766646	2.81590647509681E-03	159123813201.228	110451.768471873	0
4.425	0.00000616135	0.00005	0.014308	-0.01033351255	-0.00642918689	0.00390432566	2.82552839817068E-03	159574588876.019	110516.104230926	0
4.4375	0.000006176425	0.00005	0.0142749	-0.01031416115	-0.006422912435	0.003891248715	2.83502396942618E-03	160025364550.81	110575.149403405	0
4.45	0.00000621758	0.00005	0.0142433	-0.0102947532	-0.00641606076	0.00387869244	2.84420147538985E-03	160476140225.601	110621.492128387	0
4.4625	0.000006247375	0.00005	0.01421175	-0.01027476085	-0.006408961525	0.003865799325	2.85368723002613E-03	160926915900.392	110679.530576321	0
4.475	0.000006290555	0.00005	0.01418075	-0.0102559775	-0.00640347812	0.00385249938	2.8635388677315E-03	161377691575.183	110751.395829753	0
4.4875	0.000006323105	0.00005	0.0141501	-0.01023726805	-0.00639801549	0.00383925256	2.87341887330948E-03	161828467249.974	110823.954830878	0
4.5	0.000006359605	0.00005	0.0141188	-0.01021867435	-0.006392583025	0.003826091325	2.88330314581757E-03	162279242924.765	110896.274839137	0
4.5125	0.00000640954	0.00005	0.0140865	-0.01020069775	-0.00638700463	0.00381369312	2.89267662317277E-03	162730018599.556	110948.602636075	0
4.525	0.000006426475	0.00005	0.01405715	-0.0101822049	-0.006380693575	0.003801511325	2.90194632867654E-03	163180794274.347	110996.672155074	0
4.5375	0.00000645541	0.00005	0.01402445	-0.01016343585	-0.006374395305	0.003789040545	2.91149790598702E-03	163631569949.138	111055.228454686	0
4.55	0.000006496405	0.00005	0.0139952	-0.01014440155	-0.00636772397	0.00377667758	2.92102854163718E-03	164082345623.929	111112.666418997	0
4.5625	0.000006526945	0.00005	0.01396805	-0.0101258097	-0.006361400685	0.003764409015	2.93054873922495E-03	164533121298.72	111169.393690304	0
4.575	0.00000657063	0.00005	0.0139375	-0.01010840155	-0.00635717633	0.00375122522	2.94084828231505E-03	164983896973.511	111255.294412927	0
4.5875	0.00000661828	0.00005	0.0139076	-0.01009171075	-0.00635326438	0.00373844637	2.95090075125235E-03	165434672648.302	111331.405413	0
4.6	0.000006654945	0.00005	0.0138769	-0.0100747837	-0.00634896989	0.00372581381	2.9609067139133E-03	165885448323.093	111405.352948243	0
4.6125	0.000006691745	0.00005	0.01384995	-0.01005805455	-0.00634495341	0.00371310114	2.97104448042029E-03	166336223997.884	111483.845419148	0
4.625	0.000006743555	0.00005	0.0138199	-0.0100412391	-0.00634038452	0.00370085458	2.9808757307198E-03	166786999672.675	111550.44314544	0
4.6375	0.000006781125	0.00005	0.01379115	-0.01002487115	-0.00633693724	0.00368793391	2.99131885857386E-03	167237775347.466	111639.517840202	0
4.65	0.00000681386	0.00005	0.0137614	-0.0100082791	-0.006331903085	0.003676376015	3.0007231397107E-03	167688551022.257	111689.446887495	0
4.6625	0.00000685074	0.00005	0.01373135	-0.00999045896	-0.00632600497	0.00366445399	3.01048610776951E-03	168139326697.048	111752.423055993	0
4.675	0.0000068712	0.00005	0.0137018	-0.00997278244	-0.006320119725	0.003652662715	3.02020395752695E-03	168590102371.839	111813.392092729	0
4.6875	0.00000692462	0.00005	0.0136732	-0.00995554847	-0.006314773355	0.003640775115	3.03006517089076E-03	169040878046.63	111879.329386736	0
4.7	0.00000695686	0.00005	0.0136448	-0.009939714525	-0.0063110493	0.003628665225	3.04017706977326E-03	169491653721.421	111954.147413909	0
4.7125	0.000007001705	0.00005	0.01361855	-0.00992376441	-0.006306860845	0.003616903565	3.05006280873085E-03	169942429396.212	112020.262308009	0
4.725	0.000007027475	0.00005	0.01359075	-0.00990758632	-0.006302186495	0.003605399825	3.05979425661484E-03	170393205071.003	112080.375700177	0
4.7375	0.000007073395	0.00005	0.0135636	-0.009891787825	-0.006298030385	0.00359375744	3.06970693623594E-03	170843980745.794	112146.79288055	0
4.75	0.000007108505	0.00005	0.01353735	-0.00987556894	-0.00629378652	0.00358178242	3.07997009335998E-03	171294756420.585	112225.630932145	0
4.7625	0.0000071381	0.00005	0.0135089	-0.009859949615	-0.0062899776	0.003569972015	3.09016008278375E-03	171745532095.376	112301.396103589	0
4.775	0.000007195615	0.00005	0.0134831	-0.009844267055	-0.006285824775	0.00355844228	3.10017289669586E-03	172196307770.167	112370.342610804	0
4.7875	0.000007218325	0.00005	0.0134547	-0.009828711145	-0.006281279915	0.00354743123	3.10979570180633E-03	172647083444.958	112424.829549134	0
4.8	0.000007267725	0.00005	0.0134276	-0.009813139415	-0.00627763338	0.003535506035	3.12028557905931E-03	173097859119.749	112510.29732185	0
4.8125	0.00000730647	0.00005	0.0134021	-0.00979805516	-0.006274000025	0.003524055135	3.1304241848268E-03	173548634794.54	112582.687965799	0
4.825	0.00000734466	0.00005	0.01337495	-0.009782688545	-0.006270146945	0.0035125416	3.14068507408112E-03	173999410469.331	112659.089943125	0
4.8375	0.00000736775	0.00005	0.01335015	-0.00976756926	-0.00626596089	0.00350160837	3.15049072257854E-03	174450186144.122	112718.809394581	0
4.85	0.00000742038	0.00005	0.01332535	-0.009752491355	-0.006262651925	0.00348983943	3.16111525746177E-03	174900961818.913	112807.443763505	0
4.8625	0.000007474285	0.00005	0.01330145	-0.009737952975	-0.00625960603	0.003478346945	3.17155942252478E-03	175351737493.704	112889.202304619	0
4.875	0.000007494955	0.00005	0.01327305	-0.009723741915	-0.006256557965	0.00346718395	3.18177024629717E-03	175802513168.495	112962.257264988	0
4.8875	0.0000075192	0.00005	0.01324695	-0.00970852619	-0.006251575845	0.003456950345	3.19118918660088E-03	176253288843.286	113006.896240047	0
4.9	0.00000758216	0.00005	0.0132223	-0.009693773925	-0.00624791427	0.003445859655	3.20146010818485E-03	176704064518.077	113081.40099554	0
4.9125	0.00000762225	0.00005	0.01319765	-0.00967971924	-0.006245365835	0.003434353405	3.21218659950253E-03	177154840192.868	113171.57719915	0
4.925	0.00000767349	0.00005	0.0131721	-0.00966604706	-0.00624292618	0.00342312088	3.22272675581227E-03	177605615867.659	113254.747373332	0
4.9375	0.000007705775	0.00005	0.01314735	-0.009651960225	-0.006239770785	0.00341218944	3.23305055130678E-03	178056391542.45	113329.91221718	0
4.95	0.000007746665	0.00005	0.01312055	-0.009637342265	-0.00623584781	0.003401494455	3.24321575858548E-03	178507167217.241	113399.152398094	0
4.9625	0.00000780582	0.00005	0.01309735	-0.009623301785	-0.00623306943	0.003390232355	3.2539893785004E-03	178957942892.032	113489.263346265	0
4.975	0.000007816615	0.00005	0.01307135	-0.009609260895	-0.006229010845	0.00338025005	3.26359938714355E-03	179408718566.823	113538.440217596	0
4.9875	0.00000785712	0.00005	0.0130469	-0.009595154245	-0.006225614145	0.0033695401	3.27397293431024E-03	179859494241.614	113613.867009031	0
5	0.00000791215	0.00005	0.01302365	-0.009581207285	-0.006222260265	0.00335894702	3.2842987633001E-03	180310269916.405	113687.264883465	0
5.0125	0.00000795178	0.00005	0.012999	-0.009567764815	-0.0062196661	0.003348098715	3.29494002985233E-03	180761045591.196	113771.188446848	0
5.025	0.000007994025	0.00005	0.0129773	-0.00955509458	-0.006218153305	0.003336941275	3.30595683521343E-03	181211821265.987	113867.629226639	0
5.0375	0.000008028995	0.00005	0.0129491	-0.00954238542	-0.00621503307	0.00332735235	3.31548369613734E-03	181662596940.778	113912.400325391	0
5.05	0.000008071575	0.00005	0.0129267	-0.009528641235	-0.00621192966	0.003316711575	3.32612089289948E-03	182113372615.569	113995.003945527	0
5.0625	0.000008132795	0.00005	0.01290615	-0.00951522051	-0.0062090991	0.00330612141	3.33677472926675E-03	182564148290.36	114077.76852194	0
5.075	0.00000815503	0.00005	0.0128821	-0.00950190596	-0.0062068026	0.00329510336	3.3479321172918E-03	183014923965.151	114177.298429807	0
5.0875	0.00000819428	0.00005	0.0128575	-0.0094896047	-0.006205349195	0.003284255505	3.35899149514146E-03	183465699639.942	114273.004937718	0
5.1	0.000008255185	0.00005	0.01283655	-0.00947734119	-0.006203017475	0.003274323715	3.36918125319344E-03	183916475314.733	114338.730311995	0
5.1125	0.000008278405	0.00005	0.01281355	-0.009464471205	-0.006200482185	0.00326398902	3.37985037866218E-03	184367250989.524	114420.362640435	0
5.125	0.000008325775	0.00005	0.0127897	-0.00945178826	-0.006198537345	0.003253250915	3.39100628357347E-03	184818026664.315	114518.035843006	0
5.1375	0.000008381455	0.00005	0.0127711	-0.00943949658	-0.00619672348	0.0032427731	3.40196182080622E-03	185268802339.106	114608.483575729	0
5.15	0.00000844524	0.00005	0.01274965	-0.00942835768	-0.006196428215	0.003231929465	3.41337503570664E-03	185719578013.897	114713.873492755	0
5.1625	0.000008488725	0.00005	0.01272705	-0.009417171655	-0.006195658995	0.00322151266	3.42441244203148E-03	186170353688.688	114806.153765257	0
5.175	0.00000853556	0.00005	0.01270225	-0.00940542354	-0.00619427971	0.00321114383	3.43546879534938E-03	186621129363.479	114898.62191804	0
5.1875	0.000008568365	0.00005	0.0126795	-0.00939357719	-0.006192040695	0.003201536495	3.4457774697778E-03	187071905038.27	114965.698713625	0
5.2	0.000008613335	0.00005	0.01265845	-0.00938158832	-0.006190737195	0.003190851125	3.45731591421969E-03	187522680713.061	115073.384718851	0
5.2125	0.00000864707	0.00005	0.01263585	-0.00937000458	-0.006188963045	0.003181041535	3.46797759963339E-03	187973456387.852	115151.442157168	0
5.225	0.000008698565	0.00005	0.0126142	-0.00935789029	-0.006186831505	0.003171058785	3.47889502524528E-03	188424232062.643	115237.597450157	0
5.2375	0.00000874404	0.00005	0.01259335	-0.00934598028	-0.006184294065	0.003161686215	3.48920862805684E-03	188875007737.434	115303.387745591	0
5.25	0.000008793445	0.00005	0.01257255	-0.0093339656	-0.006182323195	0.003151642405	3.50032836323235E-03	189325783412.225	115395.440546121	0
5.2625	0.000008823515	0.00005	0.0125501	-0.009322499425	-0.006180976095	0.00314152333	3.51160319935742E-03	189776559087.016	115492.157113893	0
5.275	0.000008876555	0.00005	0.01252805	-0.00931165164	-0.00617995252	0.00313169912	3.52261878202437E-03	190227334761.807	115579.908998247	0
5.2875	0.00000893379	0.00005	0.01251105	-0.009300388575	-0.00617843414	0.003121954435	3.53361448784769E-03	190678110436.598	115666.595346897	0
5.3	0.00000897132	0.00005	0.0124865	-0.00928917173	-0.00617655585	0.00311261588	3.54421712131617E-03	191128886111.389	115740.036617727	0
5.3125	0.000009027985	0.00005	0.0124687	-0.009277527185	-0.00617530878	0.003102218405	3.55609688443194E-03	191579661786.181	115854.740126289	0
5.325	0.000009072785	0.00005	0.01244875	-0.009267334935	-0.0061753814	0.003091953535	3.56790166020509E-03	192030437460.972	115966.467828985	0
5.3375	0.00000913079	0.00005	0.0124273	-0.009257121705	-0.00617505811	0.003082063595	3.57935019380228E-03	192481213135.763	116066.120498002	0
5.35	0.000009166225	0.00005	0.01240795	-0.009246966805	-0.006174658715	0.00307230809	3.59071477702582E-03	192931988810.554	116162.591636349	0
5.3625	0.0000091946	0.00005	0.0123867	-0.009236205315	-0.006173155065	0.00306305025	3.60156697091673E-03	193382764485.345	116242.075446478	0
5.375	0.00000925812	0.00005	0.01236575	-0.00922513136	-0.00617180616	0.0030533252	3.61303803838578E-03	193833540160.136	116341.117515106	0
5.3875	0.000009299285	0.00005	0.01234655	-0.0092140846	-0.00616991129	0.00304417331	3.62390036795054E-03	194284315834.927	116420.143892753	0
5.4	0.000009334935	0.00005	0.01232595	-0.00920359466	-0.006168417405	0.003035177255	3.63464172377832E-03	194735091509.718	116494.927044177	0
5.4125	0.00000940869	0.00005	0.0123079	-0.0091932676	-0.006168030235	0.003025237365	3.64658378231485E-03	195185867184.509	116607.759960326	0
5.425	0.000009453775	0.00005	0.0122854	-0.00918326563	-0.006167985165	0.003015280465	3.65862587854877E-03	195636642859.3	116723.26446983	0
5.4375	0.000009487005	0.00005	0.01226895	-0.009173817685	-0.006168401925	0.00300541576	3.67063381107723E-03	196087418534.091	116837.150485217	0
5.45	0.00000953084	0.00005	0.012247	-0.009163914285	-0.00616778375	0.002996130535	3.68201017429521E-03	196538194208.882	116930.457193567	0
5.4625	0.00000961483	0.00005	0.01222995	-0.00915408624	-0.006167468505	0.002986617735	3.69373755420713E-03	196988969883.673	117034.458679332	0
5.475	0.00000963017	0.00005	0.0122099	-0.009144145405	-0.00616694251	0.002977202895	3.7054189464841E-03	197439745558.464	117136.531501078	0
5.4875	0.000009684395	0.00005	0.01219135	-0.009134581245	-0.00616734228	0.002967238965	3.71786125220741E-03	197890521233.255	117262.138671339	0
5.5	0.00000975078	0.00005	0.0121735	-0.00912528788	-0.0061671308	0.00295815708	3.72927511845247E-03	198341296908.046	117354.811419833	0
5.5125	0.000009802005	0.00005	0.0121552	-0.00911655203	-0.006168152265	0.002948399765	3.74161620139661E-03	198792072582.837	117476.175868026	0
5.525	0.000009854335	0.00005	0.01213665	-0.00910748589	-0.006168264045	0.002939221845	3.75329987766916E-03	199242848257.628	117576.397142438	0
5.5375	0.00000989068	0.00005	0.01211615	-0.00909758509	-0.00616802982	0.00292955527	3.76568488917763E-03	199693623932.419	117698.086482371	0
5.55	0.000009960425	0.00005	0.0120972	-0.009088588555	-0.00616825564	0.002920332915	3.77757751783822E-03	200144399607.21	117803.872697658	0
5.5625	0.000009996675	0.00005	0.01208045	-0.009079848805	-0.00616886534	0.002910983465	3.78970982942351E-03	200595175282.001	117916.641192089	0
5.575	0.00001003775	0.00005	0.0120633	-0.009071210625	-0.006169667505	0.00290154312	3.80203941163028E-03	201045950956.792	118035.028301733	0
5.5875	0.00001010885	0.00005	0.01204675	-0.009062577845	-0.00616970655	0.002892871295	3.81343667292151E-03	201496726631.583	118124.006388896	0
5.6	0.0000101574	0.00005	0.01202555	-0.00905321942	-0.006169480975	0.002883738445	3.82551469318149E-03	201947502306.374	118233.627193109	0
5.6125	0.00001019715	0.00005	0.0120069	-0.009044067755	-0.006169051455	0.0028750163	3.8371207733281E-03	202398277981.165	118328.206133126	0
5.625	0.0000102568	0.00005	0.01198775	-0.009034447865	-0.006167952725	0.00286649514	3.84852786786145E-03	202849053655.956	118416.242088044	0
5.6375	0.00001030205	0.00005	0.011969	-0.00902503504	-0.006167601835	0.002857433205	3.86073253563955E-03	203299829330.747	118528.373940836	0
5.65	0.0000103443	0.00005	0.01195335	-0.00901624658	-0.00616778098	0.0028484656	3.87288761580537E-03	203750605005.538	118638.490613507	0
5.6625	0.0000104265	0.00005	0.0119374	-0.009007295425	-0.006168526505	0.00283876892	3.88611612376994E-03	204201380680.329	118780.930935403	0
5.675	0.0000104407	0.00005	0.01191515	-0.008998371715	-0.006168741855	0.00282962986	3.89866745858213E-03	204652156355.12	118902.091247845	0
5.6875	0.000010508	0.00005	0.01190215	-0.008990116745	-0.006169147925	0.00282096882	3.91063874202094E-03	205102932029.911	119005.067381871	0
5.7	0.00001057635	0.00005	0.011886	-0.008982323125	-0.006171274825	0.0028110483	3.92443896064439E-03	205553707704.702	119163.126335356	0
5.7125	0.000010635	0.00005	0.01186785	-0.008975958275	-0.006174173935	0.00280178434	3.93741999399119E-03	206004483379.493	119295.67394688	0
5.725	0.00001067315	0.00005	0.0118497	-0.00896904694	-0.00617622194	0.002792825	3.95005244507631E-03	206455259054.284	119417.104486687	0
5.7375	0.0000107204	0.00005	0.01183275	-0.00896125687	-0.006176166055	0.002785090815	3.96101855064517E-03	206906034729.075	119487.739084319	0
5.75	0.00001074475	0.00005	0.0118133	-0.008951400495	-0.00617377361	0.002777626885	3.97165971358482E-03	207356810403.866	119548.285693189	0
5.7625	0.00001082235	0.00005	0.0117976	-0.00894255526	-0.00617382061	0.00276873465	3.98441449802922E-03	207807586078.657	119672.052335268	0
5.775	0.00001089215	0.00005	0.01178585	-0.008935009275	-0.0061763072	0.002758702075	3.9989053533617E-03	208258361753.448	119847.313287563	0
5.7875	0.0000109724	0.00005	0.01176815	-0.00892930664	-0.00618034434	0.0027489623	4.01307329793307E-03	208709137428.239	120012.160429964	0
5.8	0.0000110181	0.00005	0.0117528	-0.008922437075	-0.006183552645	0.00273888443	4.02783896342434E-03	209159913103.03	120194.133523936	0
5.8125	0.0000110592	0.00005	0.0117328	-0.00891557294	-0.006184613365	0.002730959575	4.03952691508066E-03	209610688777.821	120283.679853518	0
5.825	0.0000111177	0.00005	0.01171985	-0.00890704092	-0.006184693755	0.002722347165	4.05230687868459E-03	210061464452.612	120405.288571018	0
5.8375	0.000011171	0.00005	0.01170465	-0.008899600265	-0.006185961865	0.0027136384	4.06531398963953E-03	210512240127.403	120533.111206575	0
5.85	0.0000112392	0.00005	0.0116865	-0.008892065165	-0.00618738337	0.002704681795	4.07877448478402E-03	210963015802.194	120673.801324971	0
5.8625	0.0000112875	0.00005	0.0116724	-0.00888503216	-0.006189426925	0.002695605235	4.09250686482732E-03	211413791476.985	120821.918266183	0
5.875	0.00001134435	0.00005	0.01165625	-0.00887818315	-0.006191490295	0.002686692855	4.10608268829026E-03	211864567151.776	120964.792781055	0
5.8875	0.0000114109	0.00005	0.01163865	-0.008871274085	-0.006192406195	0.00267886789	4.11807546325365E-03	212315342826.567	121060.523172572	0
5.9	0.00001145105	0.00005	0.011622	-0.008862678845	-0.006192036445	0.0026706424	4.13075895840956E-03	212766118501.358	121176.110253214	0
5.9125	0.0000114619	0.00005	0.0116024	-0.00885406727	-0.00618991658	0.00266415069	4.14082450933514E-03	213216894176.149	121214.573374585	0
5.925	0.00001152875	0.00005	0.0115912	-0.00884527918	-0.00618943415	0.00265584503	4.15377556867463E-03	213667669850.94	121337.163641907	0
5.9375	0.0000115957	0.00005	0.0115763	-0.00883858909	-0.00619080307	0.00264778602	4.16641943938731E-03	214118445525.731	121450.283253395	0
5.95	0.0000116492	0.00005	0.01155995	-0.00883156325	-0.006192214945	0.002639348305	4.17973804926036E-03	214569221200.522	121582.554761937	0
5.9625	0.00001169675	0.00005	0.01154505	-0.008824994985	-0.00619361162	0.002631383365	4.19238946129204E-03	215019996875.313	121694.904536779	0
5.975	0.0000117638	0.00005	0.0115279	-0.0088175718	-0.006194079545	0.002623492255	4.20499873483159E-03	215470772550.104	121805.563609541	0
5.9875	0.0000118137	0.00005	0.01151495	-0.008810494705	-0.0061950999	0.002615394805	4.21801758814677E-03	215921548224.895	121927.600107021	0
6	0.0000118989	0.00005	0.01149975	-0.00880425366	-0.006198070055	0.002606183605	4.23292599632815E-03	216372323899.686	122103.634509466	0
