1	0.000000487644	0.00008	0.756574	-0.13561605	-0.0289733602	0.1066426898	1.65513904732737E-04	36062053983.281	28646.6373575891	0
1.0125	0.000000498569	0.00008	0.30149	-0.135138407	-0.0463296287	0.0888087783	1.98751163318278E-04	36512829658.072	33974.5578321842	0
1.025	0.000000508061	0.00008	0.254436	-0.133336258	-0.0573342915	0.0760019665	2.3224199073849E-04	36963605332.8631	39215.3455280752	0
1.0375	0.000000517401	0.00008	0.228697	-0.129844091	-0.0561665232	0.0736775678	2.39568820294309E-04	37414381007.6541	39965.1414763445	0
1.05	0.00000052762	0.00008	0.210638	-0.1249421	-0.0546143641	0.0703277359	2.50979898245238E-04	37865156682.4451	41370.3128975668	0
1.0625	0.000000536346	0.00008	0.196681	-0.119652701	-0.0529646161	0.0666880849	2.64677686073423E-04	38315932357.2361	43114.9171884309	0
1.075	0.000000546535	0.00008	0.185365	-0.114767985	-0.051383068	0.063384917	2.78470791402945E-04	38766708032.0271	44834.2955747139	0
1.0875	0.000000556866	0.00008	0.175798	-0.110307809	-0.0498864255	0.0604213835	2.9212915986937E-04	39217483706.8181	46492.7044884939	0
1.1	0.000000567023	0.00008	0.167555	-0.106247156	-0.0484762865	0.0577708695	3.05531977496029E-04	39668259381.6091	48073.2132423821	0
1.1125	0.00000057595	0.00008	0.16035	-0.0968983151	-0.0467560312	0.0501422839	3.52015237981611E-04	40119035056.4001	54764.6869807174	0
1.125	0.000000586233	0.00008	0.153922	-0.0964386917	-0.0456409306	0.0507977611	3.47472951913229E-04	40569810731.1912	53457.3772174199	0
1.1375	0.000000596474	0.00008	0.148154	-0.0951171685	-0.0445905999	0.0505265686	3.49337952073001E-04	41020586405.9822	53153.7036121219	0
1.15	0.000000607239	0.00008	0.142953	-0.0929857762	-0.0435961735	0.0493896027	3.57379833711438E-04	41471362080.7732	53786.2625987114	0
1.1625	0.000000616609	0.00008	0.138189	-0.0902582946	-0.042540672	0.0477176226	3.69902083093302E-04	41922137755.5642	55072.2704357273	0
1.175	0.000000625295	0.00008	0.133817	-0.0877085516	-0.0415400024	0.0461685492	3.82313247997838E-04	42372913430.3552	56314.5537149025	0
1.1875	0.000000637001	0.00008	0.1298	-0.0853330069	-0.0405919786	0.0447410283	3.94511451137121E-04	42823689105.1462	57499.6447001472	0
1.2	0.000000648049	0.00008	0.126054	-0.0831012441	-0.0396916958	0.0434095483	4.06612109345538E-04	43274464779.9372	58645.9773094526	0
1.2125	0.000000658476	0.00008	0.122577	-0.0810041862	-0.0388359478	0.0421682384	4.18581583431761E-04	43725240454.7282	59749.9484676583	0
1.225	0.000000665982	0.00008	0.119341	-0.0790217794	-0.0380199629	0.0410018165	4.30489415023844E-04	44176016129.5193	60822.680301642	0
1.2375	0.000000676312	0.00008	0.116296	-0.0771544922	-0.0372420482	0.039912444	4.42239217423017E-04	44626791804.3103	61851.638800422	0
1.25	0.000000688329	0.00008	0.113443	-0.0753917141	-0.0364997125	0.0388920016	4.53842622489247E-04	45077567479.1013	62839.7477292804	0
1.2625	0.000000700354	0.00008	0.110761	-0.0737160197	-0.0357905461	0.0379254736	4.65408769476777E-04	45528343153.8923	63803.1824111347	0
1.275	0.000000710832	0.00008	0.108223	-0.0721247905	-0.0351123871	0.0370124034	4.76890079502376E-04	45979118828.6833	64736.2098872003	0
1.2875	0.000000721719	0.00008	0.105832	-0.0706125232	-0.0344632542	0.036149269	4.88276761557751E-04	46429894503.4743	65638.3996119456	0
1.3	0.000000731971	0.00008	0.103557	-0.0691749724	-0.0338419058	0.0353330666	4.99556073063865E-04	46880670178.2653	66508.9446386802	0
1.3125	0.000000743389	0.00008	0.101397	-0.0678018922	-0.0332451191	0.0345567731	5.10778247405282E-04	47331445853.0564	67355.373284213	0
1.325	0.000000756083	0.00008	0.0993447	-0.066488124	-0.0326724081	0.0338157159	5.21971737998899E-04	47782221527.8474	68182.0847894063	0
1.3375	0.000000764611	0.00008	0.0973859	-0.0652351458	-0.0321227151	0.0331124307	5.33058057861032E-04	48232997202.6384	68979.4754960357	0
1.35	0.000000774326	0.00008	0.0955211	-0.0640372126	-0.031593689	0.0324435236	5.4404842758818E-04	48683772877.4294	69749.798408741	0
1.3625	0.000000786087	0.00008	0.0937428	-0.0628890414	-0.0310837497	0.0318052917	5.54965763763141E-04	49134548552.2204	70496.7095817681	0
1.375	0.000000796905	0.00008	0.0920357	-0.0617876865	-0.0305922687	0.0311954178	5.65815406389588E-04	49585324227.0114	71221.5196854027	0
1.3875	0.00000080717	0.00008	0.0904046	-0.0607302314	-0.0301185149	0.0306117165	5.76604320767181E-04	50036099901.8024	71925.694898193	0
1.4	0.000000817357	0.00008	0.0888421	-0.0597146976	-0.02966159	0.0300531076	5.87321891463896E-04	50486875576.5934	72608.4755930641	0
1.4125	0.000000831327	0.00008	0.0873372	-0.0587376163	-0.0292210355	0.0295165808	5.9799771930223E-04	50937651251.3845	73274.0568239629	0
1.425	0.000000842935	0.00008	0.0858943	-0.0577962672	-0.0287954337	0.0290008335	6.08632438098719E-04	51388426926.1755	73922.9681901278	0
1.4375	0.000000851862	0.00008	0.0845087	-0.0568901944	-0.0283836637	0.0285065307	6.19186115131155E-04	51839202600.9665	74550.83660442	0
1.45	0.000000863059	0.00008	0.0831728	-0.0560173729	-0.0279855845	0.0280317884	6.2967256131257E-04	52289978275.7575	75159.8547985827	0
1.4625	0.000000875032	0.00008	0.0818862	-0.0551766421	-0.0276011874	0.0275754547	6.40092727101976E-04	52740753950.5485	75750.6185919498	0
1.475	0.000000886695	0.00008	0.0806516	-0.0543624001	-0.0272294884	0.0271329117	6.5053276239424E-04	53191529625.3395	76333.7009328313	0
1.4875	0.000000899247	0.00008	0.07945	-0.0535778077	-0.0268715654	0.0267062423	6.60925928916626E-04	53642305300.1305	76901.530190687	0
1.5	0.000000910326	0.00008	0.0782947	-0.0528147648	-0.0265220953	0.0262926695	6.71322020002572E-04	54093080974.9215	77460.2330772198	0
1.5125	0.000000923882	0.00008	0.0771834	-0.0520815243	-0.0261835678	0.0258979565	6.81553697103476E-04	54543856649.7126	77990.887144708	0
1.525	0.000000931808	0.00008	0.0761013	-0.0513651435	-0.0258524706	0.0255126729	6.91846286321493E-04	54994632324.5036	78519.7550680131	0
1.5375	0.00000094597	0.00008	0.0750561	-0.0506751814	-0.0255333383	0.0251418431	7.0205067821778E-04	55445407999.2946	79030.0951089433	0
1.55	0.000000958018	0.00008	0.0740468	-0.0500061469	-0.0252239669	0.02478218	7.12239520494161E-04	55896183674.0856	79530.4675489759	0
1.5625	0.000000964257	0.00008	0.0730678	-0.0493579016	-0.0249224166	0.024435485	7.22344901277793E-04	56346959348.8766	80013.5890646171	0
1.575	0.000000981894	0.00008	0.0721134	-0.0487287563	-0.0246299799	0.0240987764	7.32437519109891E-04	56797735023.6676	80487.6394626254	0
1.5875	0.00000099101	0.00008	0.071194	-0.048118908	-0.0243449033	0.0237740047	7.42443194688188E-04	57248510698.4586	80944.7456352961	0
1.6	0.0000010031	0.00008	0.0703044	-0.0475268024	-0.0240692751	0.0234575273	7.52459872443589E-04	57699286373.2497	81395.899663369	0
1.6125	0.00000101746	0.00008	0.0694367	-0.0469522548	-0.0238002317	0.0231520231	7.62389011265283E-04	58150062048.0407	81830.6631053971	0
1.625	0.00000103107	0.00008	0.0685927	-0.046392889	-0.0235386886	0.0228542004	7.72324023202317E-04	58600837722.8317	82259.3634179982	0
1.6375	0.00000104015	0.00008	0.0677759	-0.045847935	-0.0232834663	0.0225644687	7.82240797896562E-04	59051613397.6227	82679.5910871293	0
1.65	0.00000105356	0.00008	0.0669794	-0.0453182321	-0.0230350786	0.0222831535	7.9211625051185E-04	59502389072.4137	83089.1171865577	0
1.6625	0.00000106938	0.00008	0.0662057	-0.0448028847	-0.0227934678	0.0220094169	8.01967997616511E-04	59953164747.2047	83490.0171029335	0
1.675	0.00000108174	0.00008	0.0654536	-0.0443021898	-0.0225586494	0.0217435404	8.11774332757696E-04	60403940421.9957	83880.241042701	0
1.6875	0.0000010943	0.00008	0.0647166	-0.0438137316	-0.0223292688	0.0214844628	8.21563385797107E-04	60854716096.7868	84262.9113638059	0
1.7	0.00000110438	0.00008	0.0640036	-0.0433363147	-0.0221044668	0.0212318479	8.31338284031321E-04	61305491771.5778	84638.5130801118	0
1.7125	0.0000011168	0.00008	0.0633076	-0.0428703476	-0.021884359	0.0209859886	8.41077746511308E-04	61756267446.3688	85005.0501808172	0
1.725	0.000001127	0.00008	0.0626302	-0.0424159431	-0.0216698127	0.0207461304	8.50801940394629E-04	62207043121.1598	85364.7431834076	0
1.7375	0.00000114175	0.00008	0.0619719	-0.0419755742	-0.0214615067	0.0205140675	8.60426534133224E-04	62657818795.9508	85709.3393159824	0
1.75	0.00000115699	0.00008	0.0613257	-0.0415463994	-0.0212587931	0.0202876063	8.70031079023847E-04	63108594470.7418	86047.0297935673	0
1.7625	0.00000117062	0.00008	0.0606947	-0.0411270183	-0.0210606416	0.0200663767	8.79623076148072E-04	63559370145.5328	86378.6981487469	0
1.775	0.00000118479	0.00008	0.0600795	-0.0407164029	-0.0208669792	0.0198494237	8.89237303146489E-04	64010145820.3238	86707.8627120087	0
1.7875	0.00000119825	0.00008	0.0594782	-0.0403144774	-0.0206765771	0.0196379003	8.98815440060056E-04	64460921495.1149	87028.9291074825	0
1.8	0.0000012112	0.00008	0.0588952	-0.0399226253	-0.0204903548	0.0194322705	9.08326590040006E-04	64911697169.9059	87339.0951961544	0
1.8125	0.00000122111	0.00008	0.0583226	-0.039540218	-0.020308583	0.019231635	9.17802776519001E-04	65362472844.6969	87641.6444421327	0
1.825	0.00000123629	0.00008	0.0577638	-0.0391655142	-0.0201306999	0.0190348143	9.27292891951144E-04	65813248519.4879	87941.3701534278	0
1.8375	0.00000124773	0.00008	0.0572187	-0.0387991501	-0.019956505	0.0188426451	9.36750010750879E-04	66264024194.2789	88233.9099608363	0
1.85	0.00000126487	0.00008	0.0566848	-0.0384402302	-0.0197859168	0.0186543134	9.4620732596891E-04	66714799869.0699	88522.5149035363	0
1.8625	0.00000127811	0.00008	0.0561622	-0.0380914978	-0.0196200176	0.0184714802	9.55573013580146E-04	67165575543.8609	88798.7312568025	0
1.875	0.00000129045	0.00008	0.0556506	-0.0377495533	-0.0194576594	0.0182918939	9.64954645839051E-04	67616351218.6519	89072.7365389893	0
1.8875	0.00000130635	0.00008	0.0551498	-0.0374153928	-0.0192987216	0.0181166712	9.74287594290501E-04	68067126893.4429	89338.6484830821	0
1.9	0.0000013201	0.00008	0.0546589	-0.0370880247	-0.019143151	0.0179448737	9.83615058823178E-04	68517902568.234	89600.5620385486	0
1.9125	0.00000133656	0.00008	0.054183	-0.0367678181	-0.0189906738	0.0177771443	9.92895579972313E-04	68968678243.025	89854.8036174039	0
1.925	0.00000135409	0.00008	0.0537106	-0.0364539254	-0.0188410905	0.0176128349	1.00215826130295E-03	69419453917.816	90104.1393778881	0
1.9375	0.00000136446	0.00008	0.0532503	-0.0361450347	-0.0186943962	0.0174506385	1.01147290398572E-03	69870229592.607	90354.8996116276	0
1.95	0.00000137898	0.00008	0.0527991	-0.0358422785	-0.0185501155	0.017292163	1.02074263352711E-03	70321005267.398	90598.4585970805	0
1.9625	0.00000139244	0.00008	0.052358	-0.0355457241	-0.0184090605	0.0171366636	1.03000493048133E-03	70771780942.189	90838.2594251054	0
1.975	0.00000141021	0.00008	0.0519238	-0.0352558413	-0.0182701911	0.0169856502	1.03916233951409E-03	71222556616.9801	91065.8330635523	0
1.9875	0.00000142425	0.00008	0.0515023	-0.0349710955	-0.0181341446	0.0168369509	1.04833993428109E-03	71673332291.7711	91292.301969326	0
2	0.00000143501	0.00008	0.0510799	-0.034691507	-0.0180004517	0.0166910553	1.05750341621599E-03	72124107966.5621	91514.7187109991	0
2.0125	0.00000145451	0.00008	0.0506248	-0.034412943	-0.0178657943	0.0165471487	1.06670027084485E-03	72574883641.3531	91737.2425953526	0
2.025	0.00000146584	0.00008	0.0502249	-0.0341346284	-0.0177327259	0.0164019025	1.07614637997025E-03	73025659316.1441	91978.3230743804	0
2.0375	0.00000148177	0.00008	0.0498307	-0.0338613012	-0.0176019258	0.0162593754	1.08557970806185E-03	73476434990.9351	92215.3598164855	0
2.05	0.00000149991	0.00008	0.0494406	-0.0335937995	-0.0174760818	0.0161177177	1.09512080609279E-03	73927210665.7261	92458.6046419803	0
2.0625	0.0000015117	0.00008	0.0490686	-0.0333397799	-0.0173554197	0.0159843602	1.10425739780314E-03	74377986340.5171	92664.9564590044	0
2.075	0.00000153087	0.00008	0.0486948	-0.0330920769	-0.0172373357	0.0158547412	1.11328515409637E-03	74828762015.3082	92859.7440858878	0
2.0875	0.00000154468	0.00008	0.0483264	-0.0328488032	-0.01712081	0.0157279932	1.12225684329518E-03	75279537690.0992	93047.5503422993	0
2.1	0.00000156126	0.00008	0.0479649	-0.0326091519	-0.0170059613	0.0156031906	1.13123324917918E-03	75730313364.8902	93233.5095477344	0
2.1125	0.00000158045	0.00008	0.0476202	-0.0323725297	-0.0168934838	0.0154790459	1.1403059409495E-03	76181089039.6812	93425.1567459763	0
2.125	0.00000159584	0.00008	0.0472712	-0.0321403763	-0.0167828863	0.01535749	1.14933156394697E-03	76631864714.4722	93610.7156155906	0
2.1375	0.00000160934	0.00008	0.0469305	-0.0319128281	-0.016674239	0.0152385891	1.15829935987972E-03	77082640389.2632	93789.4218526085	0
2.15	0.00000162248	0.00008	0.0465902	-0.0316881069	-0.0165657242	0.0151223827	1.16720019259928E-03	77533416064.0542	93960.6595115698	0
2.1625	0.00000163809	0.00008	0.0462695	-0.0314669397	-0.0164603292	0.0150066105	1.17620484652414E-03	77984191738.8452	94138.2269339015	0
2.175	0.00000165897	0.00008	0.0459451	-0.031250604	-0.0163573009	0.0148933031	1.18515334586859E-03	78434967413.6362	94309.2848171289	0
2.1875	0.00000167104	0.00008	0.0456277	-0.0310381522	-0.016256244	0.0147819082	1.19408453639294E-03	78885743088.4273	94477.0182640568	0
2.2	0.00000168728	0.00008	0.045313	-0.0308288826	-0.016155739	0.0146731436	1.20293568175807E-03	79336518763.2183	94636.5483900576	0
2.2125	0.00000170901	0.00008	0.0450111	-0.0306221258	-0.0160576383	0.0145644875	1.21190999683305E-03	79787294438.0093	94803.9110951539	0
2.225	0.00000172183	0.00008	0.0447064	-0.0304200589	-0.0159615418	0.0144585171	1.2207924144586E-03	80238070112.8003	94962.2448584911	0
2.2375	0.00000173949	0.00008	0.0444074	-0.0302218442	-0.0158676835	0.0143541607	1.22966771578641E-03	80688845787.5913	95118.2590638389	0
2.25	0.00000175579	0.00008	0.0441108	-0.030026374	-0.0157737514	0.0142526226	1.23842807708948E-03	81139621462.3823	95263.698237652	0
2.2625	0.00000177285	0.00008	0.0438257	-0.0298323451	-0.0156820474	0.0141502977	1.24738350911161E-03	81590397137.1734	95422.4528857163	0
2.275	0.00000178767	0.00008	0.0435423	-0.0296424986	-0.0155908857	0.0140516129	1.2561439121341E-03	82041172811.9644	95564.6256061446	0
2.2875	0.00000180861	0.00008	0.043264	-0.0294553695	-0.0155017345	0.013953635	1.26496414733509E-03	82491948486.7554	95709.7715512044	0
2.3	0.00000182098	0.00008	0.0429837	-0.0292713724	-0.0154135481	0.0138578243	1.27370989975678E-03	82942724161.5464	95847.7349315299	0
2.3125	0.00000183631	0.00008	0.0427195	-0.0290897643	-0.0153270002	0.0137627641	1.28250748699529E-03	83393499836.3374	95988.0863447618	0
2.325	0.00000185606	0.00008	0.04245	-0.0289113919	-0.0152415502	0.0136698417	1.29122548653947E-03	83844275511.1284	96121.0039607544	0
2.3375	0.00000187462	0.00008	0.0421849	-0.0287361184	-0.0151582429	0.0135778755	1.29997126575509E-03	84295051185.9194	96254.5569049428	0
2.35	0.00000189409	0.00008	0.0419271	-0.0285631806	-0.0150752475	0.0134879331	1.30863994276484E-03	84745826860.7104	96381.0105145954	0
2.3625	0.00000190312	0.00008	0.0416757	-0.0283925431	-0.0149938007	0.0133987424	1.31735109707012E-03	85196602535.5014	96509.2378805952	0
2.375	0.00000193068	0.00008	0.0414269	-0.0282247245	-0.0149141074	0.0133106171	1.32607285352683E-03	85647378210.2925	96636.8881112669	0
2.3875	0.0000019414	0.00008	0.0411764	-0.0280596608	-0.0148358895	0.0132237713	1.33478170482274E-03	86098153885.0835	96762.2661571055	0
2.4	0.00000196725	0.00008	0.0409323	-0.0278977343	-0.014758768	0.0131389663	1.34339700681019E-03	86548929559.8745	96879.5918372736	0
2.4125	0.00000198295	0.00008	0.0406947	-0.0277370662	-0.0146824759	0.0130545903	1.35207981211023E-03	86999705234.6655	97000.5445116943	0
2.425	0.00000199983	0.00008	0.0404565	-0.0275785954	-0.0146075725	0.0129710229	1.36079075151429E-03	87450480909.4565	97122.2582365469	0
2.4375	0.00000201581	0.00008	0.0402193	-0.0274215566	-0.0145327798	0.0128887768	1.36947425453128E-03	87901256584.2475	97240.7754696764	0
2.45	0.00000202872	0.00008	0.039987	-0.0272669319	-0.0144587003	0.0128082316	1.37808626133837E-03	88352032259.0385	97353.0325906229	0
2.4625	0.0000020486	0.00008	0.0397671	-0.0271143008	-0.0143863161	0.0127279847	1.3867747656862E-03	88802807933.8295	97469.5266784519	0
2.475	0.00000207029	0.00008	0.0395404	-0.0269647919	-0.0143150597	0.0126497322	1.39535349214745E-03	89253583608.6206	97577.1672830382	0
2.4875	0.00000208668	0.00008	0.0393157	-0.0268174346	-0.0142451534	0.0125722812	1.40394950758817E-03	89704359283.4116	97684.9290165716	0
2.5	0.00000210776	0.00008	0.0390979	-0.0266724529	-0.0141762895	0.0124961634	1.4125013762224E-03	90155134958.2026	97788.556815397	0
2.5125	0.00000211802	0.00008	0.0388888	-0.0265283817	-0.0141077463	0.0124206354	1.42109058285376E-03	90605910632.9936	97893.7255697192	0
2.525	0.00000213982	0.00008	0.0386763	-0.0263867168	-0.0140405482	0.0123461686	1.42966199246623E-03	91056686307.7846	97996.6331469617	0
2.5375	0.0000021624	0.00008	0.0384612	-0.0262464714	-0.0139737083	0.0122727631	1.43821304592769E-03	91507461982.5756	98097.1384111348	0
2.55	0.0000021762	0.00008	0.0382521	-0.026107693	-0.0139072893	0.0122004037	1.44674294671085E-03	91958237657.3666	98195.2226274335	0
2.5625	0.00000219814	0.00008	0.0380549	-0.0259713477	-0.0138425481	0.0121287996	1.45528400024022E-03	92409013332.1577	98293.1032057185	0
2.575	0.00000221255	0.00008	0.0378513	-0.0258373186	-0.0137790342	0.0120582844	1.46379430228068E-03	92859789006.9487	98387.9665461248	0
2.5875	0.00000223376	0.00008	0.0376505	-0.0257055074	-0.0137167193	0.0119887881	1.47227958762571E-03	93310564681.7397	98480.2399749638	0
2.6	0.00000225409	0.00008	0.0374596	-0.025575606	-0.0136554297	0.0119201763	1.48075393817791E-03	93761340356.5307	98570.8982514882	0
2.6125	0.00000227327	0.00008	0.0372657	-0.0254468016	-0.0135946676	0.011852134	1.48925484642681E-03	94212116031.3217	98662.4484198845	0
2.625	0.00000229393	0.00008	0.0370696	-0.0253194021	-0.013534514	0.0117848881	1.49775270246308E-03	94662891706.1127	98752.9254371262	0
2.6375	0.00000231175	0.00008	0.0368808	-0.0251932549	-0.01347414	0.0117191149	1.50615879702656E-03	95113667380.9037	98836.5233192783	0
2.65	0.00000232679	0.00008	0.0366971	-0.0250675564	-0.0134149322	0.0116526242	1.51475304592763E-03	95564443055.6947	98931.6212870005	0
2.6625	0.000002349	0.00008	0.0365121	-0.0249448016	-0.0133565964	0.0115882052	1.52317357997768E-03	96015218730.4858	99014.5339097085	0
2.675	0.00000237278	0.00008	0.0363286	-0.0248233973	-0.0132999979	0.0115233994	1.53173967050036E-03	96465994405.2768	99106.0893925464	0
2.6875	0.00000239577	0.00008	0.0361512	-0.0247051496	-0.0132449326	0.011460217	1.54018444851437E-03	96916770080.0678	99188.9805841097	0
2.7	0.00000240272	0.00008	0.0359735	-0.0245866742	-0.013189542	0.0113971322	1.54870959555949E-03	97367545754.8588	99276.2561256081	0
2.7125	0.00000243901	0.00008	0.0357991	-0.024470026	-0.0131344662	0.0113355598	1.55712186353602E-03	97818321429.6498	99355.5247913803	0
2.725	0.00000245111	0.00008	0.0356221	-0.0243544211	-0.0130798979	0.0112745232	1.56555161463502E-03	98269097104.4408	99435.1766528948	0
2.7375	0.00000247751	0.00008	0.0354531	-0.0242405257	-0.0130264103	0.0112141154	1.57398487267217E-03	98719872779.2318	99514.3228243731	0
2.75	0.00000249256	0.00008	0.0352855	-0.0241281593	-0.012974021	0.0111541383	1.58244837254708E-03	99170648454.0228	99594.6528176481	0
2.7625	0.00000251856	0.00008	0.0351167	-0.0240179675	-0.0129223206	0.0110956469	1.59079034860058E-03	99621424128.8139	99666.6420981919	0
2.775	0.00000252551	0.00008	0.03495	-0.0239079285	-0.0128697686	0.0110381599	1.59907522267366E-03	100072199803.605	99734.4213725777	0
2.7875	0.00000254303	0.00008	0.0347859	-0.0237985865	-0.012817456	0.0109811305	1.60737985947804E-03	100522975478.396	99802.8198365115	0
2.8	0.00000256881	0.00008	0.0346275	-0.0236900126	-0.0127660782	0.0109239344	1.61579586197442E-03	100973751153.187	99877.4914681989	0
2.8125	0.00000259571	0.00008	0.0344666	-0.0235833472	-0.0127161382	0.010867209	1.62423010360802E-03	101424526827.978	99952.6217604935	0
2.825	0.00000260767	0.00008	0.0343068	-0.0234790457	-0.012667665	0.0108113807	1.63261737698313E-03	101875302502.769	100024.209617755	0
2.8375	0.00000263449	0.00008	0.0341532	-0.0233756412	-0.0126199742	0.010755667	1.64107423556345E-03	102326078177.56	100099.411183131	0
2.85	0.00000266002	0.00008	0.0340006	-0.0232738521	-0.012572737	0.0107011151	1.64944006629739E-03	102776853852.351	100168.425078789	0
2.8625	0.00000268853	0.00008	0.0338469	-0.0231731171	-0.0125261122	0.0106470049	1.65782284931605E-03	103227629527.142	100237.861228381	0
2.875	0.00000269861	0.00008	0.0336955	-0.0230730965	-0.0124795813	0.0105935152	1.66619367289906E-03	103678405201.933	100305.973619341	0
2.8875	0.00000272966	0.00008	0.0335452	-0.0229739896	-0.0124330472	0.0105409424	1.67450379009755E-03	104129180876.724	100369.857548305	0
2.9	0.00000274085	0.00008	0.0334013	-0.0228756685	-0.0123876078	0.0104880607	1.68294678157231E-03	104579956551.515	100441.120916119	0
2.9125	0.00000276371	0.00008	0.0332519	-0.0227789792	-0.0123422532	0.010436726	1.69122462350741E-03	105030732226.306	100501.958478486	0
2.925	0.00000278141	0.00008	0.0331059	-0.022682631	-0.0122961096	0.0103865214	1.69939937735073E-03	105481507901.097	100556.176174599	0
2.9375	0.00000280991	0.00008	0.0329612	-0.0225880313	-0.0122515676	0.0103364637	1.7076292736364E-03	105932283575.888	100613.181425385	0
2.95	0.00000287264	0.00008	0.0328288	-0.0224960177	-0.0122122922	0.0102837255	1.71638653715524E-03	106383059250.679	100700.644292028	0
2.9625	0.00000288503	0.00008	0.0326867	-0.022406323	-0.0121737335	0.0102325895	1.72496394974117E-03	106833834925.47	100776.861718082	0
2.975	0.00000290169	0.00008	0.0325506	-0.0223170639	-0.0121343924	0.0101826715	1.73342015403325E-03	107284610600.261	100845.387112471	0
2.9875	0.00000293517	0.00008	0.0324107	-0.0222280864	-0.012093593	0.0101344934	1.74166061423455E-03	107735386275.052	100900.840219575	0
3	0.00000295369	0.00008	0.0322772	-0.0221384311	-0.012052657	0.0100857741	1.75007370034195E-03	108186161949.843	100965.790404343	0
3.0125	0.00000297778	0.00008	0.0321415	-0.0220503228	-0.0120120858	0.010038237	1.75836135369189E-03	108636937624.634	101022.995105183	0
3.025	0.00000300151	0.00008	0.0320102	-0.0219628915	-0.011972129	0.0099907625	1.76671680464829E-03	109087713299.425	101083.606114651	0
3.0375	0.00000301415	0.00008	0.0318798	-0.0218759087	-0.0119314425	0.0099444662	1.77494172588168E-03	109538488974.216	101136.280677019	0
3.05	0.00000304201	0.00008	0.0317519	-0.0217900705	-0.0118925282	0.0098975423	1.78335666218875E-03	109989264649.007	101199.306177168	0
3.0625	0.00000307508	0.00008	0.0316202	-0.0217061524	-0.0118532438	0.0098529086	1.79143527222002E-03	110440040323.798	101242.809733	0
3.075	0.00000308124	0.00008	0.0314914	-0.0216224596	-0.0118146569	0.0098078027	1.79967404931586E-03	110890815998.589	101294.974633163	0
3.0875	0.00000311757	0.00008	0.0313654	-0.0215386027	-0.0117749014	0.0097637013	1.80780294866251E-03	111341591673.38	101340.557695189	0
3.1	0.0000031346	0.00008	0.0312451	-0.0214555008	-0.0117363548	0.009719146	1.81609042605184E-03	111792367348.171	101394.626764681	0
3.1125	0.00000316305	0.00008	0.0311208	-0.0213736777	-0.0116991763	0.0096745014	1.82447107816843E-03	112243143022.962	101453.442715575	0
3.125	0.00000319104	0.00008	0.0309984	-0.0212932901	-0.0116629271	0.009630363	1.83283309258436E-03	112693918697.753	101510.75589698	0
3.1375	0.00000320648	0.00008	0.0308737	-0.0212132755	-0.011626188	0.0095870875	1.84110638397741E-03	113144694372.544	101562.718086403	0
3.15	0.00000322603	0.00008	0.030756	-0.0211342087	-0.0115892111	0.0095449976	1.84922498042325E-03	113595470047.335	101605.768155124	0
3.1625	0.00000325209	0.00008	0.0306355	-0.0210558546	-0.0115533021	0.0095025525	1.85748492312986E-03	114046245722.126	101656.213488408	0
3.175	0.00000328451	0.00008	0.0305194	-0.0209788217	-0.0115182282	0.0094605935	1.86572311768812E-03	114497021396.917	101705.076070219	0
3.1875	0.00000329367	0.00008	0.0304026	-0.0209026348	-0.0114835472	0.0094190876	1.87394456337788E-03	114947797071.708	101752.645975269	0
3.2	0.00000332809	0.00008	0.0302881	-0.0208261653	-0.0114491111	0.0093770542	1.88234467067493E-03	115398572746.499	101809.507428332	0
3.2125	0.00000334536	0.00008	0.0301722	-0.0207505725	-0.0114142406	0.0093363319	1.89055489768953E-03	115849348421.29	101855.696373575	0
3.225	0.00000337706	0.00008	0.0300566	-0.0206753943	-0.0113798318	0.0092955625	1.89884668087596E-03	116300124096.081	101905.9041615	0
3.2375	0.00000340266	0.00008	0.0299459	-0.0206015498	-0.0113461124	0.0092554374	1.90707875135107E-03	116750899770.872	101952.53199976	0
3.25	0.00000342185	0.00008	0.0298349	-0.0205280609	-0.0113118497	0.0092162112	1.91519569343203E-03	117201675445.663	101992.670064427	0
3.2625	0.00000344988	0.00008	0.0297266	-0.0204553299	-0.0112785135	0.0091768164	1.9234173629103E-03	117652451120.454	102038.056387814	0
3.275	0.00000347287	0.00008	0.0296158	-0.0203838178	-0.0112458412	0.0091379766	1.93159260223976E-03	118103226795.245	102080.642514139	0
3.2875	0.00000349992	0.00008	0.0295088	-0.0203134815	-0.0112142533	0.0090992282	1.93981814853264E-03	118554002470.036	102125.553300929	0
3.3	0.00000351695	0.00008	0.0294043	-0.02024375	-0.0111827973	0.0090609527	1.94801237622618E-03	119004778144.827	102168.481270604	0
3.3125	0.00000354487	0.00008	0.0292971	-0.0201745054	-0.0111512147	0.0090232907	1.95614311749925E-03	119455553819.618	102207.768113168	0
3.325	0.00000357457	0.00008	0.0291922	-0.0201051293	-0.0111195761	0.0089855532	1.96435852163226E-03	119906329494.409	102251.166539562	0
3.3375	0.00000359749	0.00008	0.0290892	-0.0200369118	-0.0110892169	0.0089476949	1.9726698548919E-03	120357105169.2	102299.214601136	0
3.35	0.00000362429	0.00008	0.028988	-0.0199699337	-0.0110598073	0.0089101264	1.98098738531925E-03	120807880843.991	102347.224270225	0
3.3625	0.00000365985	0.00008	0.0288845	-0.0199033172	-0.0110298264	0.0088734908	1.98916620277558E-03	121258656518.782	102387.737060224	0
3.375	0.00000367159	0.00008	0.0287789	-0.0198373552	-0.0110004232	0.008836932	1.99739547616752E-03	121709432193.574	102430.53723936	0
3.3875	0.00000371877	0.00008	0.0286804	-0.0197714947	-0.0109708363	0.0088006584	2.00562812436851E-03	122160207868.365	102473.193978522	0
3.4	0.00000373152	0.00008	0.0285808	-0.0197068627	-0.0109424534	0.0087644093	2.01392328858945E-03	122610983543.156	102518.719441771	0
3.4125	0.00000374884	0.00008	0.0284832	-0.0196426005	-0.0109144671	0.0087281334	2.02229356393659E-03	123061759217.947	102567.720909717	0
3.425	0.00000377519	0.00008	0.0283817	-0.0195793688	-0.0108861605	0.0086932083	2.03041815988695E-03	123512534892.738	102603.949685472	0
3.4375	0.00000381361	0.00008	0.0282876	-0.0195158351	-0.0108569242	0.0086589109	2.03846051816979E-03	123963310567.529	102635.774341416	0
3.45	0.00000383406	0.00008	0.0281914	-0.0194525862	-0.0108281992	0.008624387	2.04662058880243E-03	124414086242.32	102673.27368574	0
3.4625	0.00000386887	0.00008	0.0280943	-0.0193912967	-0.0108006055	0.0085906912	2.05464817545764E-03	124864861917.111	102703.879917349	0
3.475	0.00000389199	0.00008	0.0280018	-0.0193294598	-0.0107732501	0.0085562097	2.0629284015795E-03	125315637591.902	102746.848999532	0
3.4875	0.00000392323	0.00008	0.0279079	-0.0192685028	-0.0107465989	0.0085219039	2.0712329318804E-03	125766413266.693	102790.716222352	0
3.5	0.00000394583	0.00008	0.0278178	-0.0192076086	-0.0107191975	0.0084884111	2.07940541428301E-03	126217188941.484	102827.740266742	0
3.5125	0.0000039654	0.00008	0.0277253	-0.0191477905	-0.0106920522	0.0084557383	2.0874401943116E-03	126667964616.275	102857.715569693	0
3.525	0.00000399061	0.00008	0.0276304	-0.0190881003	-0.0106645222	0.0084235781	2.09540978791424E-03	127118740291.066	102884.277638997	0
3.5375	0.00000401174	0.00008	0.0275454	-0.0190285097	-0.0106379624	0.0083905473	2.10365872080835E-03	127569515965.857	102924.319039278	0
3.55	0.00000404472	0.00008	0.0274543	-0.0189698156	-0.010611473	0.0083583426	2.11176411936022E-03	128020291640.648	102957.080575525	0
3.5625	0.00000405639	0.00008	0.0273642	-0.0189118746	-0.0105861183	0.0083257563	2.12002938399722E-03	128471067315.439	102997.378979622	0
3.575	0.0000040899	0.00008	0.0272778	-0.0188542597	-0.0105601297	0.00829413	2.12811325600153E-03	128921842990.23	103028.613792436	0
3.5875	0.00000412567	0.00008	0.0271886	-0.0187964487	-0.0105336299	0.0082628188	2.13617754754588E-03	129372618665.021	103058.686292752	0
3.6	0.00000414386	0.00008	0.0270994	-0.0187391859	-0.0105071921	0.0082319938	2.14417654201829E-03	129823394339.812	103085.410673956	0
3.6125	0.00000417456	0.00008	0.0270169	-0.0186830179	-0.0104815672	0.0082014507	2.15216169012636E-03	130274170014.603	103111.28672418	0
3.625	0.00000421815	0.00008	0.0269294	-0.0186274187	-0.0104574079	0.0081700108	2.16044365571708E-03	130724945689.394	103151.155975882	0
3.6375	0.00000423684	0.00008	0.0268489	-0.0185723046	-0.0104338975	0.0081384071	2.16883325976652E-03	131175721364.185	103195.872788256	0
3.65	0.00000425646	0.00008	0.0267638	-0.0185179866	-0.0104103325	0.0081076541	2.17705982301342E-03	131626497038.976	103232.552197686	0
3.6625	0.00000429873	0.00008	0.0266805	-0.0184646936	-0.0103878109	0.0080768827	2.18535401040305E-03	132077272713.767	103272.17691587	0
3.675	0.00000431087	0.00008	0.0265974	-0.0184120493	-0.0103649793	0.00804707	2.1934502868746E-03	132528048388.558	103302.211312776	0
3.6875	0.00000437257	0.00008	0.0265179	-0.0183609318	-0.0103451267	0.0080158051	2.2020056350921E-03	132978824063.349	103353.58913079	0
3.7	0.00000437725	0.00008	0.0264396	-0.0183102292	-0.0103244888	0.0079857404	2.21029574164469E-03	133429599738.14	103392.212446997	0
3.7125	0.00000446293	0.00008	0.0263551	-0.0182599547	-0.0103041951	0.0079557596	2.21862510777726E-03	133880375412.931	103432.405956982	0
3.725	0.0000044751	0.00008	0.0262709	-0.0182083311	-0.01028097	0.0079273611	2.22657297647259E-03	134331151087.722	103454.603966202	0
3.7375	0.00000444348	0.00008	0.0261968	-0.0181565401	-0.010258196	0.0078983441	2.23475297815906E-03	134781926762.513	103487.403156324	0
3.75	0.00000454942	0.00008	0.0261211	-0.0181046596	-0.0102351533	0.0078695063	2.24294222879013E-03	135232702437.304	103520.410559545	0
3.7625	0.00000454865	0.00008	0.0260388	-0.018054192	-0.0102127885	0.0078414035	2.25098070772662E-03	135683478112.095	103546.263069459	0
3.775	0.0000046162	0.00008	0.0259596	-0.0180044893	-0.0101912528	0.0078132365	0.002259095574542	136134253786.886	103575.446616801	0
3.7875	0.00000459317	0.00008	0.0258846	-0.0179548281	-0.0101684476	0.0077863805	2.26688741964254E-03	136585029461.677	103589.676449773	0
3.8	0.00000461328	0.00008	0.0258116	-0.0179051918	-0.0101479819	0.0077572099	2.27541193644895E-03	137035805136.468	103637.183340286	0
3.8125	0.00000465726	0.00008	0.0257382	-0.0178565934	-0.0101264924	0.007730101	2.28339164003161E-03	137486580811.259	103659.645701309	0
3.825	0.00000468935	0.00008	0.0256582	-0.0178082511	-0.0101067633	0.0077014878	2.29187508418828E-03	137937356486.05	103704.754940646	0
3.8375	0.00000472315	0.00008	0.0255858	-0.0177613401	-0.0100870753	0.0076742648	2.3000050767078E-03	138388132160.841	103733.629117365	0
3.85	0.00000475085	0.00008	0.0255076	-0.0177141527	-0.0100671669	0.0076469858	2.3082098570132E-03	138838907835.632	103765.677887706	0
3.8625	0.00000478403	0.00008	0.0254394	-0.0176673754	-0.0100476779	0.0076196975	2.31647621181812E-03	139289683510.423	103800.278348833	0
3.875	0.00000480607	0.00008	0.0253609	-0.0176212842	-0.0100275165	0.0075937677	2.32438608834452E-03	139740459185.214	103818.733474445	0
3.8875	0.00000483362	0.00008	0.0252927	-0.017574023	-0.0100065014	0.0075675216	2.33244765366775E-03	140191234860.005	103843.823314419	0
3.9	0.00000484528	0.00008	0.0252195	-0.0175257862	-0.00998444611	0.00754134009	2.3405452862954E-03	140642010534.796	103870.352942103	0
3.9125	0.00000487466	0.00008	0.0251452	-0.0174769436	-0.00996116577	0.00751577783	2.3485058232489E-03	141092786209.587	103890.648361957	0
3.925	0.00000491213	0.00008	0.0250767	-0.0174303157	-0.00994038848	0.00748992722	2.35661141711334E-03	141543561884.378	103917.210945713	0
3.9375	0.00000495224	0.00008	0.0250081	-0.0173856131	-0.00992206529	0.00746354781	2.36494070237623E-03	141994337559.169	103953.437467087	0
3.95	0.00000498098	0.00008	0.0249382	-0.0173418736	-0.00990423439	0.00743763921	2.37317884097796E-03	142445113233.96	103985.440938664	0
3.9625	0.00000501495	0.00008	0.0248676	-0.017298109	-0.00988596909	0.00741213991	2.38134306884663E-03	142895888908.751	104014.014169472	0
3.975	0.00000502768	0.00008	0.0248001	-0.0172539013	-0.00986714272	0.00738675858	2.38952550145479E-03	143346664583.542	104043.200353619	0
3.9875	0.0000050587	0.00008	0.0247309	-0.0172100465	-0.009847844	0.0073622025	2.39749558640909E-03	143797440258.333	104062.986629765	0
4	0.00000511437	0.00008	0.0246665	-0.0171664963	-0.00982956197	0.00733693433	2.4057524854526E-03	144248215933.124	104095.059466699	0
4.0125	0.00000514092	0.00008	0.0245984	-0.0171240105	-0.00981200856	0.00731200194	2.4139555958597E-03	144698991607.915	104124.612330397	0
4.025	0.00000517905	0.00008	0.0245338	-0.0170818643	-0.0097951242	0.0072867401	2.42232435324542E-03	145149767282.706	104161.104535159	0
4.0375	0.00000520349	0.00008	0.0244645	-0.0170398156	-0.00977813557	0.00726168003	2.4306837986636E-03	145600542957.497	104196.971602631	0
4.05	0.00000522131	0.00008	0.0243997	-0.0169978324	-0.0097603275	0.0072375049	2.43880290844432E-03	146051318632.288	104222.346514714	0
4.0625	0.00000525898	0.00008	0.0243368	-0.0169552508	-0.00974220932	0.00721304148	2.44707424031062E-03	146502094307.079	104254.050474772	0
4.075	0.00000530258	0.00008	0.0242699	-0.0169137417	-0.00972495076	0.00718879094	2.45532915720039E-03	146952869981.87	104284.862740932	0
4.0875	0.00000533843	0.00008	0.0242063	-0.0168738814	-0.00970901631	0.00716486509	2.46352831187782E-03	147403645656.661	104313.125414728	0
4.1	0.00000536925	0.00008	0.0241433	-0.0168346192	-0.00969343997	0.00714117923	2.47169934145456E-03	147854421331.452	104340.028485418	0
4.1125	0.00000539669	0.00008	0.0240797	-0.0167948297	-0.00967724899	0.00711758071	2.47989432353061E-03	148305197006.243	104367.776066287	0
4.125	0.0000054232	0.00008	0.0240186	-0.0167543659	-0.00966011098	0.00709425492	2.48804817405688E-03	148755972681.034	104393.629680708	0
4.1375	0.00000547317	0.00008	0.0239561	-0.0167143286	-0.00964267461	0.00707165399	2.49599994922829E-03	149206748355.825	104410.874009085	0
4.15	0.00000549186	0.00008	0.0238937	-0.0166741812	-0.00962691523	0.00704726597	2.50463769568782E-03	149657524030.616	104456.623082439	0
4.1625	0.00000553251	0.00008	0.0238321	-0.0166356597	-0.00961177622	0.00702388348	2.51297562812076E-03	150108299705.407	104489.631106892	0
4.175	0.00000556414	0.00008	0.0237742	-0.016597205	-0.00959639568	0.00700080932	2.52125821361465E-03	150559075380.198	104520.147040681	0
4.1875	0.0000056146	0.00008	0.0237117	-0.0165599261	-0.00958197603	0.00697795007	2.52951766964993E-03	151009851054.989	104549.524807575	0
4.2	0.00000565432	0.00008	0.0236542	-0.0165216852	-0.00956650238	0.00695518282	2.53779784900032E-03	151460626729.78	104579.581689574	0
4.2125	0.0000056664	0.00008	0.0235871	-0.0164834925	-0.0095508211	0.0069326714	2.54603845784469E-03	151911402404.571	104607.834378463	0
4.225	0.0000056867	0.00008	0.0235291	-0.0164446732	-0.0095342044	0.0069104688	0.00255421860815	152362178079.362	104633.443210514	0
4.2375	0.00000572904	0.00008	0.0234727	-0.0164070423	-0.00951836138	0.00688868092	2.5622972242413E-03	152812953754.153	104654.753883239	0
4.25	0.00000575607	0.00008	0.0234094	-0.0163696003	-0.0095026562	0.0068669441	2.57040799269066E-03	153263729428.944	104677.248571113	0
4.2625	0.0000057879	0.00008	0.0233485	-0.0163329879	-0.00948778901	0.00684519889	2.57857343280204E-03	153714505103.735	104701.831243936	0
4.275	0.00000583229	0.00008	0.0232979	-0.0162959111	-0.0094729132	0.0068229979	2.58696371575902E-03	154165280778.526	104735.373107653	0
4.2875	0.00000585585	0.00008	0.0232393	-0.0162592009	-0.00945802394	0.00680117696	2.59526374682067E-03	154616056453.317	104765.076121938	0
4.3	0.00000589041	0.00008	0.023182	-0.0162225093	-0.00944273607	0.00677977323	2.60345698907691E-03	155066832128.108	104790.308147103	0
4.3125	0.00000592438	0.00008	0.023124	-0.0161866573	-0.00942799505	0.00675866225	2.61158900195079E-03	155517607802.899	104812.936533142	0
4.325	0.00000594776	0.00008	0.0230649	-0.0161504883	-0.00941268362	0.00673780468	2.6196734453276E-03	155968383477.69	104833.530493323	0
4.3375	0.00000598839	0.00008	0.0230117	-0.0161141056	-0.00939874462	0.00671536098	2.62842876988573E-03	156419159152.482	104880.775566267	0
4.35	0.00000603473	0.00008	0.0229561	-0.0160797061	-0.00938543263	0.00669427347	2.63670853590031E-03	156869934827.272	104908.827688341	0
4.3625	0.00000606088	0.00008	0.0229014	-0.0160455461	-0.00937247908	0.00667306702	2.64508777554582E-03	157320710502.064	104940.665549537	0
4.375	0.00000609742	0.00008	0.0228449	-0.0160113286	-0.00935898778	0.00665234082	2.65332887739808E-03	157771486176.855	104966.856688276	0
4.3875	0.00000613631	0.00008	0.022793	-0.0159776208	-0.00934478863	0.00663283217	2.66113291390576E-03	158222261851.646	104975.657353285	0
4.4	0.00000615405	0.00008	0.0227377	-0.0159429069	-0.00933015578	0.00661275112	2.66921401995846E-03	158673037526.437	104995.306729135	0
4.4125	0.00000621061	0.00008	0.0226876	-0.0159087528	-0.00931632465	0.00659242815	2.67744260511963E-03	159123813201.228	105020.629531823	0
4.425	0.00000621891	0.00008	0.0226332	-0.0158754331	-0.00930339566	0.00657203744	2.68574976347061E-03	159574588876.019	105048.882534704	0
4.4375	0.00000627584	0.00008	0.0225766	-0.0158424225	-0.00929080126	0.00655162124	2.69411911241682E-03	160025364550.81	105079.402001089	0
4.45	0.0000063011	0.00008	0.022528	-0.0158096189	-0.00927798112	0.00653163778	2.70236173445613E-03	160476140225.601	105104.821132693	0
4.4625	0.00000635867	0.00008	0.0224741	-0.0157767231	-0.00926528895	0.00651143415	2.71074660257449E-03	160926915900.392	105135.614838054	0
4.475	0.00000638483	0.00008	0.0224255	-0.0157440443	-0.00925321636	0.00649082794	2.71935231732548E-03	161377691575.183	105174.778065876	0
4.4875	0.00000640492	0.00008	0.0223716	-0.0157120721	-0.00924031806	0.00647175404	2.72736693806738E-03	161828467249.974	105190.925402213	0
4.5	0.0000064465	0.00008	0.0223184	-0.0156803044	-0.00922881963	0.00645148477	2.7359357774629E-03	162279242924.765	105228.299133188	0
4.5125	0.00000647608	0.00008	0.022268	-0.0156484832	-0.00921658332	0.00643189988	2.74426659763242E-03	162730018599.556	105256.33658083	0
4.525	0.00000651698	0.00008	0.0222178	-0.0156170625	-0.00920611902	0.00641094348	2.75323718810886E-03	163180794274.347	105308.689727921	0
4.5375	0.0000065767	0.00008	0.0221679	-0.0155863224	-0.00919539489	0.00639092751	2.76186014821501E-03	163631569949.138	105347.494528227	0
4.55	0.00000661251	0.00008	0.0221176	-0.0155562428	-0.00918449604	0.00637174676	2.7701741241204E-03	164082345623.929	105374.332701114	0
4.5625	0.00000664952	0.00008	0.0220687	-0.0155255967	-0.00917198787	0.00635360883	2.77808226352519E-03	164533121298.72	105385.628542578	0
4.575	0.00000666089	0.00008	0.0220221	-0.0154943681	-0.00915922612	0.00633514198	2.7861803343514E-03	164983896973.511	105404.047957808	0
4.5875	0.00000671826	0.00008	0.0219693	-0.0154631655	-0.00914676221	0.00631640329	2.79444601454509E-03	165434672648.302	105428.690550852	0
4.6	0.00000675872	0.00008	0.0219211	-0.0154329354	-0.00913541678	0.00629751862	2.80282585333587E-03	165885448323.093	105457.494481701	0
4.6125	0.00000679329	0.00008	0.0218765	-0.0154030672	-0.00912409204	0.00627897516	2.81110333298404E-03	166336223997.884	105482.301425292	0
4.625	0.00000684068	0.00008	0.0218275	-0.0153723948	-0.00911240859	0.00625998621	2.81963049244481E-03	166786999672.675	105516.317804587	0
4.6375	0.00000685998	0.00008	0.0217769	-0.0153431049	-0.00910173529	0.00624136961	2.82804081522741E-03	167237775347.466	105545.790325717	0
4.65	0.00000692128	0.00008	0.0217321	-0.0153138759	-0.00909110629	0.00622276961	2.83649389359282E-03	167688551022.257	105576.695791296	0
4.6625	0.00000696289	0.00008	0.0216848	-0.0152862001	-0.00908229713	0.00620390297	2.84511993262203E-03	168139326697.048	105613.85602639	0
4.675	0.00000698915	0.00008	0.0216345	-0.0152572593	-0.00907153564	0.00618572366	2.85348149548601E-03	168590102371.839	105641.026159499	0
4.6875	0.00000702408	0.00008	0.0215889	-0.0152276773	-0.00905999762	0.00616767968	2.86182955597331E-03	169040878046.63	105667.552835938	0
4.7	0.00000704758	0.00008	0.0215411	-0.0151981377	-0.00904785082	0.00615028688	2.8699227116378E-03	169491653721.421	105684.551574224	0
4.7125	0.00000707025	0.00008	0.0214942	-0.0151688047	-0.00903630425	0.00613250045	2.87824650709973E-03	169942429396.212	105709.930887156	0
4.725	0.00000708949	0.00008	0.0214432	-0.0151389781	-0.0090228813	0.0061160968	2.88596609523904E-03	170393205071.003	105713.04378165	0
4.7375	0.00000713155	0.00008	0.0214036	-0.0151086014	-0.00900949722	0.00609910418	2.89400664082442E-03	170843980745.794	105727.865911994	0
4.75	0.0000071543	0.00008	0.0213527	-0.0150771855	-0.00899458114	0.00608260436	2.90185699337512E-03	171294756420.585	105735.679920551	0
4.7625	0.00000717563	0.00008	0.0213102	-0.0150473254	-0.00898200709	0.00606531831	2.91012723452597E-03	171745532095.376	105758.712338921	0
4.775	0.00000723136	0.00008	0.0212651	-0.0150188197	-0.00897021253	0.00604860717	2.91816735719672E-03	172196307770.167	105773.283184738	0
4.7875	0.00000726893	0.00008	0.0212224	-0.0149916363	-0.00896160802	0.00603002828	2.92715841127034E-03	172647083444.958	105822.155860346	0
4.8	0.00000730824	0.00008	0.021177	-0.0149653263	-0.0089532677	0.0060120586	2.93590751094808E-03	173097859119.749	105862.049673609	0
4.8125	0.00000737471	0.00008	0.0211374	-0.0149390553	-0.00894477659	0.00599427871	2.94461583352036E-03	173548634794.54	105900.269736996	0
4.825	0.00000740045	0.00008	0.0210923	-0.0149130293	-0.00893577418	0.00597725512	2.95300228041797E-03	173999410469.331	105926.745810131	0
4.8375	0.00000742262	0.00008	0.0210489	-0.0148856959	-0.00892552613	0.00596016977	2.96146732075385E-03	174450186144.122	105955.896985827	0
4.85	0.00000747102	0.00008	0.0210082	-0.0148594907	-0.008916501	0.0059429897	2.97002836804513E-03	174900961818.913	105988.323998438	0
4.8625	0.00000752054	0.00008	0.0209633	-0.0148337256	-0.00890846767	0.00592525793	2.97891639630277E-03	175351737493.704	106032.222925548	0
4.875	0.00000757167	0.00008	0.0209227	-0.0148084463	-0.00890043245	0.00590801385	2.9876111410944E-03	175802513168.495	106069.034595067	0
4.8875	0.00000758782	0.00008	0.0208851	-0.0147839455	-0.00889260661	0.00589133889	2.9960673336855E-03	176253288843.286	106097.210321344	0
4.9	0.00000764691	0.00008	0.0208327	-0.0147594363	-0.00888528421	0.00587415209	3.00483333246484E-03	176704064518.077	106136.185212651	0
4.9125	0.00000773711	0.00008	0.0207951	-0.0147357296	-0.00887925451	0.00585647509	3.01390302677784E-03	177154840192.868	106185.661542378	0
4.925	0.0000077444	0.00008	0.0207587	-0.0147120968	-0.00887288648	0.00583921032	3.02281422190664E-03	177605615867.659	106229.316662084	0
4.9375	0.00000777351	0.00008	0.0207127	-0.014687025	-0.00886541068	0.00582161432	3.03195076653584E-03	178056391542.45	106280.650044099	0
4.95	0.00000783478	0.00008	0.0206729	-0.0146619911	-0.00885505691	0.00580693419	3.0396156426908E-03	178507167217.241	106280.267226951	0
4.9625	0.00000788258	0.00008	0.0206306	-0.0146367149	-0.00884550948	0.00579120542	3.04787116323703E-03	178957942892.032	106300.486220241	0
4.975	0.00000790359	0.00008	0.0205907	-0.0146108041	-0.00883666547	0.00577413863	0.003056879844951	179408718566.823	106346.805583916	0
4.9875	0.00000797527	0.00008	0.0205536	-0.0145870718	-0.00883025686	0.00575681494	3.06607875777921E-03	179859494241.614	106399.494197081	0
5	0.00000803039	0.00008	0.020513	-0.0145647556	-0.00882467762	0.00574007798	3.07501885192159E-03	180310269916.405	106442.960258824	0
5.0125	0.0000080465	0.00008	0.0204703	-0.0145412036	-0.00881686546	0.00572433814	3.08347403111305E-03	180761045591.196	106469.465873844	0
5.025	0.00000807023	0.00008	0.0204304	-0.0145157191	-0.00880605932	0.00570965978	3.09140100813502E-03	181211821265.987	106477.646663663	0
5.0375	0.0000081313	0.00008	0.0203911	-0.0144902689	-0.00879506806	0.00569520084	3.09924943753169E-03	181662596940.778	106483.088138138	0
5.05	0.00000813724	0.00008	0.0203474	-0.0144644585	-0.00878519843	0.00567926007	3.10794853245733E-03	182113372615.569	106517.657243397	0
5.0625	0.00000818088	0.00008	0.0203134	-0.0144395285	-0.00877650896	0.00566301954	3.11686157452319E-03	182564148290.36	106559.370069169	0
5.075	0.00000818107	0.00008	0.0202724	-0.0144142618	-0.00876530967	0.00564895213	3.12462339807436E-03	183014923965.151	106561.616455738	0
5.0875	0.00000826325	0.00008	0.020235	-0.0143903337	-0.00875758646	0.00563274724	3.13361264902062E-03	183465699639.942	106605.60892529	0
5.1	0.00000832587	0.00008	0.020196	-0.0143678253	-0.00875035942	0.00561746588	3.1421371089841E-03	183916475314.733	106633.61229584	0
5.1125	0.00000837088	0.00008	0.0201597	-0.0143455703	-0.00874501045	0.00560055985	3.15162206506908E-03	184367250989.524	106693.99505594	0
5.125	0.00000840457	0.00008	0.0201201	-0.0143245758	-0.00873901448	0.00558556132	3.16008490262175E-03	184818026664.315	106719.565191729	0
5.1375	0.0000084584	0.00008	0.0200829	-0.0143023501	-0.00873199239	0.00557035771	0.00316870996782	185268802339.106	106750.476175856	0
5.15	0.0000085018	0.00008	0.020038	-0.0142794279	-0.00872314672	0.00555628118	3.17673771866239E-03	185719578013.897	106761.163061843	0
5.1625	0.0000085382	0.00008	0.0200078	-0.0142560815	-0.00871402262	0.00554205888	3.18489001690289E-03	186170353688.688	106775.973746046	0
5.175	0.00000856973	0.00008	0.0199716	-0.0142326586	-0.00870626761	0.00552639099	3.19391950948444E-03	186621129363.479	106820.050484429	0
5.1875	0.00000861406	0.00008	0.0199364	-0.0142100516	-0.00869935015	0.00551070145	3.20301293041379E-03	187071905038.27	106866.047724649	0
5.2	0.00000864505	0.00008	0.0198929	-0.0141884007	-0.00869250185	0.00549589885	3.21163989399114E-03	187522680713.061	106896.298246746	0
5.2125	0.0000086744	0.00008	0.0198545	-0.0141660656	-0.00868490485	0.00548116075	3.22027555933294E-03	187973456387.852	106926.692617585	0
5.225	0.00000875899	0.00008	0.0198217	-0.0141445693	-0.00867773079	0.00546683851	3.22871216475718E-03	188424232062.643	106950.347746833	0
5.2375	0.00000877325	0.00008	0.0197895	-0.0141236589	-0.00867202438	0.00545163452	3.23771667657574E-03	188875007737.434	106992.656835622	0
5.25	0.00000885568	0.00008	0.019757	-0.014102819	-0.0086666921	0.0054361269	3.24695289949909E-03	189325783412.225	107042.40328019	0
5.2625	0.00000884516	0.00008	0.0197132	-0.0140825241	-0.00866017663	0.00542234747	3.25520415238163E-03	189776559087.016	107059.518989346	0
5.275	0.00000892261	0.00008	0.0196804	-0.014060318	-0.00865175209	0.00540856591	3.2634987339925E-03	190227334761.807	107077.975231252	0
5.2875	0.00000892582	0.00008	0.0196459	-0.0140389582	-0.00864466035	0.00539429785	3.27213077416554E-03	190678110436.598	107107.390316384	0
5.3	0.00000899557	0.00008	0.0196165	-0.0140179203	-0.00863917249	0.00537874781	3.28159055295065E-03	191128886111.389	107163.697302452	0
5.3125	0.00000906902	0.00008	0.019577	-0.0139979806	-0.00863451526	0.00536346534	3.2909410019605E-03	191579661786.181	107216.177439437	0
5.325	0.00000914826	0.00008	0.019544	-0.0139789904	-0.00863031857	0.00534867183	3.30004318100032E-03	192030437460.972	107260.341744322	0
5.3375	0.00000913223	0.00008	0.019509	-0.0139590317	-0.0086249704	0.0053340613	3.30908233094359E-03	192481213135.763	107302.255371977	0
5.35	0.00000917678	0.00008	0.0194694	-0.0139392312	-0.00861956442	0.00531966678	3.31803639776099E-03	192931988810.554	107341.220632095	0
5.3625	0.00000924286	0.00008	0.0194441	-0.0139194374	-0.00861384167	0.00530559573	3.32683621184986E-03	193382764485.345	107375.025664869	0
5.375	0.00000929975	0.00008	0.0194076	-0.0138998329	-0.00860891116	0.00529092174	3.33606295223713E-03	193833540160.136	107422.420644487	0
5.3875	0.00000934608	0.00008	0.0193748	-0.0138801721	-0.00860336547	0.00527680663	3.3449867007918E-03	194284315834.927	107459.861885155	0
5.4	0.00000936631	0.00008	0.0193398	-0.0138608792	-0.00859825666	0.00526262254	3.35400228039156E-03	194735091509.718	107500.073089473	0
5.4125	0.00000946171	0.00008	0.0193051	-0.013841306	-0.00859271735	0.00524858865	3.36297034822876E-03	195185867184.509	107538.579264732	0
5.425	0.00000948137	0.00008	0.0192708	-0.013821556	-0.0085867822	0.0052347738	3.37184540810531E-03	195636642859.3	107573.940705239	0
5.4375	0.00000950114	0.00008	0.0192332	-0.0138019053	-0.00858075548	0.00522114982	3.3806438444626E-03	196087418534.091	107606.700619499	0
5.45	0.00000954434	0.00008	0.0192067	-0.0137819459	-0.00857473661	0.00520720929	3.38969436736429E-03	196538194208.882	107647.3158302	0
5.4625	0.00000962495	0.00008	0.0191715	-0.0137637196	-0.0085695952	0.0051941244	3.3982335887065E-03	196988969883.673	107671.544792672	0
5.475	0.00000966245	0.00008	0.0191414	-0.0137451138	-0.0085653678	0.005179746	3.40766670798143E-03	197439745558.464	107723.921221752	0
5.4875	0.00000971062	0.00008	0.0191052	-0.0137261373	-0.00855930976	0.00516682754	3.41618679225357E-03	197890521233.255	107747.261714674	0
5.5	0.00000973727	0.00008	0.0190762	-0.0137070574	-0.00855297716	0.00515408024	3.42463585704673E-03	198341296908.046	107768.261235736	0
5.5125	0.00000977225	0.00008	0.0190467	-0.0136879351	-0.00854696247	0.00514097263	3.43336743265253E-03	198792072582.837	107798.035562089	0
5.525	0.00000985513	0.00008	0.0190178	-0.0136694093	-0.00854321409	0.00512619521	3.44326489275464E-03	199242848257.628	107864.197823849	0
5.5375	0.00000993918	0.00008	0.0189821	-0.0136514015	-0.0085395972	0.0051118043	3.45295847886821E-03	199693623932.419	107923.689216232	0
5.55	0.00000989098	0.00008	0.0189533	-0.0136346673	-0.00853595477	0.00509871253	3.46182450886283E-03	200144399607.21	107957.105265993	0
5.5625	0.00000995436	0.00008	0.0189172	-0.0136170819	-0.00853066107	0.00508642083	3.47019025557113E-03	200595175282.001	107974.804840588	0
5.575	0.000010042	0.00008	0.0188905	-0.0135991717	-0.00852612557	0.00507304613	3.47933914805541E-03	201045950956.792	108016.737952738	0
5.5875	0.0000101087	0.00008	0.0188576	-0.0135824031	-0.00852300026	0.00505940284	3.48872160573006E-03	201496726631.583	108065.718298298	0
5.6	0.0000101291	0.00008	0.0188248	-0.0135642077	-0.00851800363	0.00504620407	3.49784664970951E-03	201947502306.374	108106.524201187	0
5.6125	0.0000101934	0.00008	0.0187954	-0.0135456365	-0.0085117559	0.0050338806	3.5064097467866E-03	202398277981.165	108129.819157373	0
5.625	0.0000102308	0.00008	0.0187579	-0.0135262904	-0.00850406373	0.00502222667	3.51454626798037E-03	202849053655.956	108139.885168627	0
5.6375	0.0000102946	0.00008	0.0187294	-0.0135070738	-0.00849820847	0.00500886533	3.52392145468203E-03	203299829330.747	108187.934818824	0
5.65	0.0000103387	0.00008	0.0186986	-0.0134893523	-0.00849303745	0.00499631485	3.53277335994948E-03	203750605005.538	108219.742135961	0
5.6625	0.0000103574	0.00008	0.0186722	-0.0134711613	-0.00848724376	0.00498391754	3.54156100263248E-03	204201380680.329	108249.444807921	0
5.675	0.000010446	0.00008	0.0186432	-0.0134540143	-0.00848263123	0.00497138307	3.55049042720419E-03	204652156355.12	108283.340714462	0
5.6875	0.0000104426	0.00008	0.018615	-0.0134367471	-0.00847901235	0.00495773475	3.56026469548416E-03	205102932029.911	108342.797157591	0
5.7	0.0000105209	0.00008	0.0185858	-0.0134209273	-0.00847679936	0.00494412794	3.57006295431748E-03	205553707704.702	108402.721284944	0
5.7125	0.0000105602	0.00008	0.0185517	-0.0134049234	-0.00847404838	0.00493087502	3.57965836254353E-03	206004483379.493	108456.23720886	0
5.725	0.0000106218	0.00008	0.0185257	-0.0133896727	-0.00847176097	0.00491791173	3.58909410519249E-03	206455259054.284	108504.692464671	0
5.7375	0.0000106692	0.00008	0.0184943	-0.0133743382	-0.00846861976	0.00490571844	3.59801489137236E-03	206906034729.075	108537.402454672	0
5.75	0.0000107154	0.00008	0.0184677	-0.0133580793	-0.00846466941	0.00489340989	3.60706509300818E-03	207356810403.866	108573.865675832	0
5.7625	0.000010805	0.00008	0.0184453	-0.0133423038	-0.00846223394	0.00488006986	3.61692527081979E-03	207807586078.657	108634.498372695	0
5.775	0.0000108727	0.00008	0.0184158	-0.0133278167	-0.00846074869	0.00486706801	3.62658749862014E-03	208258361753.448	108688.936022582	0
5.7875	0.0000108893	0.00008	0.0183837	-0.0133118329	-0.00845789242	0.00485394048	3.63639564035198E-03	208709137428.239	108747.502120511	0
5.8	0.0000109429	0.00008	0.0183573	-0.0132963832	-0.00845342229	0.00484296091	3.64463978297938E-03	209159913103.03	108759.144717554	0
5.8125	0.0000109989	0.00008	0.0183335	-0.0132799776	-0.00844981423	0.00483016337	3.65429627279874E-03	209610688777.821	108812.792242146	0
5.825	0.000011042	0.00008	0.0183078	-0.0132651701	-0.00844797533	0.00481719477	3.66413417824084E-03	210061464452.612	108871.599881702	0
5.8375	0.0000111001	0.00008	0.0182756	-0.0132508703	-0.00844711817	0.00480375213	3.67438775405758E-03	210512240127.403	108942.479942409	0
5.85	0.0000111385	0.00008	0.0182451	-0.0132354387	-0.00844373917	0.00479169953	3.68362997084669E-03	210963015802.194	108983.135232151	0
5.8625	0.0000112086	0.00008	0.0182187	-0.0132193421	-0.00843928398	0.00478005812	3.69260112678295E-03	211413791476.985	109015.614699185	0
5.875	0.0000112871	0.00008	0.0181956	-0.0132038109	-0.00843527127	0.00476853963	3.70152066870838E-03	211864567151.776	109046.435412031	0
5.8875	0.0000112945	0.00008	0.0181662	-0.0131885623	-0.00843241749	0.00475614481	3.71116707020533E-03	212315342826.567	109098.492999667	0
5.9	0.0000114217	0.00008	0.0181417	-0.0131754656	-0.00843213248	0.00474333312	3.72119089118497E-03	212766118501.358	109161.401631893	0
5.9125	0.0000114838	0.00008	0.0181183	-0.0131636031	-0.00843279124	0.00473081186	3.73103994036237E-03	213216894176.149	109218.928161527	0
5.925	0.0000115021	0.00008	0.0180887	-0.0131507958	-0.00843208671	0.00471870909	3.74060948944831E-03	213667669850.94	109268.047403553	0
5.9375	0.0000115874	0.00008	0.0180641	-0.0131360376	-0.00842933368	0.00470670392	3.75015048747744E-03	214118445525.731	109316.127570193	0
5.95	0.0000116856	0.00008	0.018037	-0.0131206312	-0.00842593716	0.00469469404	3.75974405352303E-03	214569221200.522	109365.534847147	0
5.9625	0.0000116895	0.00008	0.0180108	-0.0131060651	-0.0084248484	0.0046812167	3.77056845071923E-03	215019996875.313	109450.463010718	0
5.975	0.0000117542	0.00008	0.017984	-0.0130923535	-0.00842281776	0.00466953574	3.78000062164638E-03	215470772550.104	109494.707418144	0
5.9875	0.0000118029	0.00008	0.0179531	-0.0130777062	-0.00841995841	0.00465774779	3.7895671461421E-03	215921548224.895	109542.650763703	0
6	0.0000118389	0.00008	0.017931	-0.0130634666	-0.0084174366	0.00464603	3.79912484422184E-03	216372323899.686	109590.139737168	0
