0	0.000000000612783	-30	-0.00000000296739	0	0
-0.1	-5.55038E-11	-30	-0.00000000155256	0.000000000555038	1801678443.63809
-0.2	-0.000000000432825	-30	-0.00000000133746	0.000000002164125	462080517.53018
-0.3	-0.00000000102648	-30	-0.00000000115398	0.0000000034216	292260930.558803
-0.4	-0.00000000188204	-30	-0.00000000131737	0.0000000047051	212535333.999277
-0.5	-0.00000000303562	-30	-0.000000001174	0.00000000607124	164710998.082764
-0.6	-0.00000000442022	-30	-0.00000000110815	7.36703333333333E-09	135739850.052712
-0.7	-0.00000000596712	-30	-0.00000000124736	8.52445714285714E-09	117309522.851895
-0.8	-0.00000000764661	-30	-0.00000000105772	9.5582625E-09	104621525.094127
-0.9	-0.00000000937909	-30	-0.00000000110042	1.04212111111111E-08	95958136.6635782
-1	-0.0000000111836	-30	-0.00000000121385	0.0000000111836	89416645.8027827
-1.1	-0.0000000130127	-30	-0.00000000118072	1.18297272727273E-08	84532802.5697972
-1.2	-0.0000000148476	-30	-0.00000000111165	0.000000012373	80821142.8109593
-1.3	-0.0000000167695	-30	-0.00000000102178	1.28996153846154E-08	77521691.1655088
-1.4	-0.0000000187239	-30	-0.00000000119336	1.33742142857143E-08	74770747.5472524
-1.5	-0.0000000207818	-30	-0.00000000107285	1.38545333333333E-08	72178540.8386184
-1.6	-0.0000000227404	-30	-0.00000000103959	0.00000001421275	70359360.4334137
-1.7	-0.0000000248682	-30	-0.00000000120481	1.46283529411765E-08	68360396.0077529
-1.8	-0.0000000269832	-30	-0.00000000100927	1.49906666666667E-08	66708173.9749177
-1.9	-0.0000000290841	-30	-0.00000000107892	1.53074210526316E-08	65327790.7860309
-2	-0.0000000312932	-30	-0.0000000011184	0.0000000156466	63911648.5370624
-2.1	-0.0000000335333	-30	-0.000000000971925	1.59682380952381E-08	62624316.7239729
-2.2	-0.0000000357551	-30	-0.00000000115623	1.62523181818182E-08	61529683.8772651
-2.3	-0.0000000380677	-30	-0.00000000110697	1.65511739130435E-08	60418675.1497989
-2.4	-0.000000040338	-30	-0.000000000983655	0.0000000168075	59497248.2522683
-2.5	-0.0000000427719	-30	-0.00000000117564	0.00000001710876	58449589.5669821
-2.6	-0.0000000451606	-30	-0.00000000109143	1.73694615384615E-08	57572308.6052887
-2.7	-0.0000000476177	-30	-0.000000000992382	1.76361851851852E-08	56701604.6554118
-2.8	-0.0000000499805	-30	-0.00000000116602	1.78501785714286E-08	56021848.5209232
-2.9	-0.0000000524823	-30	-0.000000000882614	1.80973448275862E-08	55256724.6481195
-3	-0.0000000550687	-30	-0.00000000103201	1.83562333333333E-08	54477407.3112312
-3.1	-0.0000000575114	-30	-0.00000000105678	1.8552064516129E-08	53902356.75014
-3.2	-0.0000000600673	-30	-0.000000000954843	1.877103125E-08	53273578.1365235
-3.3	-0.0000000625224	-30	-0.00000000100681	1.89461818181818E-08	52781083.2597597
-3.4	-0.000000065239	-30	-0.00000000104898	1.91879411764706E-08	52116065.5436165
-3.5	-0.0000000677917	-30	-0.00000000113373	1.93690571428571E-08	51628739.2114374
-3.6	-0.000000070378	-30	-0.000000000995863	1.95494444444444E-08	51152348.7453466
-3.7	-0.0000000730463	-30	-0.00000000113199	1.97422432432432E-08	50652805.1386586
-3.8	-0.0000000757818	-30	-0.00000000115855	1.99425789473684E-08	50143965.9654429
-3.9	-0.0000000783661	-30	-0.000000000938511	2.00938717948718E-08	49766416.8562682
-4	-0.0000000810935	-30	-0.00000000111257	0.000000020273375	49325778.2682952
-4.1	-0.0000000837761	-30	-0.00000000103811	2.04331951219512E-08	48939972.1400256
-4.2	-0.0000000865237	-30	-0.00000000101093	2.0600880952381E-08	48541613.453886
-4.3	-0.0000000892619	-30	-0.00000000114939	2.07585813953488E-08	48172848.6621952
-4.4	-0.000000092119	-30	-0.00000000106419	2.09361363636364E-08	47764304.8665313
-4.5	-0.0000000947636	-30	-0.00000000114799	2.10585777777778E-08	47486587.677125
-4.6	-0.0000000974237	-30	-0.00000000118036	2.11790652173913E-08	47216437.0681877
-4.7	-0.000000099452	-30	-0.000000000947189	0.00000002116	47258979.2060492
-4.8	-0.00000010277	-30	-0.00000000109047	2.14104166666667E-08	46706237.2287633
-4.9	-0.000000105494	-30	-0.00000000119191	2.1529387755102E-08	46448139.2306672
-5	-0.000000108267	-30	-0.00000000106257	0.0000000216534	46182123.8235104
-5.1	-0.000000111111	-30	-0.00000000118448	2.17864705882353E-08	45900045.9000459
-5.2	-0.000000114072	-30	-0.00000000116857	2.19369230769231E-08	45585244.4070412
-5.3	-0.00000011655	-30	-0.000000000909793	2.19905660377358E-08	45474045.4740455
-5.4	-0.000000119278	-30	-0.00000000115776	2.20885185185185E-08	45272388.8730529
-5.5	-0.000000122067	-30	-0.000000000986946	0.000000022194	45057222.6727944
-5.6	-0.000000125055	-30	-0.000000000988519	0.00000002233125	44780296.6694654
-5.7	-0.000000128055	-30	-0.00000000118964	2.24657894736842E-08	44512123.696849
-5.8	-0.000000131051	-30	-0.000000000874317	0.000000022595	44257579.1104227
-5.9	-0.000000133727	-30	-0.0000000012163	2.2665593220339E-08	44119736.4780486
-6	-0.000000136577	-30	-0.00000000106784	2.27628333333333E-08	43931262.2183823
-6.1	-0.000000139096	-30	-0.000000000827181	2.28026229508197E-08	43854604.0144936
-6.2	-0.000000142108	-30	-0.00000000112457	2.29206451612903E-08	43628789.371464
-6.3	-0.000000145022	-30	-0.000000000991714	2.30193650793651E-08	43441684.7099061
-6.4	-0.000000147687	-30	-0.00000000108742	2.307609375E-08	43334890.6809672
-6.5	-0.000000150395	-30	-0.00000000111762	2.31376923076923E-08	43219521.9255959
-6.6	-0.000000153244	-30	-0.00000000109733	2.32187878787879E-08	43068570.3844849
-6.7	-0.00000015611	-30	-0.00000000105495	0.0000000233	42918454.9356223
-6.8	-0.000000158921	-30	-0.00000000105683	2.33707352941176E-08	42788555.3199388
-6.9	-0.000000161634	-30	-0.00000000104998	2.34252173913043E-08	42689038.197409
-7	-0.000000164298	-30	-0.00000000107117	2.34711428571429E-08	42605509.5010286
-7.1	-0.000000167085	-30	-0.00000000111592	2.35330985915493E-08	42493341.7123021
-7.2	-0.000000169964	-30	-0.00000000115268	2.36061111111111E-08	42361911.934292
-7.3	-0.000000172888	-30	-0.000000000928926	2.36832876712329E-08	42223867.474897
-7.4	-0.000000175601	-30	-0.000000000967491	2.37298648648649E-08	42140990.0854779
-7.5	-0.000000178512	-30	-0.00000000102218	0.0000000238016	42013982.2532939
-7.6	-0.000000181271	-30	-0.00000000111449	2.38514473684211E-08	41926176.8291674
-7.7	-0.000000184042	-30	-0.0000000011927	2.39015584415584E-08	41838276.0456852
-7.8	-0.000000186774	-30	-0.00000000102692	2.39453846153846E-08	41761701.3074625
-7.9	-0.000000189667	-30	-0.00000000114884	2.40084810126582E-08	41651947.8876136
-8	-0.000000192303	-30	-0.000000000895548	0.000000024037875	41601015.0647676
-8.1	-0.000000194824	-30	-0.00000000110879	2.40523456790123E-08	41575986.5314335
-8.2	-0.000000197754	-30	-0.00000000118706	2.41163414634146E-08	41465659.3545516
-8.3	-0.000000200301	-30	-0.00000000115051	2.41326506024096E-08	41437636.3572823
-8.4	-0.000000202932	-30	-0.00000000109278	2.41585714285714E-08	41393176.0392644
-8.5	-0.00000020547	-30	-0.000000000951421	2.41729411764706E-08	41368569.6208692
-8.6	-0.000000208183	-30	-0.00000000112035	2.42073255813953E-08	41309809.1582886
-8.7	-0.000000210938	-30	-0.00000000108509	2.42457471264368E-08	41244346.6800671
-8.8	-0.000000213598	-30	-0.00000000109818	0.0000000242725	41198887.630034
-8.9	-0.000000216024	-30	-0.000000000903809	2.42723595505618E-08	41199126.0230345
-9	-0.000000218679	-30	-0.000000000960255	2.42976666666667E-08	41156215.2744434
-9.1	-0.000000221416	-30	-0.00000000128719	2.43314285714286E-08	41099107.5622358
-9.2	-0.000000223976	-30	-0.00000000104517	2.43452173913043E-08	41075829.5531664
-9.3	-0.000000226389	-30	-0.00000000125613	2.43429032258064E-08	41079734.4393941
-9.4	-0.000000229378	-30	-0.00000000130714	2.4401914893617E-08	40980390.4472094
-9.5	-0.000000231777	-30	-0.000000000859511	2.43975789473684E-08	40987673.4965074
-9.6	-0.000000234458	-30	-0.000000001047	2.44227083333333E-08	40945499.8336589
-9.7	-0.00000023673	-30	-0.00000000100247	2.44051546391753E-08	40974950.3653952
-9.8	-0.000000239433	-30	-0.000000000863361	2.44319387755102E-08	40930030.5304616
-9.9	-0.000000242152	-30	-0.00000000112388	2.4459797979798E-08	40883412.0717566
-10	-0.000000244424	-30	-0.00000000123001	0.0000000244424	40912512.6828789
-10.1	-0.000000246991	-30	-0.000000000981689	2.44545544554455E-08	40892178.2575074
-10.2	-0.000000249849	-30	-0.00000000100814	0.000000024495	40824658.0934885
-10.3	-0.000000251837	-30	-0.00000000120564	2.44501941747573E-08	40899470.6893745
-10.4	-0.000000254492	-30	-0.000000000901115	2.44703846153846E-08	40865724.6593213
-10.5	-0.000000257183	-30	-0.00000000118083	2.4493619047619E-08	40826959.791277
-10.6	-0.000000259226	-30	-0.000000000880766	2.44552830188679E-08	40890960.0117272
-10.7	-0.000000261822	-30	-0.00000000089004	2.44693457943925E-08	40867459.5717701
-10.8	-0.00000026452	-30	-0.00000000100361	2.44925925925926E-08	40828670.7999395
-10.9	-0.00000026672	-30	-0.0000000011003	2.44697247706422E-08	40866826.6346731
-11	-0.000000268589	-30	-0.00000000109924	2.44171818181818E-08	40954767.3210742
-11.1	-0.000000271444	-30	-0.000000000935173	2.44544144144144E-08	40892412.4312934
-11.2	-0.000000274516	-30	-0.00000000100511	2.45103571428571E-08	40799079.1065002
-11.3	-0.000000276298	-30	-0.00000000121965	2.44511504424779E-08	40897871.1391324
-11.4	-0.000000278797	-30	-0.00000000107671	2.44558771929825E-08	40889966.5347905
-11.5	-0.000000281139	-30	-0.000000000939929	2.44468695652174E-08	40905032.741811
-11.6	-0.000000283715	-30	-0.00000000106112	2.44581896551724E-08	40886100.4881659
-11.7	-0.000000285967	-30	-0.00000000109276	2.44416239316239E-08	40913811.7335217
-11.8	-0.000000288336	-30	-0.00000000114597	2.44352542372881E-08	40924476.9990567
-11.9	-0.000000290531	-30	-0.000000000929916	2.44143697478992E-08	40959484.5300502
-12	-0.000000292498	-30	-0.00000000107458	2.43748333333333E-08	41025921.5447627
-12.1	-0.000000295243	-30	-0.00000000126405	2.44002479338843E-08	40983190.1179706
-12.2	-0.000000297388	-30	-0.000000000998688	2.43760655737705E-08	41023847.6333948
-12.3	-0.000000299547	-30	-0.00000000114065	2.43534146341463E-08	41062003.6254745
-12.4	-0.000000302014	-30	-0.000000000969934	2.43559677419355E-08	41057699.3119524
-12.5	-0.000000304535	-30	-0.000000000815511	0.0000000243628	41046185.1675505
-12.6	-0.000000306541	-30	-0.00000000248715	2.43286507936508E-08	41103800.1441895
-12.7	-0.000000308393	-30	-0.00000000112227	2.42829133858268E-08	41181220.0666033
-12.8	-0.000000310734	-30	-0.00000000113173	2.427609375E-08	41192788.6874304
-12.9	-0.000000313167	-30	-0.000000000867248	2.4276511627907E-08	41192079.6252479
-13	-0.000000315839	-30	-0.00000000108088	2.42953076923077E-08	41160211.3735163
-13.1	-0.000000317812	-30	-0.00000000114995	2.42604580152672E-08	41219337.2182296
-13.2	-0.00000031927	-30	-0.000000000891447	2.41871212121212E-08	41344316.7225233
-13.3	-0.000000321843	-30	-0.000000000964689	2.41987218045113E-08	41324496.7266649
-13.4	-0.000000324401	-30	-0.0000000010537	2.42090298507463E-08	41306901.0268156
-13.5	-0.000000326278	-30	-0.000000000834286	2.41687407407407E-08	41375759.3218053
-13.6	-0.00000032842	-30	-0.000000000805843	2.41485294117647E-08	41410389.1358626
-13.7	-0.000000330529	-30	-0.000000000820613	2.4126204379562E-08	41448707.9802377
-13.8	-0.000000332627	-30	-0.0000000011395	2.41034057971014E-08	41487912.8874084
-13.9	-0.000000334933	-30	-0.000000000910807	2.40958992805755E-08	41500837.480929
-14	-0.000000337177	-30	-0.00000000118088	2.40840714285714E-08	41521218.8257206
-14.1	-0.000000338666	-30	-0.000000000990224	2.4018865248227E-08	41633940.2242918
-14.2	-0.000000340639	-30	-0.00000000124315	2.3988661971831E-08	41686360.0468531
-14.3	-0.000000342978	-30	-0.00000000116408	2.39844755244755E-08	41693636.3265282
-14.4	-0.00000034492	-30	-0.00000000101619	2.39527777777778E-08	41748811.3185666
-14.5	-0.000000347042	-30	-0.00000000129991	2.39339310344828E-08	41781686.3664917
-14.6	-0.000000348911	-30	-0.0000000010276	2.38980136986301E-08	41844481.8306101
-14.7	-0.000000350952	-30	-0.00000000109113	2.38742857142857E-08	41886069.8898995
-14.8	-0.000000352836	-30	-0.000000000852752	2.38402702702703E-08	41945833.1916244
-14.9	-0.000000355111	-30	-0.000000000987542	2.38329530201342E-08	41958711.5014742
-15	-0.000000357203	-30	-0.00000000117506	2.38135333333333E-08	41992928.390859
-15.1	-0.000000358992	-30	-0.00000000120614	2.37743046357616E-08	42062218.6566832
-15.2	-0.000000360942	-30	-0.000000000991607	2.37461842105263E-08	42112029.0794643
-15.3	-0.000000362338	-30	-0.00000000077697	2.36822222222222E-08	42225767.1014357
-15.4	-0.000000364967	-30	-0.0000000011645	2.36991558441558E-08	42195595.7661926
-15.5	-0.000000367264	-30	-0.00000000111474	2.36944516129032E-08	42203973.1637187
-15.6	-0.000000368626	-30	-0.00000000114746	2.36298717948718E-08	42319315.5121994
-15.7	-0.00000037019	-30	-0.00000000099988	2.35789808917197E-08	42410653.9884924
-15.8	-0.000000372022	-30	-0.000000000792313	2.35456962025316E-08	42470606.5770304
-15.9	-0.000000373787	-30	-0.00000000108995	2.35086163522013E-08	42537594.940434
-16	-0.000000375729	-30	-0.00000000110441	2.34830625E-08	42583883.5969542
-16.1	-0.000000377786	-30	-0.00000000112517	2.34649689440994E-08	42616719.5184575
-16.2	-0.000000379037	-30	-0.000000000930238	2.33973456790124E-08	42739890.8285998
-16.3	-0.000000381261	-30	-0.0000000010777	2.3390245398773E-08	42752864.8353752
-16.4	-0.000000382404	-30	-0.000000000974274	2.33173170731707E-08	42886580.6843025
-16.5	-0.000000385046	-30	-0.000000000783956	2.33361212121212E-08	42852022.8751889
-16.6	-0.000000386615	-30	-0.00000000102302	2.32900602409639E-08	42936771.7238079
-16.7	-0.000000388642	-30	-0.000000000755549	2.32719760479042E-08	42970137.0412873
-16.8	-0.000000390952	-30	-0.000000000518823	2.32709523809524E-08	42972027.256543
-16.9	-0.000000392306	-30	-0.00000000106556	2.32133727810651E-08	43078617.2018781
-17	-0.000000393526	-30	-0.000000000811553	2.31485882352941E-08	43199178.7073789
-17.1	-0.000000395528	-30	-0.000000000859082	2.31302923976608E-08	43233348.8400316
-17.2	-0.000000397448	-30	-0.000000000775969	2.31074418604651E-08	43276101.527747
-17.3	-0.000000398462	-30	-0.000000000750196	2.30324855491329E-08	43416938.1270987
-17.4	-0.000000399772	-30	-0.00000000107013	2.29754022988506E-08	43524809.1412105
-17.5	-0.000000401527	-30	-0.000000000974238	0.0000000229444	43583619.5324349
-17.6	-0.000000403383	-30	-0.000000000953054	2.29194886363636E-08	43630990.8945097
-17.7	-0.00000040553	-30	-0.000000000852156	2.29112994350283E-08	43646585.9492516
-17.8	-0.000000406719	-30	-0.00000000125619	2.28493820224719E-08	43764859.7680462
-17.9	-0.000000408914	-30	-0.00000000100346	2.28443575418994E-08	43774485.5886568
-18	-0.000000410399	-30	-0.000000000720918	2.27999444444444E-08	43859755.9935575
-18.1	-0.000000411558	-30	-0.000000000570226	2.27380110497238E-08	43979220.4257966
-18.2	-0.000000412894	-30	-0.00000000120803	2.26864835164835E-08	44079109.8926117
-18.3	-0.000000414434	-30	-0.00000000101734	2.26466666666667E-08	44156608.7724463
-18.4	-0.000000415477	-30	-0.000000000947368	2.25802717391304E-08	44286446.6625108
-18.5	-0.000000417311	-30	-0.000000000947237	2.25573513513514E-08	44331445.8521343
-18.6	-0.000000418396	-30	-0.0000000010866	2.24944086021505E-08	44455491.926309
-18.7	-0.000000420115	-30	-0.00000000116243	2.24660427807487E-08	44511621.8178356
-18.8	-0.000000421643	-30	-0.00000000107605	2.24278191489362E-08	44587482.7757131
-18.9	-0.000000422909	-30	-0.000000000852489	2.23761375661376E-08	44690465.3246916
-19	-0.000000424381	-30	-0.00000000133085	2.23358421052632E-08	44771090.1289172
-19.1	-0.000000426219	-30	-0.000000000990498	2.23151308900524E-08	44812643.2655513
-19.2	-0.000000427513	-30	-0.00000000101831	2.22663020833333E-08	44910914.9897196
-19.3	-0.000000428582	-30	-0.000000000962257	2.22063212435233E-08	45032222.5385107
-19.4	-0.000000430013	-30	-0.000000000772512	2.2165618556701E-08	45114915.1304728
-19.5	-0.000000431412	-30	-0.000000000604796	2.21236923076923E-08	45200411.6714417
-19.6	-0.000000432776	-30	-0.00000000116456	2.20804081632653E-08	45289017.8752981
-19.7	-0.000000434533	-30	-0.000000000788033	2.20575126903553E-08	45336027.413338
-19.8	-0.000000436245	-30	-0.000000000730741	2.20325757575758E-08	45387339.6829763
-19.9	-0.000000436994	-30	-0.00000000133084	2.19594974874372E-08	45538382.678023
-20	-0.000000438696	-30	-0.000000000863969	0.0000000219348	45589656.6187063
-20.1	-0.00000043975	-30	-0.00000000100613	2.18781094527363E-08	45707788.5162024
-20.2	-0.000000441241	-30	-0.00000000116267	2.18436138613861E-08	45779970.5829694
-20.3	-0.000000442459	-30	-0.000000000944448	2.17960098522167E-08	45879957.2389758
-20.4	-0.000000444014	-30	-0.000000000706923	2.17653921568627E-08	45944497.2455823
-20.5	-0.000000445934	-30	-0.00000000096345	2.17528780487805E-08	45970928.4333556
-20.6	-0.000000446598	-30	-0.000000000817704	2.16795145631068E-08	46126494.0729694
-20.7	-0.000000448184	-30	-0.00000000118635	2.16514009661836E-08	46186387.7336094
-20.8	-0.000000449292	-30	-0.000000000881946	2.16005769230769E-08	46295059.7829474
-20.9	-0.000000450572	-30	-0.000000000828123	2.15584688995215E-08	46385483.3411752
-21	-0.000000450544	-30	-0.0000000012295	2.14544761904762E-08	46610319.9687489
-21.1	-0.000000452737	-30	-0.000000000920522	2.14567298578199E-08	46605424.3412842
-21.2	-0.000000453813	-30	-0.000000000873971	2.14062735849057E-08	46715276.9973535
-21.3	-0.000000454812	-30	-0.000000000855565	2.1352676056338E-08	46832537.4000686
-21.4	-0.000000455783	-30	-0.000000000617266	2.12982710280374E-08	46952168.0273288
-21.5	-0.000000457542	-30	-0.00000000100186	2.1281023255814E-08	46990221.6627107
-21.6	-0.000000458432	-30	-0.00000000102435	2.12237037037037E-08	47117129.6942622
-21.7	-0.000000460232	-30	-0.00000000111879	2.12088479262673E-08	47150132.9764119
-21.8	-0.000000461056	-30	-0.000000000842083	2.11493577981651E-08	47282759.5780122
-21.9	-0.000000462567	-30	-0.00000000121057	2.11217808219178E-08	47344492.7978001
-22	-0.000000463583	-30	-0.000000000908041	2.10719545454545E-08	47456442.5356409
-22.1	-0.000000463472	-30	-0.000000000768292	2.09715837104072E-08	47683570.960058
-22.2	-0.00000046476	-30	-0.00000000107212	2.09351351351351E-08	47766589.2073328
-22.3	-0.000000465989	-30	-0.000000000745773	2.08963677130045E-08	47855206.8825659
-22.4	-0.000000467049	-30	-0.000000000921631	2.08504017857143E-08	47960706.4783352
-22.5	-0.000000468299	-30	-0.000000000759816	2.08132888888889E-08	48046226.8764187
-22.6	-0.000000469097	-30	-0.00000000119337	2.07565044247788E-08	48177669.0108869
-22.7	-0.000000469759	-30	-0.000000000941217	2.06942290748899E-08	48322650.5506015
-22.8	-0.00000047112	-30	-0.000000000703728	2.06631578947368E-08	48395313.2959756
-22.9	-0.00000047272	-30	-0.00000000128167	2.06427947598253E-08	48443052.9700457
-23	-0.00000047388	-30	-0.000000000851417	2.06034782608696E-08	48535494.2179455
-23.1	-0.000000474879	-30	-0.000000000539136	2.05575324675325E-08	48643970.3587651
-23.2	-0.000000475946	-30	-0.000000000988424	2.05149137931034E-08	48745025.6961924
-23.3	-0.000000477065	-30	-0.000000000807285	2.04748927038627E-08	48840304.780271
-23.4	-0.000000477716	-30	-0.000000000987577	2.04152136752137E-08	48983077.8119217
-23.5	-0.000000478846	-30	-0.0000000010285	2.03764255319149E-08	49076320.9883762
-23.6	-0.00000047924	-30	-0.000000000861454	2.0306779661017E-08	49244637.3424589
-23.7	-0.000000479902	-30	-0.00000000119609	2.0249029535865E-08	49385082.7877358
-23.8	-0.000000480363	-30	-0.00000000093689	2.01833193277311E-08	49545864.2734765
-23.9	-0.000000481676	-30	-0.000000000964594	2.01538075313808E-08	49618415.6985193
-24	-0.000000482512	-30	-0.00000000131153	2.01046666666667E-08	49739695.593063
-24.1	-0.000000483516	-30	-0.00000000121361	2.00629045643154E-08	49843231.6614135
-24.2	-0.000000483819	-30	-0.00000000122753	1.9992520661157E-08	50018705.3422871
-24.3	-0.000000484424	-30	-0.000000000948441	1.99351440329218E-08	50162667.4153221
-24.4	-0.00000048512	-30	-0.00000000103256	1.98819672131148E-08	50296833.7730871
-24.5	-0.000000485812	-30	-0.000000000941265	1.98290612244898E-08	50431030.9337769
-24.6	-0.00000048669	-30	-0.00000000071094	1.97841463414634E-08	50545521.7900512
-24.7	-0.000000488062	-30	-0.000000000964141	1.97595951417004E-08	50608324.3522339
-24.8	-0.000000489073	-30	-0.00000000118028	1.9720685483871E-08	50708176.4889904
-24.9	-0.000000490204	-30	-0.00000000121717	1.96869076305221E-08	50795179.1499049
-25	-0.000000490717	-30	-0.0000000010504	0.00000001962868	50945860.8525892
-25.1	-0.000000491915	-30	-0.000000000883675	1.95982071713147E-08	51025075.4703557
-25.2	-0.000000491859	-30	-0.00000000126446	1.95182142857143E-08	51234195.1656877
-25.3	-0.000000493066	-30	-0.00000000132878	1.94887747035573E-08	51311589.1178869
-25.4	-0.000000493302	-30	-0.00000000116955	1.94213385826772E-08	51489756.7818497
-25.5	-0.000000494452	-30	-0.0000000013062	1.93902745098039E-08	51572245.6375947
-25.6	-0.000000495396	-30	-0.000000000634587	1.935140625E-08	51675831.0523299
-25.7	-0.000000495309	-30	-0.000000000985777	1.92727237354086E-08	51886801.9761401
-25.8	-0.000000495763	-30	-0.00000000121195	1.92156201550388E-08	52040995.394977
-25.9	-0.000000496974	-30	-0.000000000889707	1.91881853281853E-08	52115402.4154181
-26	-0.000000497213	-30	-0.00000000105891	1.91235769230769E-08	52291472.6686551
-26.1	-0.000000498208	-30	-0.000000000973749	1.90884291187739E-08	52387757.7236817
-26.2	-0.000000499166	-30	-0.00000000124743	1.90521374045802E-08	52487549.2321192
-26.3	-0.000000499697	-30	-0.00000000121392	1.89998859315589E-08	52631894.9283266
-26.4	-0.000000499791	-30	-0.000000000752819	1.89314772727273E-08	52822079.629285
-26.5	-0.000000500412	-30	-0.00000000117507	1.88834716981132E-08	52956363.9561002
-26.6	-0.000000501329	-30	-0.00000000126084	1.8846954887218E-08	53058969.2597077
-26.7	-0.000000502212	-30	-0.00000000082618	1.88094382022472E-08	53164798.9295357
-26.8	-0.000000502908	-30	-0.000000000733757	1.8765223880597E-08	53290064.9820643
-26.9	-0.000000503063	-30	-0.00000000116295	1.87012267657993E-08	53472427.9066439
-27	-0.000000503932	-30	-0.000000000922203	1.86641481481481E-08	53578657.4379083
-27.1	-0.000000504816	-30	-0.0000000012569	1.86278966789668E-08	53682926.0562264
-27.2	-0.00000050537	-30	-0.000000000841844	1.85797794117647E-08	53821952.2330174
-27.3	-0.000000505393	-30	-0.000000000761092	1.85125641025641E-08	54017368.6616158
-27.4	-0.000000505854	-30	-0.00000000119421	1.84618248175183E-08	54165826.5032994
-27.5	-0.000000506445	-30	-0.00000000119102	1.84161818181818E-08	54300072.0710047
-27.6	-0.000000506798	-30	-0.00000000104675	1.83622463768116E-08	54459567.7173154
-27.7	-0.000000507706	-30	-0.000000000798416	1.83287364620939E-08	54559134.6172785
-27.8	-0.000000508404	-30	-0.00000000090127	1.82879136690647E-08	54680923.045452
-27.9	-0.00000050817	-30	-0.00000000107648	1.82139784946237E-08	54902886.8292107
-28	-0.000000509451	-30	-0.00000000150088	1.81946785714286E-08	54961124.8186774
-28.1	-0.000000509899	-30	-0.000000000868893	1.8145871886121E-08	55108952.9495057
-28.2	-0.000000510747	-30	-0.00000000102304	1.81115957446808E-08	55213246.4801555
-28.3	-0.000000510555	-30	-0.00000000103647	1.80408127208481E-08	55429875.3317468
-28.4	-0.000000511289	-30	-0.00000000111229	1.80031338028169E-08	55545885.008283
-28.5	-0.000000511291	-30	-0.00000000105913	1.79400350877193E-08	55741251.068374
-28.6	-0.000000511071	-30	-0.00000000114812	1.78696153846154E-08	55960913.454295
-28.7	-0.000000511622	-30	-0.00000000103867	1.78265505226481E-08	56096102.2004527
-28.8	-0.000000512371	-30	-0.000000000896466	1.77906597222222E-08	56209270.2358252
-28.9	-0.000000512312	-30	-0.000000000662518	1.77270588235294E-08	56410937.0852137
-29	-0.000000512722	-30	-0.00000000118541	1.76800689655172E-08	56560865.3422323
-29.1	-0.000000513607	-30	-0.0000000013685	1.76497250859107E-08	56658106.2952802
-29.2	-0.000000513705	-30	-0.00000000137485	1.75926369863014E-08	56841961.82634
-29.3	-0.000000513053	-30	-0.00000000116318	1.75103412969283E-08	57109109.5851696
-29.4	-0.000000513268	-30	-0.000000000964069	1.74580952380952E-08	57280017.4567672
-29.5	-0.000000513408	-30	-0.000000000610375	1.74036610169492E-08	57459174.7693842
-29.6	-0.000000513613	-30	-0.000000001054	1.73517905405405E-08	57630940.0268295
-29.7	-0.000000513665	-30	-0.00000000109916	1.72951178451178E-08	57819785.2686089
-29.8	-0.000000514469	-30	-0.00000000125594	1.72640604026846E-08	57923801.0453497
-29.9	-0.000000514747	-30	-0.00000000105137	1.7215618729097E-08	58086788.2668573
-30	-0.00000051449	-30	-0.000000000920069	1.71496666666667E-08	58310171.2375362
-30.1	-0.000000515073	-30	-0.00000000112263	1.71120598006645E-08	58438318.4519476
-30.2	-0.000000515283	-30	-0.00000000113354	1.70623509933775E-08	58608570.4360516
-30.3	-0.00000051575	-30	-0.00000000097425	1.70214521452145E-08	58749394.0862821
-30.4	-0.000000516079	-30	-0.00000000104948	1.69762828947368E-08	58905710.1722798
-30.5	-0.000000517036	-30	-0.000000000866902	0.000000016952	58990089.6649363
-30.6	-0.000000517822	-30	-0.00000000114477	1.69222875816993E-08	59093665.39081
-30.7	-0.000000517567	-30	-0.00000000119815	1.68588599348534E-08	59315991.9392079
-30.8	-0.000000518351	-30	-0.000000000721717	1.68295779220779E-08	59419196.6447446
-30.9	-0.00000051848	-30	-0.000000000382221	1.677928802589E-08	59597284.369696
-31	-0.000000519078	-30	-0.00000000101689	1.67444516129032E-08	59721275.029957
-31.1	-0.000000519751	-30	-0.00000000101686	1.67122508038585E-08	59836344.7112175
-31.2	-0.000000519348	-30	-0.00000000121973	1.66457692307692E-08	60075325.2154625
-31.3	-0.00000052021	-30	-0.00000000112157	1.66201277955272E-08	60168009.0732589
-31.4	-0.000000520148	-30	-0.000000000942087	1.65652229299363E-08	60367433.8842022
-31.5	-0.000000520603	-30	-0.00000000101298	1.65270793650794E-08	60506758.508883
-31.6	-0.000000521323	-30	-0.0000000012856	1.64975632911392E-08	60615012.1901393
-31.7	-0.000000521468	-30	-0.00000000128908	1.6450094637224E-08	60789923.8304172
-31.8	-0.000000521897	-30	-0.00000000104381	1.64118553459119E-08	60931563.1245246
-31.9	-0.000000522524	-30	-0.00000000109891	1.63800626959248E-08	61049827.3763502
-32	-0.000000522791	-30	-0.00000000106978	1.633721875E-08	61209929.0156104
-32.1	-0.00000052303	-30	-0.00000000152124	1.6293769470405E-08	61373152.5916296
-32.2	-0.000000523517	-30	-0.000000000772417	1.62582919254658E-08	61507076.1789971
-32.3	-0.000000524746	-30	-0.0000000011345	1.62460061919505E-08	61553589.7367488
-32.4	-0.000000524005	-30	-0.0000000010277	1.61729938271605E-08	61831471.0737493
-32.5	-0.000000524557	-30	-0.000000000935721	1.61402153846154E-08	61957041.8467392
-32.6	-0.000000524152	-30	-0.00000000101279	1.6078282208589E-08	62195698.9575543
-32.7	-0.00000052529	-30	-0.00000000103514	1.60639143730887E-08	62251327.8379562
-32.8	-0.000000524841	-30	-0.00000000111713	0.00000001600125	62495117.5689399
-32.9	-0.000000525133	-30	-0.00000000119752	1.59614893617021E-08	62650795.1318999
-33	-0.000000525847	-30	-0.000000000903916	1.59347575757576E-08	62755896.6771704
-33.1	-0.000000525708	-30	-0.00000000115067	1.5882416918429E-08	62962709.3367421
-33.2	-0.00000052563	-30	-0.000000000358856	1.58322289156626E-08	63162300.4775222
-33.3	-0.000000526217	-30	-0.000000000659764	1.58023123123123E-08	63281878.0085022
-33.4	-0.000000527512	-30	-0.000000000940275	1.57937724550898E-08	63316095.1788774
-33.5	-0.000000527425	-30	-0.000000000581944	1.57440298507463E-08	63516139.7355074
-33.6	-0.000000527046	-30	-0.000000000576651	1.56858928571429E-08	63751551.0980066
-33.7	-0.000000527372	-30	-0.000000000971162	1.56490207715134E-08	63901761.9441305
-33.8	-0.000000528116	-30	-0.000000000757861	1.56247337278107E-08	64001090.6694741
-33.9	-0.000000527896	-30	-0.00000000151657	1.55721533923304E-08	64217194.2958462
-34	-0.000000528263	-30	-0.000000000762844	1.55371470588235E-08	64361880.3512644
-34.1	-0.000000527813	-30	-0.000000000997138	1.54783870967742E-08	64606214.70104
-34.2	-0.000000528097	-30	-0.000000000815034	1.5441432748538E-08	64760829.9232906
-34.3	-0.000000528033	-30	-0.00000000130675	1.53945481049563E-08	64958061.3332879
-34.4	-0.00000052826	-30	-0.00000000122231	1.53563953488372E-08	65119448.7562942
-34.5	-0.000000529018	-30	-0.00000000111146	1.53338550724638E-08	65215172.2625695
-34.6	-0.000000529534	-30	-0.000000000696731	1.5304450867052E-08	65340469.1672301
-34.7	-0.000000529117	-30	-0.000000000583231	1.52483285302594E-08	65580958.464763
-34.8	-0.000000528921	-30	-0.00000000111562	1.51988793103448E-08	65794324.6723046
-34.9	-0.000000529067	-30	-0.00000000128249	1.51595128939828E-08	65965180.2134701
-35	-0.000000529143	-30	-0.0000000010085	1.51183714285714E-08	66144690.5656883
-35.1	-0.000000529197	-30	-0.00000000143052	1.50768376068376E-08	66326906.6151169
-35.2	-0.000000530377	-30	-0.00000000123203	1.50675284090909E-08	66367885.4852303
-35.3	-0.000000530174	-30	-0.00000000106637	1.50190934844193E-08	66581914.6167107
-35.4	-0.000000530498	-30	-0.00000000108603	1.49858192090395E-08	66729752.0443055
-35.5	-0.000000530758	-30	-0.000000000957954	1.49509295774648E-08	66885473.2288538
-35.6	-0.000000531513	-30	-0.00000000110298	1.49301404494382E-08	66978606.3558182
-35.7	-0.000000531542	-30	-0.000000000973475	1.48891316526611E-08	67163084.0084133
-35.8	-0.000000531747	-30	-0.000000000679922	1.48532681564246E-08	67325250.5420811
-35.9	-0.000000533896	-30	-0.000000000991845	1.48717548746518E-08	67241560.1540375
-36	-0.000000532563	-30	-0.00000000062474	1.47934166666667E-08	67597636.3359828
-36.1	-0.000000532935	-30	-0.000000000972784	1.47627423822715E-08	67738091.8873784
-36.2	-0.000000532565	-30	-0.000000000740695	1.47117403314917E-08	67972923.492907
-36.3	-0.000000532102	-30	-0.000000000452852	1.46584573002755E-08	68220002.9317687
-36.4	-0.000000532101	-30	-0.000000000690639	1.46181593406593E-08	68408065.3860827
-36.5	-0.000000532865	-30	-0.00000000101975	1.45990410958904E-08	68497649.4984658
-36.6	-0.000000531995	-30	-0.000000000937974	1.45353825136612E-08	68797639.0755552
-36.7	-0.000000531488	-30	-0.000000000845873	1.4481961852861E-08	69051417.9059546
-36.8	-0.000000531901	-30	-0.000000000741172	1.44538315217391E-08	69185807.1332823
-36.9	-0.000000530974	-30	-0.000000000860071	1.4389539295393E-08	69494928.1885742
-37	-0.000000531015	-30	-0.000000000921309	1.43517567567568E-08	69677881.039142
-37.1	-0.000000530155	-30	-0.00000000105252	1.42898921832884E-08	69979534.2871424
-37.2	-0.000000530092	-30	-0.000000000867295	1.42497849462366E-08	70176497.6645563
-37.3	-0.000000529343	-30	-0.00000000137031	1.41915013404826E-08	70464708.1382015
-37.4	-0.00000052968	-30	-0.000000000647938	1.41625668449198E-08	70608669.3852892
-37.5	-0.000000529779	-30	-0.000000000789034	0.00000001412744	70784232.6706042
-37.6	-0.000000530408	-30	-0.000000000670815	1.41065957446809E-08	70888825.2062563
-37.7	-0.000000530074	-30	-0.0000000011446	1.40603183023873E-08	71122145.2099141
-37.8	-0.000000530315	-30	-0.00000000087024	1.40294973544974E-08	71278391.1448856
-37.9	-0.000000530971	-30	-0.000000000974178	1.40097889182058E-08	71378662.8648269
-38	-0.000000531114	-30	-0.00000000109166	1.39766842105263E-08	71547727.9830696
-38.1	-0.000000531985	-30	-0.000000000968242	1.39628608923885E-08	71618560.6737032
-38.2	-0.000000531318	-30	-0.000000000733054	1.39088481675393E-08	71896679.5779552
-38.3	-0.000000532232	-30	-0.00000000112075	1.38963968668407E-08	71961099.6708202
-38.4	-0.000000532	-30	-0.000000000820506	1.38541666666667E-08	72180451.1278195
-38.5	-0.000000532073	-30	-0.000000000625432	1.38200779220779E-08	72358492.1617898
-38.6	-0.000000531801	-30	-0.000000000862038	1.37772279792746E-08	72583541.5879248
-38.7	-0.000000532354	-30	-0.000000000946999	1.37559173126615E-08	72695988.0079797
-38.8	-0.000000532654	-30	-0.000000000576186	1.37281958762887E-08	72842783.4954774
-38.9	-0.00000053269	-30	-0.000000000881672	1.36938303341902E-08	73025587.1144568
-39	-0.000000532503	-30	-0.00000000127536	1.36539230769231E-08	73239024.0054986
-39.1	-0.000000533562	-30	-0.0000000012354	1.36460869565217E-08	73281080.7366342
-39.2	-0.000000532471	-30	-0.000000000859964	1.3583443877551E-08	73619032.7736158
-39.3	-0.000000531571	-30	-0.00000000126066	1.35259796437659E-08	73931798.3862927
-39.4	-0.000000533414	-30	-0.00000000108062	1.35384263959391E-08	73863828.0960005
-39.5	-0.000000532806	-30	-0.000000000808048	1.34887594936709E-08	74135801.7740041
-39.6	-0.000000532867	-30	-0.000000000514257	1.34562373737374E-08	74314979.1599029
-39.7	-0.000000533268	-30	-0.000000000891316	1.3432443324937E-08	74446619.7109146
-39.8	-0.000000532587	-30	-0.000000000528026	1.33815829145729E-08	74729574.6985938
-39.9	-0.000000532377	-30	-0.000000000691879	1.33427819548872E-08	74946889.1405902
-40	-0.000000532471	-30	-0.000000000955021	0.000000013311775	75121462.0138937
