0	-0.000000000708461	-30	0.000000000279832	0.000000001	1000000000
-0.1	-0.000000000606406	-30	0.000000000202298	0.000000001	1000000000
-0.2	-0.00000000053848	-30	0.000000000181007	0.000000001	1000000000
-0.3	-0.000000000521302	-30	0.000000000153625	0.000000001	1000000000
-0.4	-0.000000000484133	-30	0.00000000016017	0.000000001	1000000000
-0.5	-0.000000000463378	-30	0.000000000144696	0.000000001	1000000000
-0.6	-0.000000000450766	-30	0.000000000140309	0.000000001	1000000000
-0.7	-0.000000000442076	-30	0.000000000132048	0.000000001	1000000000
-0.8	-0.00000000043509	-30	0.000000000149906	0.000000001	1000000000
-0.9	-0.000000000433409	-30	0.000000000143564	0.000000001	1000000000
-1	-0.000000000422668	-30	0.000000000157356	0.000000001	1000000000
-1.1	-0.000000000417829	-30	0.000000000132298	0.000000001	1000000000
-1.2	-0.000000000411999	-30	0.000000000131702	0.000000001	1000000000
-1.3	-0.000000000406647	-30	0.000000000127161	0.000000001	1000000000
-1.4	-0.000000000406969	-30	0.000000000117433	0.000000001	1000000000
-1.5	-0.000000000403643	-30	0.000000000118113	0.000000001	1000000000
-1.6	-0.000000000398779	-30	0.000000000105906	0.000000001	1000000000
-1.7	-0.000000000392091	-30	9.90987E-11	0.000000001	1000000000
-1.8	-0.000000000393617	-30	8.64863E-11	0.000000001	1000000000
-1.9	-0.000000000391698	-30	7.61747E-11	0.000000001	1000000000
-2	-0.000000000395119	-30	5.44548E-11	0.000000001	1000000000
-2.1	-0.000000000384343	-30	-3.20435E-11	0.000000001	1000000000
-2.2	-0.000000000385058	-30	-0.000000000053072	0.000000001	1000000000
-2.3	-0.000000000384212	-30	-7.83563E-11	0.000000001	1000000000
-2.4	-0.000000000388217	-30	-0.000000000111175	0.000000001	1000000000
-2.5	-0.000000000391519	-30	-0.000000000142372	0.000000001	1000000000
-2.6	-0.000000000402188	-30	-0.000000000176132	0.000000001	1000000000
-2.7	-0.000000000457036	-30	-0.000000000193608	0.000000001	1000000000
-2.8	-0.000000000528145	-30	-0.000000000186563	0.000000001	1000000000
-2.9	-0.000000000570118	-30	-0.000000000198245	0.000000001	1000000000
-3	-0.000000000618863	-30	-0.000000000247693	0.000000001	1000000000
-3.1	-0.000000000677109	-30	-0.000000000273216	0.000000001	1000000000
-3.2	-0.000000000761068	-30	-0.000000000275803	0.000000001	1000000000
-3.3	-0.000000000876486	-30	-0.000000000238073	0.000000001	1000000000
-3.4	-0.000000000995636	-30	-0.000000000282764	0.000000001	1000000000
-3.5	-0.00000000113338	-30	-0.000000000169206	0.000000001	1000000000
-3.6	-0.00000000126818	-30	-0.000000000147367	0.000000001	1000000000
-3.7	-0.00000000141779	-30	-0.000000000141335	0.000000001	1000000000
-3.8	-0.00000000158703	-30	-0.000000000133288	0.000000001	1000000000
-3.9	-0.00000000176824	-30	-0.000000000131536	0.000000001	1000000000
-4	-0.00000000195708	-30	-0.000000000121891	0.000000001	1000000000
-4.1	-0.00000000216817	-30	-0.000000000118804	0.000000001	1000000000
-4.2	-0.00000000239297	-30	-0.000000000116098	0.000000001	1000000000
-4.3	-0.00000000262901	-30	-0.000000000115025	0.000000001	1000000000
-4.4	-0.00000000288535	-30	-0.000000000107396	0.000000001	1000000000
-4.5	-0.00000000315135	-30	-0.000000000109112	0.000000001	1000000000
-4.6	-0.00000000344402	-30	-0.000000000105166	0.000000001	1000000000
-4.7	-0.00000000373894	-30	-0.00000000010736	0.000000001	1000000000
-4.8	-0.00000000406796	-30	-0.000000000129163	0.000000001	1000000000
-4.9	-0.00000000439373	-30	-0.000000000118911	0.000000001	1000000000
-5	-0.00000000474124	-30	-0.00000000012238	0.000000001	1000000000
-5.1	-0.00000000513023	-30	-0.000000000125456	0.000000001	1000000000
-5.2	-0.00000000550609	-30	-0.000000000132668	0.000000001	1000000000
-5.3	-0.00000000590583	-30	-0.000000000140429	0.000000001	1000000000
-5.4	-0.00000000632467	-30	-0.000000000145054	0.000000001	1000000000
-5.5	-0.00000000676032	-30	-0.000000000152063	0.000000001	1000000000
-5.6	-0.00000000721974	-30	-0.000000000156569	0.000000001	1000000000
-5.7	-0.00000000769122	-30	-0.000000000156522	0.000000001	1000000000
-5.8	-0.00000000816305	-30	-0.000000000148976	0.000000001	1000000000
-5.9	-0.00000000866666	-30	-0.000000000168812	0.000000001	1000000000
-6	-0.0000000091846	-30	-0.000000000176811	0.000000001	1000000000
-6.1	-0.00000000971792	-30	-0.000000000183249	0.000000001	1000000000
-6.2	-0.0000000102669	-30	-0.000000000191355	0.000000001	1000000000
-6.3	-0.0000000108288	-30	-0.000000000202096	0.000000001	1000000000
-6.4	-0.0000000114063	-30	-0.000000000220943	0.000000001	1000000000
-6.5	-0.0000000120032	-30	-0.000000000216329	0.000000001	1000000000
-6.6	-0.0000000126051	-30	-0.000000000237477	0.000000001	1000000000
-6.7	-0.0000000132382	-30	-0.000000000222087	0.000000001	1000000000
-6.8	-0.000000013883	-30	-0.000000000232911	0.000000001	1000000000
-6.9	-0.0000000145373	-30	-0.000000000249863	0.000000001	1000000000
-7	-0.0000000152051	-30	-0.000000000225639	0.000000001	1000000000
-7.1	-0.0000000158957	-30	-0.000000000220966	0.000000001	1000000000
-7.2	-0.0000000165896	-30	-0.000000000228298	0.000000001	1000000000
-7.3	-0.0000000173114	-30	-0.000000000225401	0.000000001	1000000000
-7.4	-0.0000000180315	-30	-0.000000000208914	0.000000001	1000000000
-7.5	-0.0000000187758	-30	-0.000000000214756	0.000000001	1000000000
-7.6	-0.000000019523	-30	-0.000000000194895	0.000000001	1000000000
-7.7	-0.0000000202918	-30	-0.000000000205028	0.000000001	1000000000
-7.8	-0.0000000210743	-30	-0.000000000184226	0.000000001	1000000000
-7.9	-0.0000000218598	-30	-0.000000000187433	0.000000001	1000000000
-8	-0.0000000226722	-30	-0.000000000176573	0.000000001	1000000000
-8.1	-0.0000000235019	-30	-0.000000000150812	0.000000001	1000000000
-8.2	-0.0000000243385	-30	-0.00000000017097	0.000000001	1000000000
-8.3	-0.0000000251927	-30	-0.000000000167835	0.000000001	1000000000
-8.4	-0.0000000260547	-30	-0.00000000019182	0.000000001	1000000000
-8.5	-0.0000000269241	-30	-0.000000000196683	0.000000001	1000000000
-8.6	-0.0000000278129	-30	-0.000000000191426	0.000000001	1000000000
-8.7	-0.0000000287023	-30	-0.000000000213408	0.000000001	1000000000
-8.8	-0.0000000296316	-30	-0.000000000235403	0.000000001	1000000000
-8.9	-0.0000000305726	-30	-0.000000000230527	1.01908666666667E-09	981270811.118453
-9	-0.0000000315372	-30	-0.000000000246072	0.00000000105124	951257562.497622
-9.1	-0.000000032476	-30	-0.000000000265896	1.08253333333333E-09	923759083.630989
-9.2	-0.0000000334508	-30	-0.00000000026685	1.11502666666667E-09	896839537.469956
-9.3	-0.00000003444	-30	-0.000000000314021	0.000000001148	871080139.372822
-9.4	-0.0000000354477	-30	-0.000000000294912	0.00000000118159	846317250.484517
-9.5	-0.0000000364935	-30	-0.000000000315082	0.00000000121645	822064203.214271
-9.6	-0.0000000374992	-30	-0.000000000299621	1.24997333333333E-09	800017067.030763
-9.7	-0.0000000385802	-30	-0.000000000336802	1.28600666666667E-09	777600945.56275
-9.8	-0.0000000396186	-30	-0.000000000352395	0.00000000132062	757220093.592404
-9.9	-0.0000000406615	-30	-0.000000000193179	1.35538333333333E-09	737798654.747119
-10	-0.0000000417924	-30	-0.000000000349367	0.00000000139308	717833864.530393
-10.1	-0.0000000428866	-30	-0.000000000336349	1.42955333333333E-09	699519197.1385
-10.2	-0.0000000440217	-30	-0.00000000025388	0.00000000146739	681482087.243337
-10.3	-0.0000000451289	-30	-0.000000000246549	1.50429666666667E-09	664762491.441183
-10.4	-0.0000000462814	-30	-0.000000000312066	1.54271333333333E-09	648208567.588707
-10.5	-0.0000000474885	-30	-0.000000000308204	0.00000000158295	631731892.984617
-10.6	-0.0000000486407	-30	-0.000000000325632	1.62135666666667E-09	616767439.613328
-10.7	-0.000000049813	-30	-0.00000000029006	1.66043333333333E-09	602252424.066007
-10.8	-0.0000000509986	-30	-0.000000000310659	1.69995333333333E-09	588251442.196453
-10.9	-0.0000000522363	-30	-0.000000000269389	0.00000000174121	574313264.91348
-11	-0.0000000534323	-30	-0.000000000372779	1.78107666666667E-09	561458144.231111
-11.1	-0.0000000546211	-30	-0.000000000360394	1.82070333333333E-09	549238298.020362
-11.2	-0.0000000559	-30	-0.000000000243783	1.86333333333333E-09	536672629.695886
-11.3	-0.0000000571594	-30	-0.000000000394106	1.90531333333333E-09	524848056.487647
-11.4	-0.0000000584565	-30	-0.000000000272298	0.00000000194855	513202124.656796
-11.5	-0.0000000597184	-30	-0.000000000256872	1.99061333333333E-09	502357732.290215
-11.6	-0.0000000610574	-30	-0.000000000424135	2.03524666666667E-09	491340934.923531
-11.7	-0.0000000623082	-30	-0.000000000288033	0.00000000207694	481477558.331006
-11.8	-0.000000063587	-30	-0.000000000335443	2.11956666666667E-09	471794549.200308
-11.9	-0.0000000649022	-30	-0.00000000041101	2.16340666666667E-09	462233945.844671
-12	-0.000000066288	-30	-0.000000000357914	0.0000000022096	452570601.013758
-12.1	-0.0000000676698	-30	-0.000000000367844	0.00000000225566	443329225.14918
-12.2	-0.0000000689939	-30	-0.000000000309539	2.29979666666667E-09	434821049.397121
-12.3	-0.000000070444	-30	-0.000000000280833	2.34813333333333E-09	425870194.764636
-12.4	-0.000000071783	-30	-0.000000000378311	2.39276666666667E-09	417926249.947759
-12.5	-0.0000000732317	-30	-0.000000000316262	2.44105666666667E-09	409658658.750241
-12.6	-0.0000000745998	-30	-0.000000000413859	0.00000000248666	402145850.256971
-12.7	-0.0000000760776	-30	-0.000000000412214	0.00000000253592	394334206.126376
-12.8	-0.0000000776198	-30	-0.000000000471747	2.58732666666667E-09	386499321.049526
-12.9	-0.0000000791446	-30	-0.000000000367761	2.63815333333333E-09	379053024.464082
-13	-0.0000000806481	-30	-0.00000000034616	0.00000000268827	371986444.813951
-13.1	-0.0000000821199	-30	-0.000000000313973	0.00000000273733	365319490.16012
-13.2	-0.0000000837257	-30	-0.000000000317693	2.79085666666667E-09	358312919.450061
-13.3	-0.0000000852253	-30	-0.000000000368428	2.84084333333333E-09	352008147.815261
-13.4	-0.0000000868343	-30	-0.000000000318003	2.89447666666667E-09	345485597.281259
-13.5	-0.0000000884602	-30	-0.000000000298417	2.94867333333333E-09	339135566.051173
-13.6	-0.0000000900174	-30	-0.000000000358117	0.00000000300058	333268901.34574
-13.7	-0.0000000917761	-30	-0.000000000366175	3.05920333333333E-09	326882489.014024
-13.8	-0.0000000934289	-30	-0.000000000299895	3.11429666666667E-09	321099788.181173
-13.9	-0.000000094931	-30	-0.00000000034343	3.16436666666667E-09	316019003.276064
-14	-0.0000000966124	-30	-0.000000000527024	3.22041333333333E-09	310519146.61058
-14.1	-0.0000000983261	-30	-0.000000000430715	3.27753666666667E-09	305107189.2407
-14.2	-0.0000000993962	-30	-0.000000000378442	3.31320666666667E-09	301822403.67338
-14.3	-0.000000101485	-30	-0.000000000386989	3.38283333333333E-09	295610188.697837
-14.4	-0.000000103133	-30	-0.000000000476003	3.43776666666667E-09	290886525.166533
-14.5	-0.000000104935	-30	-0.000000000485575	3.49783333333333E-09	285891266.021823
-14.6	-0.000000106589	-30	-0.000000000454688	3.55296666666667E-09	281454934.374091
-14.7	-0.000000108366	-30	-0.000000000441587	0.0000000036122	276839599.13626
-14.8	-0.000000110073	-30	-0.000000000438988	0.0000000036691	272546401.024774
-14.9	-0.000000111896	-30	-0.000000000486994	3.72986666666667E-09	268106098.520054
-15	-0.000000113703	-30	-0.000000000369966	0.0000000037901	263845281.127147
-15.1	-0.00000011564	-30	-0.000000000412595	3.85466666666667E-09	259425804.219993
-15.2	-0.00000011752	-30	-0.000000000502956	3.91733333333333E-09	255275697.753574
-15.3	-0.000000119419	-30	-0.000000000339556	3.98063333333333E-09	251216305.61301
-15.4	-0.000000121385	-30	-0.000000000396049	4.04616666666667E-09	247147505.869753
-15.5	-0.000000123187	-30	-0.000000000397253	4.10623333333333E-09	243532190.896767
-15.6	-0.000000125104	-30	-0.000000000494087	4.17013333333333E-09	239800485.995652
-15.7	-0.000000127037	-30	-0.000000000401342	4.23456666666667E-09	236151672.347426
-15.8	-0.000000128932	-30	-0.000000000296712	4.29773333333333E-09	232680792.976142
-15.9	-0.00000013094	-30	-0.000000000478828	4.36466666666667E-09	229112570.643043
-16	-0.00000013307	-30	-0.00000000050199	4.43566666666667E-09	225445254.377395
-16.1	-0.000000134998	-30	-0.000000000515509	4.49993333333333E-09	222225514.452066
-16.2	-0.000000136823	-30	-0.000000000541544	4.56076666666667E-09	219261381.492878
-16.3	-0.000000139006	-30	-0.000000000606513	4.63353333333333E-09	215818022.243644
-16.4	-0.000000141151	-30	-0.000000000534618	4.70503333333333E-09	212538345.459827
-16.5	-0.000000143378	-30	-0.000000000675201	4.77926666666667E-09	209237121.455174
-16.6	-0.000000145372	-30	-0.000000000473177	4.84573333333333E-09	206367113.336819
-16.7	-0.000000147557	-30	-0.000000000581431	4.91856666666667E-09	203311262.766253
-16.8	-0.000000149536	-30	-0.000000000630081	4.98453333333333E-09	200620586.3471
-16.9	-0.0000001517	-30	-0.000000000482178	5.05666666666667E-09	197758734.3441
-17	-0.000000154023	-30	-0.000000000463772	0.0000000051341	194776104.867455
-17.1	-0.000000156173	-30	-0.000000000572443	5.20576666666667E-09	192094664.250543
-17.2	-0.000000158355	-30	-0.000000000723195	0.0000000052785	189447759.780241
-17.3	-0.000000160865	-30	-0.000000000585234	5.36216666666667E-09	186491778.82075
-17.4	-0.000000163062	-30	-0.000000000710857	0.0000000054354	183979099.974243
-17.5	-0.0000001652	-30	-0.000000000689912	5.50666666666667E-09	181598062.953995
-17.6	-0.000000167255	-30	-0.000000000625658	5.57516666666667E-09	179366835.072195
-17.7	-0.000000169561	-30	-0.000000000548649	5.65203333333333E-09	176927477.427003
-17.8	-0.000000172118	-30	-0.000000000573599	5.73726666666667E-09	174299027.411427
-17.9	-0.000000174442	-30	-0.000000000632894	5.81473333333333E-09	171976932.160833
-18	-0.000000177139	-30	-0.000000000623095	5.90463333333333E-09	169358526.355009
-18.1	-0.000000179141	-30	-0.000000000592208	5.97136666666667E-09	167465850.921899
-18.2	-0.000000181743	-30	-0.000000000651777	0.0000000060581	165068255.723742
-18.3	-0.000000184242	-30	-0.00000000067786	0.0000000061414	162829322.304361
-18.4	-0.000000186566	-30	-0.000000000517952	6.21886666666667E-09	160801003.398261
-18.5	-0.00000018922	-30	-0.000000000481355	6.30733333333333E-09	158545608.28665
-18.6	-0.000000191452	-30	-0.000000000644755	6.38173333333333E-09	156697240.039279
-18.7	-0.000000194273	-30	-0.000000000539589	6.47576666666667E-09	154421870.254745
-18.8	-0.000000196665	-30	-0.000000000480986	0.0000000065555	152543665.624285
-18.9	-0.000000199318	-30	-0.000000000524294	6.64393333333333E-09	150513250.183124
-19	-0.000000202071	-30	-0.000000000707829	0.0000000067357	148462669.061864
-19.1	-0.000000204741	-30	-0.000000000611424	0.0000000068247	146526587.249256
-19.2	-0.000000206915	-30	-0.000000000459349	6.89716666666667E-09	144987071.986081
-19.3	-0.000000209892	-30	-0.000000000560415	0.0000000069964	142930650.048596
-19.4	-0.000000212742	-30	-0.000000000601435	0.0000000070914	141015878.387906
-19.5	-0.000000215827	-30	-0.000000000432706	7.19423333333333E-09	139000217.767008
-19.6	-0.00000021819	-30	-0.000000000596821	0.000000007273	137494843.943352
-19.7	-0.000000221163	-30	-0.000000000593734	0.0000000073721	135646559.325023
-19.8	-0.000000224352	-30	-0.000000000573158	0.0000000074784	133718442.447582
-19.9	-0.000000226972	-30	-0.000000000776923	7.56573333333333E-09	132174893.819502
-20	-0.000000229349	-30	-0.000000000329018	7.64496666666667E-09	130805017.680478
-20.1	-0.000000231834	-30	-0.000000000675166	0.0000000077278	129402934.858563
-20.2	-0.000000235498	-30	-0.000000000657666	7.84993333333333E-09	127389616.896959
-20.3	-0.000000237951	-30	-0.000000000785232	0.0000000079317	126076377.069229
-20.4	-0.000000240669	-30	-0.000000000559926	0.0000000080223	124652531.069643
-20.5	-0.000000243767	-30	-0.00000000023576	8.12556666666667E-09	123068339.849118
-20.6	-0.000000246274	-30	-0.000000000380862	8.20913333333333E-09	121815538.790128
-20.7	-0.000000249529	-30	-0.000000000651872	8.31763333333333E-09	120226506.738696
-20.8	-0.000000252689	-30	-0.00000000048641	8.42296666666667E-09	118723015.247993
-20.9	-0.000000255321	-30	-0.000000000688314	0.0000000085107	117499148.131176
-21	-0.000000258572	-30	-0.000000000846267	8.61906666666667E-09	116021843.045651
-21.1	-0.000000261981	-30	-0.000000000480151	0.0000000087327	114512121.108019
-21.2	-0.000000264587	-30	-0.000000000436592	8.81956666666667E-09	113384255.462287
-21.3	-0.000000268057	-30	-0.000000000488043	8.93523333333333E-09	111916495.372253
-21.4	-0.000000271047	-30	-0.000000000673223	0.0000000090349	110681911.255244
-21.5	-0.000000273993	-30	-0.000000000664413	0.0000000091331	109491848.331892
-21.6	-0.000000277657	-30	-0.000000000630414	9.25523333333333E-09	108046978.826394
-21.7	-0.000000280539	-30	-0.000000000884283	0.0000000093513	106937003.41129
-21.8	-0.000000283942	-30	-0.000000000652087	9.46473333333333E-09	105655380.324151
-21.9	-0.000000286932	-30	-0.000000000795424	0.0000000095644	104554389.193258
-22	-0.000000290109	-30	-0.00000000074513	0.0000000096703	103409408.187957
-22.1	-0.000000293276	-30	-0.000000000660932	9.77586666666667E-09	102292720.849984
-22.2	-0.000000297063	-30	-0.000000000704098	0.0000000099021	100988679.169065
-22.3	-0.000000300248	-30	-0.00000000073756	1.00082666666667E-08	99917401.6146652
-22.4	-0.000000302874	-30	-0.000000000773799	0.0000000100958	99051090.552507
-22.5	-0.000000306464	-30	-0.00000000081501	1.02154666666667E-08	97890779.993735
-22.6	-0.000000309979	-30	-0.000000000861812	1.03326333333333E-08	96780749.6636869
-22.7	-0.000000312972	-30	-0.000000000775576	0.0000000104324	95855220.2752962
-22.8	-0.000000316854	-30	-0.00000000054462	0.0000000105618	94680830.9189721
-22.9	-0.000000320553	-30	-0.000000000591481	0.0000000106851	93588267.7747518
-23	-0.000000324189	-30	-0.000000000639856	0.0000000108063	92538611.7357467
-23.1	-0.000000327588	-30	-0.000000000726008	0.0000000109196	91578446.0969266
-23.2	-0.000000331123	-30	-0.000000000587606	1.10374333333333E-08	90600773.7306077
-23.3	-0.000000335077	-30	-0.000000000502348	1.11692333333333E-08	89531659.8871304
-23.4	-0.000000338075	-30	-0.000000000818813	1.12691666666667E-08	88737706.1302965
-23.5	-0.000000342158	-30	-0.000000000731266	1.14052666666667E-08	87678791.6693458
-23.6	-0.0000003454	-30	-0.000000000410712	1.15133333333333E-08	86855819.3398958
-23.7	-0.000000348739	-30	-0.000000000649142	1.16246333333333E-08	86024218.6850338
-23.8	-0.000000352621	-30	-0.000000000759745	1.17540333333333E-08	85077179.1810471
-23.9	-0.000000356378	-30	-0.000000000635278	1.18792666666667E-08	84180280.4886946
-24	-0.000000360186	-30	-0.000000000604737	0.0000000120062	83290300.0116607
-24.1	-0.000000363721	-30	-0.000000000716138	1.21240333333333E-08	82480802.5931964
-24.2	-0.000000367857	-30	-0.000000000788617	0.0000000122619	81553429.7294873
-24.3	-0.000000371193	-30	-0.000000000654686	0.0000000123731	80820489.6105261
-24.4	-0.000000375509	-30	-0.000000000848699	1.25169666666667E-08	79891560.5218517
-24.5	-0.000000378503	-30	-0.000000000756574	1.26167666666667E-08	79259609.5671633
-24.6	-0.000000382828	-30	-0.000000000938964	1.27609333333333E-08	78364173.9893634
-24.7	-0.000000386505	-30	-0.00000000102397	0.0000000128835	77618659.52575
-24.8	-0.000000390125	-30	-0.000000000857496	1.30041666666667E-08	76898429.9903877
-24.9	-0.000000394113	-30	-0.000000000769877	0.0000000131371	76120300.5229465
-25	-0.000000397906	-30	-0.000000000657773	1.32635333333333E-08	75394691.2084764
-25.1	-0.000000402118	-30	-0.000000000798571	1.34039333333333E-08	74604966.7013165
-25.2	-0.000000406492	-30	-0.00000000120311	1.35497333333333E-08	73802190.4490125
-25.3	-0.000000411111	-30	-0.000000000553823	0.0000000137037	72972992.6954034
-25.4	-0.00000041556	-30	-0.000000000970125	0.000000013852	72191741.2647993
-25.5	-0.000000419579	-30	-0.000000000902426	1.39859666666667E-08	71500241.9091518
-25.6	-0.000000423875	-30	-0.00000000108088	1.41291666666667E-08	70775582.4240637
-25.7	-0.000000428105	-30	-0.000000000542152	1.42701666666667E-08	70076266.3365296
-25.8	-0.000000431559	-30	-0.000000000905705	0.0000000143853	69515408.0902032
-25.9	-0.000000436327	-30	-0.000000000847101	1.45442333333333E-08	68755772.6200762
-26	-0.000000440869	-30	-0.000000000738406	1.46956333333333E-08	68047424.5183944
-26.1	-0.000000444718	-30	-0.000000000752795	1.48239333333333E-08	67458479.3059872
-26.2	-0.000000449056	-30	-0.000000000578249	1.49685333333333E-08	66806812.5133614
-26.3	-0.000000453913	-30	-0.000000000655758	1.51304333333333E-08	66091960.353636
-26.4	-0.000000458613	-30	-0.00000000083648	0.0000000152871	65414630.6362881
-26.5	-0.000000463596	-30	-0.000000000727487	0.0000000154532	64711516.0613983
-26.6	-0.000000467038	-30	-0.00000000103605	1.55679333333333E-08	64234601.895349
-26.7	-0.000000471378	-30	-0.00000000105472	0.0000000157126	63643190.8150147
-26.8	-0.000000476377	-30	-0.00000000104852	1.58792333333333E-08	62975332.5622354
-26.9	-0.000000480607	-30	-0.00000000100355	1.60202333333333E-08	62421063.3636214
-27	-0.000000484706	-30	-0.000000000934374	1.61568666666667E-08	61893188.8608765
-27.1	-0.000000489073	-30	-0.000000000683069	1.63024333333333E-08	61340536.0753916
-27.2	-0.000000494054	-30	-0.00000000103295	1.64684666666667E-08	60722107.3000117
-27.3	-0.000000496644	-30	-0.000000000642574	0.0000000165548	60405441.3221543
-27.4	-0.000000502413	-30	-0.00000000118337	0.0000000167471	59711830.7050176
-27.5	-0.00000050697	-30	-0.00000000054822	0.000000016899	59175099.118291
-27.6	-0.00000051179	-30	-0.000000000972617	1.70596666666667E-08	58617792.4539362
-27.7	-0.000000515531	-30	-0.00000000115377	1.71843666666667E-08	58192426.8375714
-27.8	-0.000000519158	-30	-0.00000000148717	1.73052666666667E-08	57785876.3613389
-27.9	-0.000000525481	-30	-0.00000000102037	1.75160333333333E-08	57090551.3234541
-28	-0.000000530249	-30	-0.000000000789607	1.76749666666667E-08	56577192.9791475
-28.1	-0.000000533841	-30	-0.000000000624824	0.0000000177947	56196507.948996
-28.2	-0.000000539062	-30	-0.00000000126596	1.79687333333333E-08	55652225.532499
-28.3	-0.000000543135	-30	-0.000000000780988	0.0000000181045	55234886.3542213
-28.4	-0.000000548213	-30	-0.000000000848925	1.82737666666667E-08	54723255.3770159
-28.5	-0.000000552999	-30	-0.000000000749743	0.0000000184333	54249646.0210597
-28.6	-0.000000558294	-30	-0.000000000955343	0.0000000186098	53735128.8031037
-28.7	-0.00000056431	-30	-0.000000000723112	1.88103333333333E-08	53162268.9656395
-28.8	-0.000000568261	-30	-0.000000000952363	1.89420333333333E-08	52792642.817297
-28.9	-0.00000057375	-30	-0.000000000516009	0.000000019125	52287581.6993464
-29	-0.000000577645	-30	-0.00000000095135	1.92548333333333E-08	51935011.9883319
-29.1	-0.000000582496	-30	-0.000000000973141	1.94165333333333E-08	51502499.58798
-29.2	-0.000000587246	-30	-0.000000000594735	1.95748666666667E-08	51085916.2940233
-29.3	-0.000000591958	-30	-0.000000000672483	1.97319333333333E-08	50679271.1645083
-29.4	-0.000000597246	-30	-0.000000000805807	0.0000000199082	50230558.2624245
-29.5	-0.000000603288	-30	-0.00000000106436	0.0000000201096	49727493.3365159
-29.6	-0.000000608774	-30	-0.00000000109273	2.02924666666667E-08	49279371.3266335
-29.7	-0.000000613324	-30	-0.000000000978184	2.04441333333333E-08	48913787.8185103
-29.8	-0.000000619327	-30	-0.000000000979674	2.06442333333333E-08	48439677.262577
-29.9	-0.000000625445	-30	-0.000000000432456	2.08481666666667E-08	47965848.315999
-30	-0.000000630136	-30	-0.00000000116715	2.10045333333333E-08	47608770.170249
-30.1	-0.00000063627	-30	-0.000000000829363	0.000000021209	47149794.8983922
-30.2	-0.000000641112	-30	-0.00000000069747	0.0000000213704	46793695.9532812
-30.3	-0.000000644295	-30	-0.0000000014396	0.0000000214765	46562521.8261821
-30.4	-0.000000650235	-30	-0.00000000136958	0.0000000216745	46137165.7939053
-30.5	-0.000000656199	-30	-0.00000000177715	0.0000000218733	45717838.6434603
-30.6	-0.00000066143	-30	-0.000000000932217	2.20476666666667E-08	45356273.5285669
-30.7	-0.000000667229	-30	-0.00000000121651	2.22409666666667E-08	44962074.4901675
-30.8	-0.000000672391	-30	-0.00000000119112	2.24130333333333E-08	44616897.0137911
-30.9	-0.000000676842	-30	-0.00000000113766	0.0000000225614	44323490.5635289
-31	-0.000000682239	-30	-0.000000000832951	0.0000000227413	43972859.9508383
-31.1	-0.000000688107	-30	-0.00000000134417	0.0000000229369	43597870.679996
-31.2	-0.000000692579	-30	-0.000000000717366	2.30859666666667E-08	43316358.1338735
-31.3	-0.000000697912	-30	-0.00000000166211	2.32637333333333E-08	42985362.0513761
-31.4	-0.00000070407	-30	-0.00000000103807	0.000000023469	42609399.6335592
-31.5	-0.000000708963	-30	-0.00000000123086	0.0000000236321	42315325.3413789
-31.6	-0.000000714584	-30	-0.000000000874114	2.38194666666667E-08	41982468.1213125
-31.7	-0.000000720352	-30	-0.000000000878668	2.40117333333333E-08	41646306.2502776
-31.8	-0.000000725349	-30	-0.00000000125622	0.0000000241783	41359400.7850014
-31.9	-0.000000731302	-30	-0.000000000988126	2.43767333333333E-08	41022723.8541669
-32	-0.000000736322	-30	-0.00000000117387	2.45440666666667E-08	40743044.483256
-32.1	-0.000000741825	-30	-0.00000000130647	0.0000000247275	40440804.772015
-32.2	-0.000000748545	-30	-0.000000000888872	0.0000000249515	40077750.8366231
-32.3	-0.000000754022	-30	-0.00000000125118	2.51340666666667E-08	39786637.5251651
-32.4	-0.000000756892	-30	-0.000000000756574	2.52297333333333E-08	39635773.6638781
-32.5	-0.000000765337	-30	-0.00000000135421	2.55112333333333E-08	39198418.474476
-32.6	-0.000000768636	-30	-0.000000000843608	0.0000000256212	39030178.133733
-32.7	-0.000000776117	-30	-0.00000000117385	2.58705666666667E-08	38653965.8324711
-32.8	-0.000000780421	-30	-0.00000000159291	2.60140333333333E-08	38440790.291394
-32.9	-0.000000788318	-30	-0.00000000106065	2.62772666666667E-08	38055708.4831248
-33	-0.000000794874	-30	-0.00000000159338	0.0000000264958	37741830.7807275
-33.1	-0.000000801617	-30	-0.00000000131513	2.67205666666667E-08	37424356.0203938
-33.2	-0.000000807988	-30	-0.00000000192658	2.69329333333333E-08	37129264.2960044
-33.3	-0.000000812797	-30	-0.000000000964522	2.70932333333333E-08	36909585.0501417
-33.4	-0.000000818393	-30	-0.000000000826478	2.72797666666667E-08	36657205.0347449
-33.5	-0.000000824509	-30	-0.00000000176768	2.74836333333333E-08	36385291.1247785
-33.6	-0.000000829512	-30	-0.000000000819111	0.0000000276504	36165842.0854671
-33.7	-0.000000834701	-30	-0.000000000998545	2.78233666666667E-08	35941013.6084658
-33.8	-0.000000840335	-30	-0.000000000893354	2.80111666666667E-08	35700048.1950651
-33.9	-0.0000008487	-30	-0.00000000172777	0.00000002829	35348179.5687522
-34	-0.000000855445	-30	-0.00000000129066	2.85148333333333E-08	35069466.7687578
-34.1	-0.000000860604	-30	-0.00000000106654	0.0000000286868	34859238.3953595
-34.2	-0.000000867233	-30	-0.00000000108049	2.89077666666667E-08	34592779.5644308
-34.3	-0.000000873867	-30	-0.000000000576496	0.0000000291289	34330166.9476019
-34.4	-0.00000087872	-30	-0.00000000117276	2.92906666666667E-08	34140568.0990532
-34.5	-0.000000884262	-30	-0.000000000160456	0.0000000294754	33926596.4159944
-34.6	-0.000000888577	-30	-0.00000000170454	2.96192333333333E-08	33761846.1877811
-34.7	-0.000000895199	-30	-0.000000000858057	2.98399666666667E-08	33512101.7784872
-34.8	-0.000000902285	-30	-0.000000000884628	3.00761666666667E-08	33248918.0247926
-34.9	-0.000000908037	-30	-0.00000000106535	0.0000000302679	33038301.3027002
-35	-0.000000914481	-30	-0.00000000100636	0.0000000304827	32805492.9517398
-35.1	-0.000000921464	-30	-0.00000000152632	3.07154666666667E-08	32556887.7351693
-35.2	-0.000000927922	-30	-0.00000000185391	3.09307333333333E-08	32330303.6246581
-35.3	-0.000000935495	-30	-0.000000000686419	3.11831666666667E-08	32068584.011673
-35.4	-0.000000940558	-30	-0.00000000150166	3.13519333333333E-08	31895959.6324735
-35.5	-0.000000947067	-30	-0.0000000015098	0.0000000315689	31676745.1510822
-35.6	-0.000000951351	-30	-0.00000000119367	0.0000000317117	31534102.5552083
-35.7	-0.000000960222	-30	-0.0000000020341	0.0000000320074	31242775.1082562
-35.8	-0.000000964573	-30	-0.00000000162065	3.21524333333333E-08	31101845.0651221
-35.9	-0.000000972358	-30	-0.00000000139891	3.24119333333333E-08	30852834.038492
-36	-0.000000979423	-30	-0.00000000149982	3.26474333333333E-08	30630279.256256
-36.1	-0.000000985544	-30	-0.00000000044719	3.28514666666667E-08	30440041.2361092
-36.2	-0.000000989344	-30	-0.00000000130336	3.29781333333333E-08	30323123.200828
-36.3	-0.000000998522	-30	-0.00000000120298	3.32840666666667E-08	30044405.6315234
-36.4	-0.00000100498	-30	-0.00000000145411	3.34993333333333E-08	29851340.3251806
-36.5	-0.00000101138	-30	-0.00000000094142	3.37126666666667E-08	29662441.4166782
-36.6	-0.00000101854	-30	-0.00000000129555	3.39513333333333E-08	29453924.2445068
-36.7	-0.00000102635	-30	-0.00000000113828	3.42116666666667E-08	29229794.9042724
-36.8	-0.0000010338	-30	-0.000000000799346	0.00000003446	29019152.6407429
-36.9	-0.00000103942	-30	-0.00000000144033	3.46473333333333E-08	28862250.1010179
-37	-0.00000104655	-30	-0.00000000128778	0.000000034885	28665615.5940949
-37.1	-0.00000105407	-30	-0.00000000173163	3.51356666666667E-08	28461107.89606
-37.2	-0.00000106027	-30	-0.00000000137165	3.53423333333333E-08	28294679.6570685
-37.3	-0.00000106544	-30	-0.00000000187891	3.55146666666667E-08	28157380.9881364
-37.4	-0.00000107308	-30	-0.00000000120853	3.57693333333333E-08	27956909.0841317
-37.5	-0.00000107968	-30	-0.00000000139209	3.59893333333333E-08	27786010.6698281
-37.6	-0.00000108712	-30	-0.000000000910115	3.62373333333333E-08	27595849.5842225
-37.7	-0.00000109191	-30	-0.00000000172578	0.000000036397	27474791.8784515
-37.8	-0.00000110063	-30	-0.00000000117725	3.66876666666667E-08	27257116.3788012
-37.9	-0.00000110766	-30	-0.00000000152514	0.000000036922	27084123.2869292
-38	-0.00000111409	-30	-0.00000000134062	3.71363333333333E-08	26927806.5506377
-38.1	-0.00000112214	-30	-0.00000000172075	3.74046666666667E-08	26734632.0423477
-38.2	-0.00000112721	-30	-0.00000000133344	3.75736666666667E-08	26614384.1875072
-38.3	-0.00000113347	-30	-0.00000000184679	3.77823333333333E-08	26467396.5786479
-38.4	-0.00000114077	-30	-0.00000000132259	3.80256666666667E-08	26298026.7713913
-38.5	-0.00000114724	-30	-0.00000000133924	3.82413333333333E-08	26149715.8397545
-38.6	-0.00000115643	-30	-0.00000000146091	3.85476666666667E-08	25941907.4219797
-38.7	-0.00000116236	-30	-0.00000000185093	3.87453333333333E-08	25809559.8609725
-38.8	-0.00000116886	-30	-0.00000000100306	0.000000038962	25666033.5711719
-38.9	-0.00000117587	-30	-0.000000000896347	3.91956666666667E-08	25513024.3989557
-39	-0.00000118294	-30	-0.00000000111489	3.94313333333333E-08	25360542.3774663
-39.1	-0.0000011905	-30	-0.00000000145758	3.96833333333333E-08	25199496.0100798
-39.2	-0.00000119476	-30	-0.00000000126448	3.98253333333333E-08	25109645.4518062
-39.3	-0.000001204	-30	-0.00000000163516	4.01333333333333E-08	24916943.5215947
-39.4	-0.00000120897	-30	-0.00000000184557	0.000000040299	24814511.5263406
-39.5	-0.00000121745	-30	-0.00000000202453	4.05816666666667E-08	24641669.0623845
-39.6	-0.00000122425	-30	-0.00000000102931	4.08083333333333E-08	24504798.8564427
-39.7	-0.00000123095	-30	-0.00000000171741	4.10316666666667E-08	24371420.4476218
-39.8	-0.00000123741	-30	-0.0000000013552	0.000000041247	24244187.4560574
-39.9	-0.00000124426	-30	-0.00000000139223	4.14753333333333E-08	24110716.4097536
-40	-0.00000125185	-30	-0.00000000187048	4.17283333333333E-08	23964532.491912
