0	0.000000000381744	0	0	-0.0596103362	-0.017894058	0.0417162782	0	0	0	0
-0.1	0.00000000033685	0	0	-0.0210980563	-0.155154536	-0.1340564797	0	-3606205398.3281	0	0
-0.2	0.000000000311971	0	0	-0.759131279	-0.302369845	0.456761434	0	-7212410796.65621	0	0
-0.3	0.000000000279701	0	0	-0.281598993	-0.458964012	-0.177365019	0	-10818616194.9843	0	0
-0.4	0.000000000288701	0	0	-0.12101397	-0.687099336	-0.566085366	0	-14424821593.3124	0	0
-0.5	0.000000000249732	0	0	-0.11306302	-0.875292786	-0.762229766	0	-18031026991.6405	0	0
-0.6	0.000000000280142	0	0	-0.132347448	-1.03596226	-0.903614812	0	-21637232389.9686	0	0
-0.7	0.000000000308561	0	0	-0.103396197	-0.225229029	-0.121832832	0	-25243437788.2967	0	0
-0.8	0.000000000214934	0	0	-0.116192741	-0.297158088	-0.180965347	0	-28849643186.6248	0	0
-0.9	0.000000000275528	0	0	-0.126128869	-0.471272129	-0.34514326	0	-32455848584.9529	0	0
-1	0.000000000314713	0	0	-0.0765217216	-0.666478591	-0.5899568694	0	-36062053983.281	0	0
-1.1	0.000000000210059	0	0	-0.773012256	-0.776514294	-3.50203800000004E-03	0	-39668259381.6091	0	0
-1.2	0.000000000240946	0	0	-0.22906782	-0.883281031	-0.654213211	0	-43274464779.9372	0	0
-1.3	0.000000000218785	0	0	-0.087735055	-1.05322941	-0.965494355	0	-46880670178.2653	0	0
-1.4	0.000000000225711	0	0	-0.78037103	-0.0913245166	0.6890465134	0	-50486875576.5934	0	0
-1.5	0.000000000256836	0	0	-0.829579062	-0.0652576472	0.7643214148	0	-54093080974.9215	0	0
-1.6	0.000000000201881	0	0	-0.126505276	-0.118743848	0.007761428	0	-57699286373.2497	0	0
-1.7	0.000000000290799	0	0	-0.129172438	-0.300559037	-0.171386599	0	-61305491771.5778	0	0
-1.8	0.00000000022732	0	0	-0.00525858401	-0.52112949	-0.51587090599	0	-64911697169.9059	0	0
-1.9	0.000000000236106	0	0	-0.704217608	-0.639893807	0.064323801	0	-68517902568.234	0	0
-2	0.000000000176179	0	0	-0.182998021	-0.755691172	-0.572693151	0	-72124107966.5621	0	0
-2.1	0.000000000183225	0	0	-0.098015032	-0.940316963	-0.842301931	0	-75730313364.8902	0	0
-2.2	0.000000000188935	0	0	-0.0261264525	-0.075458761	-0.0493323085	0	-79336518763.2183	0	0
-2.3	0.000000000294793	0	0	-0.10987637	-0.179920282	-0.070043912	0	-82942724161.5464	0	0
-2.4	0.000000000159645	0	0	-0.0947415476	-0.28738892	-0.1926473724	0	-86548929559.8745	0	0
-2.5	0.000000000142872	0	0	-0.775086744	-0.408186847	0.366899897	0	-90155134958.2026	0	0
-2.6	0.000000000144851	0	0	-0.220747867	-0.541220336	-0.320472469	0	-93761340356.5307	0	0
-2.7	0.000000000260878	0	0	-0.0106182436	-0.748954809	-0.7383365654	0	-97367545754.8588	0	0
-2.8	0.000000000276518	0	0	-0.674866348	-0.862444908	-0.18757856	0	-100973751153.187	0	0
-2.9	-1.14441E-12	0	0	-0.286525503	-0.968723418	-0.682197915	0	-104579956551.515	0	0
-3	0.000000000223756	0	0	-0.0248110646	-0.197021811	-0.1722107464	0	-108186161949.843	0	0
-3.1	0.000000000239122	0	0	-0.0720194106	-0.277569209	-0.2055497984	0	-111792367348.171	0	0
-3.2	0.000000000236702	0	0	-0.672983749	-0.375704508	0.297279241	0	-115398572746.499	0	0
-3.3	-0.00000000010221	0	0	-0.247963082	-0.493889034	-0.245925952	0	-119004778144.827	0	0
-3.4	0.000000000294876	0	0	-0.418430025	-0.59672673	-0.178296705	0	-122610983543.156	0	0
-3.5	-0.000000000170136	0	0	-0.277920125	-0.68068179	-0.402761665	0	-126217188941.484	0	0
-3.6	0.00000000031749	0	0	-0.445988678	-0.742815337	-0.296826659	0	-129823394339.812	0	0
-3.7	-0.000000000263023	0	0	-0.354342229	-0.788572285	-0.434230056	0	-133429599738.14	0	0
-3.8	0.000000000274408	0	0	-0.103516297	-0.829320203	-0.725803906	0	-137035805136.468	0	0
-3.9	0.000000000374055	0	0	-0.81015819	-0.834433166	-2.42749759999999E-02	0	-140642010534.796	0	0
-4	-0.000000000540519	0	0	-0.457510287	-0.854310258	-0.396799971	0	-144248215933.124	0	0
-4.1	0.000000000350785	0	0	-0.203584935	-0.90214795	-0.698563015	0	-147854421331.452	0	0
-4.2	0.000000000413048	0	0	-0.20681701	-0.939430066	-0.732613056	0	-151460626729.78	0	0
-4.3	0.000000000423098	0	0	-0.236089222	-0.966459406	-0.730370184	0	-155066832128.108	0	0
-4.4	0.000000000343192	0	0	-0.26389412	-1.00379698	-0.73990286	0	-158673037526.437	0	0
-4.5	0.000000000367701	0	0	-0.196824348	-0.478064006	-0.281239658	0	-162279242924.765	0	0
-4.6	0.00000000057205	0	0	-0.859504717	-0.627515329	0.231989388	0	-165885448323.093	0	0
-4.7	-0.00000000104657	0	0	-0.5162931	-0.593647685	-0.077354585	0	-169491653721.421	0	0
-4.8	0.000000000585926	0	0	-0.168257892	-0.600365876	-0.432107984	0	-173097859119.749	0	0
-4.9	0.00000000057435	0	0	-0.224381532	-0.637107992	-0.41272646	0	-176704064518.077	0	0
-5	0.000000000644314	0	0	-0.296179522	-1.14111194	-0.844932418	0	-180310269916.405	0	0
-5.1	0.000000000502038	0	0	-0.280035417	-0.718547772	-0.438512355	0	-183916475314.733	0	0
-5.2	0.000000000752246	0	0	-0.324986394	-0.28581997	0.039166424	0	-187522680713.061	0	0
-5.3	0.0000000010078	0	0	-1.43782532	-1.16439465	0.27343067	0	-191128886111.389	0	0
-5.4	0.000000000530732	0	0	-1.35510351	-0.961577691	0.393525819	0	-194735091509.718	0	0
-5.5	0.000000000629878	0	0	-0.896360907	-0.497737301	0.398623606	0	-198341296908.046	0	0
-5.6	-0.000000000999379	0	0	-1.10462905	-0.780002047	0.324627003	0	-201947502306.374	0	0
-5.7	-0.00000000110373	0	0	-1.18933907	-1.09127735	0.09806172	0	-205553707704.702	0	0
-5.8	-0.00000000116885	0	0	-0.516755751	-1.39636528	-0.879609529	0	-209159913103.03	0	0
-5.9	0.00000000055728	0	0	-0.893789809	-1.57436399	-0.680574181	0	-212766118501.358	0	0
-6	0.000000000229418	0	0	-1.45341093	-1.851625	-0.39821407	0	-216372323899.686	0	0
-6.1	0.000000000135767	0	0	-2.10697594	-2.24776514	-0.1407892	0	-219978529298.014	0	0
-6.2	7.02143E-11	0	0	-2.60857312	-2.56141945	4.71536700000001E-02	0	-223584734696.342	0	0
-6.3	0.000000000112844	0	0	-2.85730075	-2.74949182	0.10780893	0	-227190940094.671	0	0
-6.4	0.000000000183761	0	0	-3.03174984	-2.88766538	0.14408446	0	-230797145492.999	0	0
-6.5	0.000000000023818	0	0	-3.15928996	-2.99728557	0.16200439	0	-234403350891.327	0	0
-6.6	2.77758E-11	0	0	-3.25257983	-3.08801823	0.1645616	0	-238009556289.655	0	0
-6.7	9.21845E-11	0	0	-3.32099295	-3.16513408	0.15585887	0	-241615761687.983	0	0
-6.8	-8.82149E-13	0	0	-3.37222609	-3.23234571	0.13988038	0	-245221967086.311	0	0
-6.9	0.000000000167787	0	0	-3.4155665	-3.29460307	0.12096343	0	-248828172484.639	0	0
-7	9.24826E-11	0	0	-3.45807236	-3.35594874	0.10212362	0	-252434377882.967	0	0
-7.1	0.00000000011853	0	0	-3.505346	-3.4193916	8.59543999999999E-02	0	-256040583281.295	0	0
-7.2	1.28031E-11	0	0	-3.55719971	-3.48446821	7.27314999999997E-02	0	-259646788679.623	0	0
-7.3	8.38041E-11	0	0	-3.61165762	-3.55006525	6.15923700000001E-02	0	-263252994077.952	0	0
-7.4	0.000000000135159	0	0	-3.66747117	-3.61596472	5.15064499999998E-02	0	-266859199476.28	0	0
-7.5	4.00662E-11	0	0	-3.72602974	-3.68374481	4.22849300000001E-02	0	-270465404874.608	0	0
-7.6	8.18491E-11	0	0	-3.78725558	-3.75290358	3.43520000000002E-02	0	-274071610272.936	0	0
-7.7	0.000000000147188	0	0	-3.85113327	-3.82358529	0.02754798	0	-277677815671.264	0	0
-7.8	0.000000000105286	0	0	-3.91587609	-3.89427341	0.02160268	0	-281284021069.592	0	0
-7.9	0.000000000160265	0	0	-3.98149009	-3.96601648	1.54736099999999E-02	0	-284890226467.92	0	0
-8	0.000000000164175	0	0	-4.04956512	-4.03919491	1.03702099999996E-02	0	-288496431866.248	0	0
-8.1	6.16074E-11	0	0	-4.11956854	-4.1139976	5.57094000000014E-03	0	-292102637264.576	0	0
-8.2	0.000000000152528	0	0	-4.19046488	-4.18896809	1.49679000000003E-03	0	-295708842662.904	0	0
-8.3	0.000000000178254	0	0	-4.26228592	-4.26477695	-2.49102999999984E-03	0	-299315048061.233	0	0
-8.4	7.92503E-11	0	0	-4.33413231	-4.33970403	-5.57171999999984E-03	0	-302921253459.561	0	0
-8.5	0.000000000139642	0	0	-4.40501223	-4.41419754	-9.18531000000034E-03	0	-306527458857.889	0	0
-8.6	0.000000000167036	0	0	-4.47508424	-4.48720075	-1.21165100000002E-02	0	-310133664256.217	0	0
-8.7	3.95298E-11	0	0	-4.54321184	-4.55888571	-1.56738700000005E-02	0	-313739869654.545	0	0
-8.8	0.000000000160611	0	0	-4.6114991	-4.6314352	-1.99361000000007E-02	0	-317346075052.873	0	0
-8.9	8.21471E-11	0	0	-4.68065063	-4.70388495	-2.32343200000003E-02	0	-320952280451.201	0	0
-9	0.000000000110769	0	0	-4.7499555	-4.77619345	-2.62379499999996E-02	0	-324558485849.529	0	0
-9.1	0.000000000177431	0	0	-4.81926656	-4.84877694	-2.95103799999996E-02	0	-328164691247.857	0	0
-9.2	0.00000000010339	0	0	-4.88837604	-4.92056596	-3.21899200000004E-02	0	-331770896646.185	0	0
-9.3	0.000000000148845	0	0	-4.95704549	-4.99187287	-3.48273800000003E-02	0	-335377102044.514	0	0
-9.4	0.00000000014956	0	0	-5.02552435	-5.06269501	-3.71706599999992E-02	0	-338983307442.842	0	0
-9.5	0.000000000117564	0	0	-5.09220688	-5.13211432	-3.99074400000003E-02	0	-342589512841.17	0	0
-9.6	0.000000000123441	0	0	-5.15925362	-5.20181758	-4.25639599999998E-02	0	-346195718239.498	0	0
-9.7	4.28438E-11	0	0	-5.2266498	-5.27169191	-4.50421100000007E-02	0	-349801923637.826	0	0
-9.8	0.000000000128102	0	0	-5.29411893	-5.34110797	-4.69890400000006E-02	0	-353408129036.154	0	0
-9.9	6.13928E-11	0	0	-5.35981411	-5.40961096	-4.97968499999999E-02	0	-357014334434.482	0	0
-10	0.000000000105548	0	0	-5.42542619	-5.47670209	-5.12759000000003E-02	0	-360620539832.81	0	0
-10.1	9.62257E-11	0	0	-5.48927139	-5.5435138	-5.42424100000005E-02	0	-364226745231.138	0	0
-10.2	8.42333E-11	0	0	-5.55672332	-5.6135132	-5.67898800000002E-02	0	-367832950629.467	0	0
-10.3	0.000000000161767	0	0	-5.62164947	-5.68088143	-0.05923196	0	-371439156027.795	0	0
-10.4	9.38296E-11	0	0	-5.68827267	-5.74892	-6.06473300000001E-02	0	-375045361426.123	0	0
-10.5	0.00000000013324	0	0	-5.75184717	-5.81300578	-6.11586100000006E-02	0	-378651566824.451	0	0
-10.6	-9.98974E-12	0	0	-5.81281181	-5.87646729	-6.36554799999995E-02	0	-382257772222.779	0	0
-10.7	6.37412E-11	0	0	-5.87311392	-5.93994772	-6.68338000000004E-02	0	-385863977621.107	0	0
-10.8	0.000000000178397	0	0	-5.93600823	-6.00515373	-6.91455000000003E-02	0	-389470183019.435	0	0
-10.9	4.90189E-11	0	0	-5.99862618	-6.07061098	-7.19848000000001E-02	0	-393076388417.763	0	0
-11	6.41584E-11	0	0	-6.06562917	-6.13942991	-7.38007399999994E-02	0	-396682593816.091	0	0
-11.1	2.36869E-11	0	0	-6.13370049	-6.21013793	-7.64374400000003E-02	0	-400288799214.419	0	0
-11.2	0.00000000011251	0	0	-6.20543454	-6.28344776	-7.80132199999999E-02	0	-403895004612.748	0	0
-11.3	-1.06335E-11	0	0	-6.27491067	-6.35248548	-7.75748100000007E-02	0	-407501210011.076	0	0
-11.4	6.94156E-11	0	0	-6.33637621	-6.41428959	-0.07791338	0	-411107415409.404	0	0
-11.5	0.000000000153744	0	0	-6.39441459	-6.47469961	-8.02850199999998E-02	0	-414713620807.732	0	0
-11.6	2.99096E-11	0	0	-6.45272218	-6.53464286	-8.19206799999996E-02	0	-418319826206.06	0	0
-11.7	6.29783E-11	0	0	-6.51185464	-6.59563954	-8.37848999999995E-02	0	-421926031604.388	0	0
-11.8	0.00000000017941	0	0	-6.56685999	-6.65137284	-8.45128499999994E-02	0	-425532237002.716	0	0
-11.9	0.000000000170743	0	0	-6.61862064	-6.70511664	-8.64960000000004E-02	0	-429138442401.044	0	0
-12	0.000000000057745	0	0	-6.67165073	-6.76079445	-0.08914372	0	-432744647799.372	0	0
-12.1	9.28879E-11	0	0	-6.72533561	-6.81715216	-9.18165499999999E-02	0	-436350853197.701	0	0
-12.2	8.64744E-11	0	0	-6.78135777	-6.87448486	-9.31270900000003E-02	0	-439957058596.029	0	0
-12.3	-8.30293E-11	0	0	-6.83281893	-6.9271185	-9.42995699999996E-02	0	-443563263994.357	0	0
-12.4	-6.13093E-11	0	0	-6.88427488	-6.98093624	-9.66613599999997E-02	0	-447169469392.685	0	0
-12.5	-1.53065E-11	0	0	-6.93420817	-7.03213302	-9.79248500000001E-02	0	-450775674791.013	0	0
-12.6	3.20196E-11	0	0	-6.98574657	-7.08855623	-0.10280966	0	-454381880189.341	0	0
-12.7	2.17199E-11	0	0	-7.04565385	-7.15062033	-0.10496648	0	-457988085587.669	0	0
-12.8	-4.10318E-11	0	0	-7.10234106	-7.20690673	-0.10456567	0	-461594290985.997	0	0
-12.9	-5.55634E-11	0	0	-7.1604584	-7.26745414	-0.10699574	0	-465200496384.325	0	0
-13	-3.75152E-11	0	0	-7.21648711	-7.3245618	-0.10807469	0	-468806701782.654	0	0
-13.1	2.48075E-11	0	0	-7.27517935	-7.38711616	-0.11193681	0	-472412907180.982	0	0
-13.2	-5.54323E-12	0	0	-7.33511224	-7.44640237	-0.11129013	0	-476019112579.31	0	0
-13.3	-7.46489E-11	0	0	-7.38672229	-7.49598128	-0.10925899	0	-479625317977.638	0	0
-13.4	-6.39796E-11	0	0	-7.42580985	-7.53293995	-0.1071301	0	-483231523375.966	0	0
-13.5	-1.94669E-11	0	0	-7.45795477	-7.56810239	-0.11014762	0	-486837728774.294	0	0
-13.6	1.46627E-12	0	0	-7.48500825	-7.59594418	-0.11093593	0	-490443934172.622	0	0
-13.7	0.000000000113392	0	0	-7.50960901	-7.6231179	-0.113508889999999	0	-494050139570.95	0	0
-13.8	4.92454E-11	0	0	-7.53513315	-7.64828664	-0.11315349	0	-497656344969.278	0	0
-13.9	1.58906E-11	0	0	-7.55862224	-7.67525235	-0.11663011	0	-501262550367.606	0	0
-14	0.000000000124729	0	0	-7.58937876	-7.71064327	-0.12126451	0	-504868755765.935	0	0
-14.1	5.88298E-11	0	0	-7.62597319	-7.75176737	-0.12579418	0	-508474961164.263	0	0
-14.2	5.90205E-11	0	0	-7.67140787	-7.79906037	-0.1276525	0	-512081166562.591	0	0
-14.3	2.00987E-11	0	0	-7.71907784	-7.84979273	-0.13071489	0	-515687371960.919	0	0
-14.4	0.000000000107956	0	0	-7.76997708	-7.90129189	-0.13131481	0	-519293577359.247	0	0
-14.5	0.000000000182521	0	0	-7.81310934	-7.94456399	-0.13145465	0	-522899782757.575	0	0
-14.6	2.00272E-11	0	0	-7.85968003	-7.99320678	-0.133526750000001	0	-526505988155.903	0	0
-14.7	-0.000000000301123	0	0	-7.90354501	-8.03141444	-0.127869430000001	0	-530112193554.231	0	0
-14.8	-9.89199E-11	0	0	-7.94172499	-8.07137466	-0.12964967	0	-533718398952.559	0	0
-14.9	1.54972E-11	0	0	-7.97795849	-8.11028718	-0.13232869	0	-537324604350.887	0	0
-15	7.09891E-11	0	0	-8.01622044	-8.15049571	-0.13427527	0	-540930809749.216	0	0
-15.1	3.46899E-12	0	0	-8.05532653	-8.1906901	-0.135363569999999	0	-544537015147.544	0	0
-15.2	-2.17915E-11	0	0	-8.08869386	-8.22421706	-0.135523200000002	0	-548143220545.872	0	0
-15.3	7.66516E-11	0	0	-8.113973	-8.24703635	-0.13306335	0	-551749425944.2	0	0
-15.4	0.000000000103521	0	0	-8.12617002	-8.26052272	-0.134352700000001	0	-555355631342.528	0	0
-15.5	-8.62479E-11	0	0	-8.14360215	-8.28525486	-0.141652710000001	0	-558961836740.856	0	0
-15.6	4.02808E-11	0	0	-8.1631543	-8.30852205	-0.14536775	0	-562568042139.184	0	0
-15.7	9.63926E-11	0	0	-8.19667369	-8.3484164	-0.151742709999999	0	-566174247537.512	0	0
-15.8	-0.000000000166476	0	0	-8.22910497	-8.37876684	-0.149661870000001	0	-569780452935.84	0	0
-15.9	-6.97494E-11	0	0	-8.25293495	-8.40343058	-0.15049563	0	-573386658334.168	0	0
-16	2.77758E-11	0	0	-8.27756282	-8.42800299	-0.15044017	0	-576992863732.497	0	0
-16.1	0.00000000001266	0	0	-8.30434402	-8.45864692	-0.154302899999999	0	-580599069130.825	0	0
-16.2	-2.90632E-11	0	0	-8.33535719	-8.49171175	-0.15635456	0	-584205274529.153	0	0
-16.3	1.99676E-11	0	0	-8.36626881	-8.5238488	-0.15757999	0	-587811479927.481	0	0
-16.4	9.41038E-11	0	0	-8.40107522	-8.56150843	-0.160433210000001	0	-591417685325.809	0	0
-16.5	-9.66787E-11	0	0	-8.44750732	-8.60763998	-0.16013266	0	-595023890724.137	0	0
-16.6	-0.000000000163412	0	0	-8.48770094	-8.64825125	-0.16055031	0	-598630096122.465	0	0
-16.7	0.000000000147545	0	0	-8.52829057	-8.69705583	-0.168765260000001	0	-602236301520.793	0	0
-16.8	-0.000000000145841	0	0	-8.57214433	-8.73687738	-0.164733049999999	0	-605842506919.121	0	0
-16.9	0.000000000222552	0	0	-8.60135455	-8.76591418	-0.164559629999999	0	-609448712317.449	0	0
-17	-3.91126E-11	0	0	-8.63472483	-8.79834229	-0.163617460000001	0	-613054917715.778	0	0
-17.1	-4.81248E-11	0	0	-8.64640042	-8.81312633	-0.166725909999998	0	-616661123114.106	0	0
-17.2	-2.34485E-11	0	0	-8.66602341	-8.8345395	-0.168516090000001	0	-620267328512.434	0	0
-17.3	-0.00000000010252	0	0	-8.68314559	-8.85073041	-0.16758482	0	-623873533910.762	0	0
-17.4	-4.41194E-11	0	0	-8.69669156	-8.86776381	-0.17107225	0	-627479739309.09	0	0
-17.5	-0.000000000165272	0	0	-8.70623952	-8.87367047	-0.16743095	0	-631085944707.418	0	0
-17.6	-3.95775E-11	0	0	-8.7139445	-8.88734008	-0.173395579999999	0	-634692150105.746	0	0
-17.7	7.02381E-11	-0.00000004	-50.2245	-8.72626285	-8.89925361	-0.172990760000001	5.10167363852263E-08	-638298355504.074	-0.498859873388783	0
-17.8	-2.90751E-11	-0.00000004	-49.9491	-8.73484167	-8.91279349	-0.177951820000001	4.95944576458952E-08	-641904560902.402	-0.482227872529232	0
-17.9	-0.000000000316846	0	0	-8.75978297	-8.94043357	-0.1806506	0	-645510766300.73	0	0
-18	-0.000000000276268	-0.00000004	-48.8225	-8.77346001	-8.95332399	-0.179863979999999	4.90672117897095E-08	-649116971699.059	-0.471800113362591	0
-18.1	-0.000000000852346	-0.00000004	-40.2596	-8.75918639	-8.93016426	-0.17097787	5.16173467361596E-08	-652723177097.387	-0.493578538701058	0
-18.2	-0.00000000100806	-0.00000004	-28.7287	-8.68831226	-8.82378426	-0.135472	6.51457422936105E-08	-656329382495.715	-0.619517836689026	0
-18.3	-0.00000000191556	-0.00000004	-16.4351	-8.42486464	-8.43386983	-9.00519000000166E-03	9.80037511701405E-07	-659935587894.043	-9.26895502870181	0
-18.4	-0.00000000339857	-0.00000004	-10.1211	-7.5553919	-7.28862323	0.26676867	-3.30826854592782E-08	-663541793292.371	0.311187467739866	0
-18.5	-0.00000000301902	-0.00000004	-6.27592	-5.8586007	-5.42036528	0.43823542	-2.01385456246325E-08	-667147998690.699	0.188406351997602	0
-18.6	-0.000000000529277	-0.00000004	-6.04195	-3.99901994	-3.59432569	0.40469425	-2.18076337877299E-08	-670754204089.027	0.202924632019819	0
-18.7	-0.000000000585532	-0.00000004	-5.97369	-2.56671819	-2.37487113	0.19184706	-4.60023937817968E-08	-674360409487.355	0.425772875397132	0
-18.8	-0.000000000420904	-0.00000004	-5.89945	-2.02752722	-2.07134528	-0.04381806	2.01410651224632E-07	-677966614885.683	-1.85423062706801	0
-18.9	-0.000000000708032	-0.00000004	-5.81447	-1.98269777	-2.02881683	-4.61190599999999E-02	1.91361749350486E-07	-681572820284.011	-1.75239697207405	0
-19	-0.000000000298893	-0.00000004	-5.76258	-1.93872082	-1.98729755	-4.85767300000002E-02	1.81680076036406E-07	-685179025682.34	-1.65498044972435	0
-19.1	-0.000000000542045	-0.00000004	-5.69951	-1.9035984	-1.95159652	-4.79981200000001E-02	1.83870201582895E-07	-688785231080.668	-1.66616171390058	0
-19.2	-0.00000000044415	-0.00000004	-5.68487	-1.87453317	-1.92576438	-5.12312099999999E-02	1.72266553922892E-07	-692391436478.996	-1.55288359906453	0
-19.3	-0.000000000381076	-0.00000004	-5.62967	-1.85632561	-1.90739413	-5.10685199999998E-02	1.72815346910387E-07	-695997641877.324	-1.54975898983009	0
-19.4	-0.000000000439549	-0.00000004	-5.58787	-1.83824557	-1.88921817	-5.09725999999999E-02	1.73140550020992E-07	-699603847275.652	-1.5446718380144	0
-19.5	-0.000000000414491	-0.00000004	-5.56504	-1.82012323	-1.86902381	-0.04890058	1.80476877779364E-07	-703210052673.98	-1.60186577910678	0
-19.6	-0.000000000440991	-0.00000004	-5.50261	-1.80035081	-1.85026599	-4.99151799999999E-02	1.76808417799956E-07	-706816258072.308	-1.56129882280181	0
-19.7	-0.000000000474918	-0.00000004	-5.45952	-1.7813287	-1.83203123	-5.07025299999999E-02	1.74062793316231E-07	-710422463470.636	-1.52925140555065	0
-19.8	-0.00000000047158	-0.00000004	-5.40821	-1.76201843	-1.80980208	-4.77836500000002E-02	1.84695476381565E-07	-714028668868.964	-1.6144709473913	0
-19.9	-0.000000000452662	-0.00000004	-5.35703	-1.73704042	-1.7858862	-0.04884578	1.80679354490808E-07	-717634874267.292	-1.57142847933636	0
-20	-0.000000000499952	-0.00000004	-5.30796	-1.71123397	-1.75630801	-4.50740399999998E-02	1.95798379732548E-07	-721241079665.621	-1.69440905537782	0
-20.1	-0.000000000489306	-0.00000004	-5.24645	-1.68238892	-1.72801272	-0.0456238	1.93439038396626E-07	-724847285063.949	-1.66566336162422	0
-20.2	-0.000000000377226	-0.00000004	-5.22763	-1.66148641	-1.70683906	-4.53526500000001E-02	1.94595552850825E-07	-728453490462.277	-1.66732670949869	0
-20.3	-0.000000000423396	-0.00000004	-5.19641	-1.64387022	-1.69035844	-4.64882200000001E-02	1.89842157862787E-07	-732059695860.605	-1.6185860371022	0
-20.4	-0.000000000563061	-0.00000004	-5.17551	-1.63319922	-1.6804198	-4.72205799999998E-02	1.86897831411644E-07	-735665901258.933	-1.585671646592	0
-20.5	-0.000000000307965	-0.00000004	-5.13225	-1.62173454	-1.66795797	-0.04622343	1.90929664890728E-07	-739272106657.261	-1.61197653284855	0
-20.6	-0.000000000431752	-0.00000004	-5.10847	-1.61071825	-1.65524649	-0.04452824	1.98198356818055E-07	-742878312055.589	-1.66522144451316	0
-20.7	-0.000000000471354	-0.00000004	-5.0727	-1.59610723	-1.63959042	-4.34831899999999E-02	2.02961742227284E-07	-746484517453.917	-1.69700453367294	0
-20.8	-0.000000000372648	-0.00000004	-5.0536	-1.5842561	-1.62750185	-4.32457500000001E-02	2.0407609996358E-07	-750090722852.245	-1.69811843534784	0
-20.9	-0.000000000458014	-0.00000004	-5.01271	-1.57308526	-1.61544338	-4.23581200000001E-02	2.08352589774994E-07	-753696928250.574	-1.72540790207485	0
-21	-0.000000000350571	-0.00000004	-4.98926	-1.56255139	-1.60583696	-4.32855699999999E-02	2.03888362796193E-07	-757303133648.902	-1.68039859447412	0
-21.1	-0.000000000528121	-0.00000004	-4.94874	-1.55231147	-1.59387273	-4.15612599999999E-02	2.12347363867217E-07	-760909339047.23	-1.74182124936653	0
-21.2	-0.000000000431728	-0.00000004	-4.917	-1.53702414	-1.57979672	-4.27725800000001E-02	2.06333683869432E-07	-764515544445.558	-1.68450939298339	0
-21.3	-0.000000000386596	-0.00000004	-4.89656	-1.52626685	-1.56906216	-0.04279531	2.06224093247601E-07	-768121749843.886	-1.67571040017011	0
-21.4	-0.000000000473344	-0.00000004	-4.87458	-1.52102947	-1.56283028	-0.04180081	2.11130454170625E-07	-771727955242.214	-1.70756118577968	0
-21.5	-0.000000000502741	-0.00000004	-4.86456	-1.51872705	-1.56076995	-0.0420429	2.09914729954404E-07	-775334160640.542	-1.68983235204797	0
-21.6	-0.00000000045346	-0.00000004	-4.83737	-1.51552833	-1.55525258	-3.97242500000001E-02	2.2216716489298E-07	-778940366038.87	-1.78018561612965	0
-21.7	-0.000000000339615	-0.00000004	-4.80558	-1.50578203	-1.545476	-3.96939700000001E-02	2.22336642064273E-07	-782546571437.198	-1.77333372791426	0
-21.8	-0.000000000410485	-0.00000004	-4.77704	-1.49789365	-1.53661548	-3.87218300000001E-02	2.27918566865254E-07	-786152776835.527	-1.8095157919789	0
-21.9	-0.000000000464642	-0.00000004	-4.7596	-1.48587004	-1.52555242	-3.96823799999999E-02	2.22401579743957E-07	-789758982233.855	-1.75765210545804	0
-22	-0.000000000409651	-0.00000004	-4.72743	-1.47712953	-1.51670124	-3.95717099999999E-02	2.23023569110357E-07	-793365187632.183	-1.75455605069337	0
-22.1	-0.000000000463033	-0.00000004	-4.69423	-1.46710788	-1.50455421	-3.74463300000001E-02	2.35681948003983E-07	-796971393030.511	-1.84575142014953	0
-22.2	-0.000000000490809	-0.00000004	-4.66153	-1.45367858	-1.49184403	-3.81654499999999E-02	2.31241188037872E-07	-800577598428.839	-1.80281591505618	0
-22.3	-0.000000000479114	-0.00000004	-4.63737	-1.44142946	-1.47834035	-3.69108900000001E-02	2.39100818213811E-07	-804183803827.167	-1.85573246285296	0
-22.4	-0.000000000513375	-0.00000004	-4.60099	-1.42607079	-1.46363767	-0.03756688	2.34925657919955E-07	-807790009225.495	-1.81518794752713	0
-22.5	-0.000000000294781	-0.00000004	-4.58642	-1.41825054	-1.45696372	-0.03871318	2.27969492560415E-07	-811396214623.823	-1.75361148123396	0
-22.6	-0.000000000321519	-0.00000004	-4.572	-1.41220145	-1.45051048	-0.03830903	2.30374509613008E-07	-815002420022.151	-1.76427041058294	0
-22.7	-0.000000000427055	-0.00000004	-4.54629	-1.40585048	-1.44472399	-3.88735099999999E-02	2.27029254626094E-07	-818608625420.479	-1.73099228366219	0
-22.8	-0.000000000461984	-0.00000004	-4.52899	-1.39864778	-1.43594179	-3.72940100000001E-02	2.36644544257911E-07	-822214830818.808	-1.7963907711886	0
-22.9	-0.000000000388062	-0.00000004	-4.49157	-1.38688363	-1.42320779	-3.63241599999999E-02	2.42962920546546E-07	-825821036217.136	-1.83630020567594	0
-23	-0.000000000279748	-0.00000004	-4.47402	-1.377449	-1.41321397	-0.03576497	2.46761677697479E-07	-829427241615.464	-1.85690225692083	0
-23.1	-0.000000000270677	-0.00000004	-4.45191	-1.36848184	-1.40356375	-3.50819099999999E-02	2.51566234563626E-07	-833033447013.792	-1.88486189732986	0
-23.2	-0.000000000357032	-0.00000004	-4.43326	-1.36160729	-1.39681763	-3.52103399999999E-02	2.50648644687896E-07	-836639652412.12	-1.86989207741302	0
-23.3	-0.000000000389695	-0.00000004	-4.3979	-1.35464064	-1.38926091	-0.03462027	2.54920715523016E-07	-840245857810.448	-1.89360056099962	0
-23.4	-0.000000000267231	-0.00000004	-4.37824	-1.34886821	-1.38323234	-3.43641299999999E-02	2.56820818685065E-07	-843852063208.776	-1.89956226838066	0
-23.5	-0.000000000274873	-0.00000004	-4.36132	-1.34016409	-1.37454204	-3.43779499999999E-02	2.56717576237095E-07	-847458268607.104	-1.89071864659071	0
-23.6	-0.000000000368655	-0.00000004	-4.34995	-1.3345782	-1.36972601	-0.03514781	2.51094563217452E-07	-851064474005.433	-1.84146925436528	0
-23.7	-0.000000000508654	-0.00000004	-4.32055	-1.32728515	-1.36214772	-0.03486257	2.53148978976593E-07	-854670679403.761	-1.84870237811533	0
-23.8	-0.000000000462639	-0.00000004	-4.3057	-1.32163229	-1.35523869	-0.0336064	2.6261140735098E-07	-858276884802.089	-1.9097468213953	0
-23.9	-0.000000000303102	-0.00000004	-4.28079	-1.31336772	-1.34682748	-0.03345976	2.63762322264117E-07	-861883090200.417	-1.91009084356055	0
-24	-0.000000000431967	-0.00000004	-4.27662	-1.30718727	-1.34067668	-3.34894100000001E-02	2.63528799103955E-07	-865489295598.745	-1.90044807046121	0
-24.1	-0.000000000581718	-0.00000004	-4.25466	-1.30098488	-1.33531026	-3.43253800000001E-02	2.57110744294746E-07	-869095500997.073	-1.84647039471171	0
-24.2	-0.00000000030427	-0.00000004	-4.22467	-1.29673915	-1.33037275	-3.36335999999999E-02	2.62399029541887E-07	-872701706395.401	-1.8766618451025	0
-24.3	-0.000000000405657	-0.00000004	-4.21066	-1.29082141	-1.3230252	-3.22037900000001E-02	2.74049234577669E-07	-876307911793.729	-1.95191762519707	0
-24.4	-0.000000000333619	-0.00000004	-4.18578	-1.2843975	-1.31597076	-3.15732599999998E-02	2.79522101930559E-07	-879914117192.057	-1.98273874320226	0
-24.5	-0.0000000003842	-0.00000004	-4.17648	-1.27734158	-1.30919613	-3.18545499999998E-02	2.77053796082508E-07	-883520322590.385	-1.95720892052007	0
-24.6	-0.000000000329769	-0.00000004	-4.15716	-1.2708879	-1.30231049	-0.03142259	2.80862398675602E-07	-887126527988.714	-1.97604877116981	0
-24.7	-0.000000000458634	-0.00000004	-4.13622	-1.26341728	-1.29440364	-0.03098636	2.84816415997232E-07	-890732733387.042	-1.99575501710923	0
-24.8	-0.000000000434077	-0.00000004	-4.11546	-1.25517461	-1.28562122	-3.04466099999998E-02	2.89865571240938E-07	-894338938785.37	-2.02294520872243	0
-24.9	-0.000000000471389	-0.00000004	-4.11107	-1.24727937	-1.27870388	-3.14245099999999E-02	2.80845238318753E-07	-897945144183.698	-1.95212167506084	0
-25	-0.000000000575745	-0.00000004	-4.08698	-1.24185518	-1.27380777	-3.19525899999999E-02	2.76203713063636E-07	-901551349582.026	-1.91217955197902	0
-25.1	-0.000000000302279	-0.00000004	-4.08988	-1.2385749	-1.27180597	-0.03323107	2.65577485166743E-07	-905157554980.354	-1.83128820602259	0
-25.2	-0.000000000463712	-0.00000004	-4.05935	-1.23646726	-1.26780665	-3.13393900000001E-02	2.81608033851328E-07	-908763760378.682	-1.93412111161627	0
-25.3	-0.00000000041635	-0.00000004	-4.05176	-1.2314097	-1.26351144	-3.21017400000001E-02	2.74920424874165E-07	-912369965777.01	-1.88072653075972	0
-25.4	-0.000000000342369	-0.00000004	-4.04401	-1.22912418	-1.25988743	-3.07632500000001E-02	2.86882042697048E-07	-915976171175.338	-1.95482918252077	0
-25.5	-0.000000000443482	-0.00000004	-4.0233	-1.22366886	-1.25431916	-0.0306503	2.87939237136341E-07	-919582376573.666	-1.95433871359508	0
-25.6	-0.000000000308132	-0.00000004	-4.0046	-1.21821719	-1.24827813	-0.03006094	2.93584432156812E-07	-923188581971.995	-1.98487071019479	0
-25.7	-0.000000000419807	-0.00000004	-3.9934	-1.21053181	-1.24068076	-3.01489500000001E-02	2.92727408417208E-07	-926794787370.323	-1.97137584237868	0
-25.8	-0.00000000036478	-0.00000004	-3.96946	-1.20347978	-1.23389734	-3.04175599999998E-02	2.90142404584722E-07	-930400992768.651	-1.94639359068463	0
-25.9	-0.000000000552118	-0.00000004	-3.94943	-1.19983395	-1.22961424	-2.97802900000002E-02	2.96351177238367E-07	-934007198166.979	-1.98036872226411	0
-26	-0.000000000330007	-0.00000004	-3.93356	-1.19599673	-1.22575269	-2.97559599999999E-02	2.96593489169902E-07	-937613403565.307	-1.97436494269905	0
-26.1	-0.000000000516987	-0.00000004	-3.93569	-1.19186487	-1.22122251	-0.02935764	3.00617624577453E-07	-941219608963.635	-1.99348557412104	0
-26.2	-0.000000000409544	-0.00000004	-3.91737	-1.18686289	-1.21607159	-2.92087000000001E-02	3.02150523645351E-07	-944825814361.963	-1.99600316559613	0
-26.3	-0.000000000260067	-0.00000004	-3.90948	-1.18234598	-1.21144466	-2.90986799999999E-02	3.03292932875306E-07	-948432019760.291	-1.99593184840433	0
-26.4	-0.000000000360334	-0.00000004	-3.89814	-1.17923608	-1.20788508	-2.86490000000001E-02	3.08053474815873E-07	-952038225158.619	-2.01958134713204	0
-26.5	-0.000000000509572	-0.00000004	-3.88211	-1.17695418	-1.20546495	-0.02851077	3.09547023808897E-07	-955644430556.947	-2.02171495956464	0
-26.6	-0.00000000044409	-0.00000004	-3.86671	-1.17469163	-1.20322435	-2.85327199999998E-02	3.09308891686458E-07	-959250635955.276	-2.01256508471524	0
-26.7	-0.000000000575233	-0.00000004	-3.85347	-1.17141752	-1.19971454	-2.82970199999999E-02	3.11885279792714E-07	-962856841353.604	-2.0217282614048	0
-26.8	-0.000000000461733	-0.00000004	-3.84277	-1.1669888	-1.19586989	-2.88810900000001E-02	3.05577940444768E-07	-966463046751.932	-1.97345110792402	0
-26.9	-0.000000000442338	-0.00000004	-3.8322	-1.1634166	-1.19151946	-2.81028600000002E-02	3.14040065673029E-07	-970069252150.26	-2.02056090295772	0
-27	-0.000000000416839	-0.00000004	-3.81548	-1.15887425	-1.1864989	-2.76246499999999E-02	3.1947640965587E-07	-973675457548.588	-2.04792570292224	0
-27.1	-0.000000000432789	-0.00000004	-3.81265	-1.15557669	-1.18296419	-2.73875000000001E-02	3.22242774988588E-07	-977281662946.916	-2.05803645678207	0
-27.2	-0.000000000514948	-0.00000004	-3.79987	-1.15183241	-1.179123	-0.02729059	3.23387072247247E-07	-980887868345.244	-2.05775144953706	0
-27.3	-0.000000000486803	-0.00000004	-3.78677	-1.1496324	-1.17778592	-0.02815352	3.13474975775675E-07	-984494073743.572	-1.98737305014164	0
-27.4	-0.0000000003672	-0.00000004	-3.77516	-1.14688527	-1.17368879	-2.68035199999999E-02	3.29263619106746E-07	-988100279141.9	-2.07985160861925	0
-27.5	-0.000000000404346	-0.00000004	-3.75807	-1.14285348	-1.16848455	-0.02563107	3.44325227155948E-07	-991706484540.228	-2.16708184923324	0
-27.6	-0.000000000311971	-0.00000004	-3.74511	-1.1370708	-1.16247973	-0.02540893	3.47335523377017E-07	-995312689938.557	-2.17810737903648	0
-27.7	-0.000000000383282	-0.00000004	-3.74038	-1.13229235	-1.15783468	-2.55423299999999E-02	3.4552149314491E-07	-998918895336.885	-2.15890963503484	0
-27.8	-0.000000000440896	-0.00000004	-3.72153	-1.12804282	-1.15369073	-2.56479100000002E-02	3.44099148819531E-07	-1002525100735.21	-2.14228855795225	0
-27.9	-0.000000000282574	-0.00000004	-3.71258	-1.12523364	-1.1513058	-0.02607216	3.38499917153009E-07	-1006131306133.54	-2.09987541658194	0
-28	-0.000000000308287	-0.00000004	-3.70287	-1.12152262	-1.14749949	-0.02597687	3.39741623990881E-07	-1009737511531.87	-2.10005124719638	0
-28.1	-0.000000000358558	-0.00000004	-3.69776	-1.11845451	-1.14511646	-2.66619499999998E-02	3.31011947738258E-07	-1013343716930.2	-2.03880887602267	0
-28.2	-0.000000000344515	-0.00000004	-3.68292	-1.11657699	-1.14234497	-2.57679799999999E-02	3.42495764122761E-07	-1016949922328.53	-2.1020607454343	0
-28.3	-0.000000000364113	-0.00000004	-3.67357	-1.11354948	-1.13942878	-2.58792999999999E-02	3.41022516064964E-07	-1020556127726.85	-2.08562288976942	0
-28.4	-0.000000000517345	-0.00000004	-3.66091	-1.11226131	-1.13641035	-0.02414904	3.65456515041592E-07	-1024162333125.18	-2.22718623738782	0
-28.5	-0.00000000041306	-0.00000004	-3.63692	-1.1076039	-1.1319756	-2.43717000000001E-02	3.62117702088897E-07	-1027768538523.51	-2.19909535681516	0
-28.6	-0.000000000377607	-0.00000004	-3.64315	-1.10659616	-1.13096124	-2.43650799999999E-02	3.62216089583947E-07	-1031374743921.84	-2.19200161797708	0
-28.7	-0.000000000512671	-0.00000004	-3.63845	-1.10428288	-1.1290405	-2.47576199999999E-02	3.56473037392125E-07	-1034980949320.17	-2.14973019065206	0
-28.8	-0.000000000394559	-0.00000004	-3.61801	-1.1019205	-1.12731881	-2.53983099999999E-02	3.47480757577966E-07	-1038587154718.49	-2.08822570659835	0
-28.9	-0.000000000376105	-0.00000004	-3.60247	-1.0997736	-1.12334214	-2.35685400000001E-02	3.74457815375919E-07	-1042193360116.82	-2.24256077880175	0
-29	-0.000000000361192	-0.00000004	-3.58194	-1.09203836	-1.11578924	-2.37508799999999E-02	3.7158303187082E-07	-1045799565515.15	-2.21767061461365	0
-29.1	-0.000000000485516	-0.00000004	-3.57007	-1.0856794	-1.10962519	-0.02394579	3.68558481470021E-07	-1049405770913.48	-2.19206075418331	0
-29.2	-0.000000000456715	-0.00000004	-3.56701	-1.07994428	-1.10413532	-2.41910399999998E-02	3.64822016746699E-07	-1053011976311.81	-2.16240657976837	0
-29.3	-0.000000000462878	-0.00000004	-3.55532	-1.07644522	-1.1006914	-0.02424618	3.63992348485411E-07	-1056618181710.13	-2.1501254504914	0
-29.4	-0.000000000503075	-0.00000004	-3.54356	-1.07393939	-1.09717282	-2.32334299999999E-02	3.79858849941659E-07	-1060224387108.46	-2.23621771943677	0
-29.5	-0.000000000622022	-0.00000004	-3.53338	-1.07023605	-1.09304133	-2.28052799999998E-02	3.86990381174889E-07	-1063830592506.79	-2.27047811641069	0
-29.6	-0.000000000437367	-0.00000004	-3.52527	-1.06625968	-1.08866556	-0.02240588	3.9388874706104E-07	-1067436797905.12	-2.30314366134963	0
-29.7	-0.000000000540936	-0.00000004	-3.51671	-1.06234395	-1.08564859	-2.33046399999999E-02	3.78698147665016E-07	-1071043003303.45	-2.20686566238355	0
-29.8	-0.00000000042609	-0.00000004	-3.51494	-1.06124925	-1.08508223	-2.38329800000001E-02	3.70303000296226E-07	-1074649208701.77	-2.15070147306791	0
-29.9	-0.000000000454962	-0.00000004	-3.50458	-1.05999697	-1.08350557	-0.0235086	3.75412572420306E-07	-1078255414100.1	-2.17308538190298	0
-30	-0.000000000465429	-0.00000004	-3.48999	-1.05776141	-1.08144708	-2.36856700000001E-02	3.72606052520362E-07	-1081861619498.43	-2.14965030300209	0
-30.1	-0.000000000442815	-0.00000004	-3.49022	-1.05534796	-1.07935965	-0.02401169	3.6754697399475E-07	-1085467824896.76	-2.11341858289851	0
-30.2	-0.000000000524747	-0.00000004	-3.47528	-1.05325108	-1.07561305	-2.23619700000002E-02	3.94662187633734E-07	-1089074030295.09	-2.26181844670377	0
-30.3	-0.00000000052799	-0.00000004	-3.45732	-1.04988803	-1.07197263	-2.20846000000001E-02	3.99618919971381E-07	-1092680235693.42	-2.28266709808481	0
-30.4	-0.000000000571179	-0.00000004	-3.44998	-1.04513193	-1.06641113	-2.12792000000002E-02	4.14744163314407E-07	-1096286441091.74	-2.36127117271613	0
-30.5	-0.00000000036999	-0.00000004	-3.43892	-1.03999315	-1.06187208	-2.18789300000002E-02	4.03375484998577E-07	-1099892646490.07	-2.28901599305624	0
-30.6	-0.000000000446248	-0.00000004	-3.43932	-1.03889032	-1.06082897	-2.19386500000001E-02	4.02277441866294E-07	-1103498851888.4	-2.27532489743379	0
-30.7	-0.000000000401723	-0.00000004	-3.42895	-1.0376652	-1.05937829	-0.02171309	4.06456381841553E-07	-1107105057286.73	-2.29147296202329	0
-30.8	-0.000000000490832	-0.00000004	-3.42054	-1.03631541	-1.05675271	-0.0204373	4.31829253374957E-07	-1110711262685.06	-2.42661293729683	0
-30.9	-0.000000000391388	-0.00000004	-3.41044	-1.03297559	-1.0535077	-0.02053211	4.29835219078799E-07	-1114317468083.38	-2.4075908462218	0
-31	-0.00000000037235	-0.00000004	-3.40025	-1.02948503	-1.05062159	-0.02113656	4.17543062825739E-07	-1117923673481.71	-2.33119576019333	0
-31.1	-0.000000000380373	-0.00000004	-3.38798	-1.02801877	-1.04920896	-0.02119019	4.16486308051037E-07	-1121529878880.04	-2.31781892929714	0
-31.2	-0.000000000523794	-0.00000004	-3.39702	-1.02847129	-1.05023391	-2.17626200000001E-02	4.0553131929887E-07	-1125136084278.37	-2.24961900498633	0
-31.3	-0.000000000454235	-0.00000004	-3.37783	-1.02864763	-1.04961793	-2.09702999999999E-02	4.20853492796958E-07	-1128742289676.7	-2.32715743129308	0
-31.4	-0.00000000064249	-0.00000004	-3.37906	-1.02742748	-1.04787661	-0.02044913	4.31579436386779E-07	-1132348495075.02	-2.37886754500307	0
-31.5	-0.000000000551164	-0.00000004	-3.36236	-1.02430359	-1.04478602	-2.04824300000002E-02	4.30877781591341E-07	-1135954700473.35	-2.36746033841396	0
-31.6	-0.000000000650108	-0.00000004	-3.34494	-1.01984537	-1.0405597	-2.07143299999999E-02	4.26054040849984E-07	-1139560905871.68	-2.33354817894952	0
-31.7	-0.000000000460732	-0.00000004	-3.3418	-1.01595581	-1.03605028	-2.00944700000001E-02	4.39196654601986E-07	-1143167111270.01	-2.39794339445394	0
-31.8	-0.000000000541079	-0.00000004	-3.32646	-0.995300124	-1.03022162	-3.49214960000001E-02	2.52721819248522E-07	-1146773316668.34	-1.37548159968354	0
-31.9	-0.000000000580239	-0.00000004	-3.32088	-0.997851191	-1.02716893	-0.029317739	3.01026760624344E-07	-1150379522066.67	-1.63325346372022	0
-32	-0.000000000304914	-0.00000004	-3.31198	-0.999402084	-1.02310354	-0.023701456	3.72357883836335E-07	-1153985727464.99	-2.0139549005571	0
-32.1	-0.000000000512218	-0.00000004	-3.29471	-0.999647881	-1.01894831	-1.93004290000001E-02	4.5726569082998E-07	-1157591932863.32	-2.46548718995316	0
-32.2	-0.000000000381422	-0.00000004	-3.28801	-0.996064726	-1.01494323	-1.88785040000001E-02	4.6748534735591E-07	-1161198138261.65	-2.51276166161203	0
-32.3	-0.000000000471497	-0.00000004	-3.27914	-0.992646551	-1.00710496	-1.44584089999999E-02	6.10400770928532E-07	-1164804343659.98	-3.27078288780471	0
-32.4	-0.000000000430787	-0.00000004	-3.28027	-0.990509196	-0.994366887	-0.003857691	2.28774777451071E-06	-1168410549058.31	-12.2208748638393	0
-32.5	-0.00000000059849	-0.00000004	-3.266	-0.986314122	-0.996281637	-9.96751500000004E-03	8.85418682590392E-07	-1172016754456.63	-4.71524742207901	0
-32.6	-0.000000000706661	-0.00000004	-3.25801	-0.982593692	-0.997670296	-0.015076604	5.85372143488017E-07	-1175622959854.96	-3.10780397085426	0
-32.7	-0.000000000449622	-0.00000004	-3.24851	-0.979135549	-0.999031745	-0.019896196	4.43573434841514E-07	-1179229165253.29	-2.34777753091839	0
-32.8	-0.000000000523961	-0.00000004	-3.23907	-0.977535553	-0.997220562	-0.019685009	4.48332230886965E-07	-1182835370651.62	-2.36573058043075	0
-32.9	-0.000000000556946	-0.00000004	-3.2329	-0.975128557	-0.995171321	-0.020042764	4.40329687063121E-07	-1186441576049.95	-2.31644095368721	0
-33	-0.000000000509632	-0.00000004	-3.22606	-0.974166502	-0.992706142	-0.01853964	4.76029955274213E-07	-1190047781448.27	-2.49666060458503	0
-33.1	-0.000000000587332	-0.00000004	-3.21675	-0.970946389	-0.989745955	-0.018799566	4.6944828407209E-07	-1193653986846.6	-2.45470285652383	0
-33.2	-0.000000000549102	-0.00000004	-3.20648	-0.968802442	-0.98805039	-0.019247948	4.5851246065295E-07	-1197260192244.93	-2.39029897235666	0
-33.3	-0.000000000526869	-0.00000004	-3.20911	-0.966497905	-0.986085586	-0.019587681	4.50559920799201E-07	-1200866397643.26	-2.34178753014138	0
-33.4	-0.000000000543296	-0.00000004	-3.19214	-0.964646628	-0.984033494	-1.93868659999999E-02	4.55226956229028E-07	-1204472603041.59	-2.35896050556267	0
-33.5	-0.000000000427103	-0.00000004	-3.18601	-0.965426708	-0.98387968	-1.84529720000001E-02	4.78265723266689E-07	-1208078808439.91	-2.47094805361665	0
-33.6	-0.000000000549436	-0.00000004	-3.17595	-0.964606119	-0.982843394	-1.82372749999999E-02	4.83922296505373E-07	-1211685013838.24	-2.49273160974608	0
-33.7	-0.000000000478244	-0.00000004	-3.16742	-0.963674678	-0.981955283	-1.82806050000001E-02	4.8277526919924E-07	-1215291219236.57	-2.47944386144325	0
-33.8	-0.000000000378978	-0.00000004	-3.16187	-0.960672941	-0.978407946	-0.017735005	4.97627375915597E-07	-1218897424634.9	-2.54816020894423	0
-33.9	-0.000000000512958	-0.00000004	-3.1623	-0.955642805	-0.974088583	-0.018445778	4.78452250699319E-07	-1222503630033.23	-2.44274464278073	0
-34	-0.000000000417089	-0.00000004	-3.14939	-0.952052943	-0.970272481	-0.018219538	4.84393402291541E-07	-1226109835431.56	-2.46580351845241	0
-34.1	-0.000000000568688	-0.00000004	-3.13845	-0.948781898	-0.966961157	-1.81792589999999E-02	4.85466651858584E-07	-1229716040829.88	-2.46401977595717	0
-34.2	-0.000000000566459	-0.00000004	-3.13593	-0.946589034	-0.964859688	-1.82706539999999E-02	4.83038209798074E-07	-1233322246228.21	-2.44452535322912	0
-34.3	-0.000000000431752	-0.00000004	-3.14193	-0.945148642	-0.962551365	-0.017402723	5.07128913101702E-07	-1236928451626.54	-2.55895953011624	0
-34.4	-0.000000000439513	-0.00000004	-3.12943	-0.941565359	-0.959133045	-1.75676859999999E-02	5.02366902504977E-07	-1240534657024.87	-2.52756156224552	0
-34.5	-0.000000000380337	-0.00000004	-3.12256	-0.939979186	-0.956982288	-0.017003102	5.19047877263808E-07	-1244140862423.2	-2.60391911670807	0
-34.6	-0.000000000447214	-0.00000004	-3.12807	-0.938468278	-0.955824668	-0.01735639	5.08482697150732E-07	-1247747067821.52	-2.54354394973132	0
-34.7	-0.000000000555193	-0.00000004	-3.11213	-0.939821333	-0.957516283	-0.01769495	4.98753825243926E-07	-1251353273219.85	-2.48768811083758	0
-34.8	-0.000000000494981	-0.00000004	-3.10125	-0.941261123	-0.957695867	-0.016434744	5.36997959931715E-07	-1254959478618.18	-2.67074582194155	0
-34.9	-0.000000000560236	-0.00000004	-3.08357	-0.939834161	-0.955137045	-0.015302884	5.76716388884604E-07	-1258565684016.51	-2.86006584745506	0
-35	-0.000000000494242	-0.00000004	-3.07142	-0.93302815	-0.949239378	-1.62112280000001E-02	5.444019416666E-07	-1262171889414.84	-2.69209751373594	0
-35.1	-0.000000000445783	-0.00000004	-3.07057	-0.926158665	-0.942473201	-0.016314536	5.40954643147682E-07	-1265778094813.16	-2.66742920684261	0
-35.2	-0.000000000501096	-0.00000004	-3.06602	-0.92135196	-0.937829224	-0.016477264	5.35612223000128E-07	-1269384300211.49	-2.6335828272515	0
-35.3	-0.000000000553775	-0.00000004	-3.06093	-0.920221033	-0.937168563	-1.69475299999999E-02	5.20749867384807E-07	-1272990505609.82	-2.55325169234216	0
-35.4	-0.00000000070709	-0.00000004	-3.05426	-0.920076917	-0.936151797	-1.60748799999999E-02	5.49019588326635E-07	-1276596711008.15	-2.68425483210545	0
-35.5	-0.000000000410032	-0.00000004	-3.05024	-0.917510681	-0.93336024	-0.015849559	5.56824577895197E-07	-1280202916406.48	-2.71474604607626	0
-35.6	-0.000000000463057	-0.00000004	-3.04044	-0.913793737	-0.930231768	-0.016438031	5.36890580143085E-07	-1283809121804.8	-2.61020701236375	0
-35.7	-0.000000000570023	-0.00000004	-3.0424	-0.91269867	-0.929735388	-0.017036718	5.18023717948494E-07	-1287415327203.13	-2.51142720401661	0
-35.8	-0.000000000618148	-0.00000004	-3.03703	-0.913567817	-0.931740612	-0.018172795	4.85639330658822E-07	-1291021532601.46	-2.34784807473646	0
-35.9	-0.000000000624526	-0.00000004	-3.03644	-0.915695423	-0.935055187	-1.93597640000001E-02	4.55864234708645E-07	-1294627737999.79	-2.19775986306932	0
-36	-0.000000000401735	-0.00000004	-3.03598	-0.920538313	-0.937469349	-0.016931036	5.21257175284489E-07	-1298233943398.12	-2.50604411194466	0
-36.1	-0.000000000517797	-0.00000004	-3.03741	-0.924357859	-0.940701	-0.016343141	5.40007823465514E-07	-1301840148796.45	-2.58899979287749	0
-36.2	-0.00000000053606	-0.00000004	-3.02547	-0.926149813	-0.942137056	-0.015987243	5.52029139733474E-07	-1305446354194.77	-2.63932334126714	0
-36.3	-0.000000000476742	-0.00000004	-3.02859	-0.926092607	-0.941947423	-0.015854816	5.56639950914597E-07	-1309052559593.1	-2.65403663818149	0
-36.4	-0.000000000498557	-0.00000004	-3.01272	-0.924346128	-0.938826465	-0.014480337	6.09476423097061E-07	-1312658764991.43	-2.89797538454858	0
-36.5	-0.00000000058049	-0.00000004	-3.00271	-0.920535211	-0.93483708	-0.014301869	6.17081865314248E-07	-1316264970389.76	-2.92609946671667	0
-36.6	-0.00000000055753	-0.00000004	-2.99986	-0.915595433	-0.929983662	-0.014388229	6.13378060635536E-07	-1319871175788.09	-2.90058982015544	0
-36.7	-0.00000000052315	-0.00000004	-3.00606	-0.91132196	-0.926111493	-0.014789533	5.96734460783854E-07	-1323477381186.41	-2.81419521434431	0
-36.8	-0.000000000445402	-0.00000004	-2.98607	-0.906671958	-0.921780489	-0.015108531	5.84135148546209E-07	-1327083586584.74	-2.74729114596357	0
-36.9	-0.00000000043695	-0.00000004	-2.97907	-0.90415124	-0.918824906	-0.014673666	6.01446427906974E-07	-1330689791983.07	-2.82104328286573	0
-37	-0.000000000445974	-0.00000004	-2.97147	-0.90073271	-0.915443807	-1.47110970000001E-02	5.99916104149131E-07	-1334295997381.4	-2.80626036244396	0
-37.1	-0.000000000683093	-0.00000004	-2.96429	-0.898326255	-0.913513488	-0.015187233	5.8110809256696E-07	-1337902202779.73	-2.71095419505631	0
-37.2	-0.000000000658131	-0.00000004	-2.96202	-0.895975893	-0.910745315	-0.014769422	5.97547013011072E-07	-1341508408178.05	-2.78015049477856	0
-37.3	-0.000000000504875	-0.00000004	-2.95015	-0.893763922	-0.909309941	-0.015546019	5.67696720298619E-07	-1345114613576.38	-2.63418771019157	0
-37.4	-0.000000000387335	-0.00000004	-2.94575	-0.892127307	-0.907420427	-0.01529312	5.77084597518359E-07	-1348720818974.71	-2.67058894367813	0
-37.5	-0.000000000609577	-0.00000004	-2.93879	-0.890229459	-0.905785945	-0.015556486	5.67314752187607E-07	-1352327024373.04	-2.61837577932742	0
-37.6	-0.000000000467205	-0.00000004	-2.92938	-0.889337548	-0.904253642	-0.014916094	5.91671251200212E-07	-1355933229771.37	-2.72352764975548	0
-37.7	-0.000000000513685	-0.00000004	-2.9212	-0.887117409	-0.901437297	-1.43198879999999E-02	6.16305378924754E-07	-1359539435169.7	-2.8293962509298	0
-37.8	-0.000000000459075	-0.00000004	-2.92148	-0.885031321	-0.899609168	-0.014577847	6.05399686249966E-07	-1363145640568.02	-2.77197658539362	0
-37.9	-0.000000000604284	-0.00000004	-2.91542	-0.883114967	-0.897586115	-1.44711479999999E-02	6.09863433087689E-07	-1366751845966.35	-2.7850471370962	0
-38	-0.000000000506258	-0.00000004	-2.91188	-0.881737214	-0.895756899	-1.40196849999999E-02	6.29502303368445E-07	-1370358051364.68	-2.86716636149595	0
-38.1	-0.000000000551593	-0.00000004	-2.8958	-0.878727044	-0.892788661	-0.014061617	6.27625115945059E-07	-1373964256763.01	-2.85111348854509	0
-38.2	-0.000000000575912	-0.00000004	-2.89543	-0.876148001	-0.890688322	-0.014540321	6.06962115898266E-07	-1377570462161.34	-2.7500297236631	0
-38.3	-0.000000000474727	-0.00000004	-2.8909	-0.872610025	-0.887233732	-0.014623707	6.03501150563258E-07	-1381176667559.66	-2.72720945725513	0
-38.4	-0.000000000602603	-0.00000004	-2.88378	-0.870082294	-0.885597895	-1.55156009999999E-02	5.68809677433703E-07	-1384782872957.99	-2.56374554131777	0
-38.5	-0.000000000426781	-0.00000004	-2.87879	-0.869048613	-0.88394612	-1.48975069999999E-02	5.92409454816839E-07	-1388389078356.32	-2.66317936730847	0
-38.6	-0.000000000493932	-0.00000004	-2.88263	-0.870103865	-0.886153442	-0.016049577	5.49885146505731E-07	-1391995283754.65	-2.46560697416878	0
-38.7	-0.000000000659633	-0.00000004	-2.88771	-0.873787619	-0.890391507	-0.016603888	5.31527555473754E-07	-1395601489152.98	-2.37713575793271	0
-38.8	-0.000000000553751	-0.00000004	-2.87424	-0.877075501	-0.892226346	-0.015150845	5.82503748140782E-07	-1399207694551.3	-2.59840093837581	0
-38.9	-0.000000000640142	-0.00000004	-2.86985	-0.877417846	-0.891432612	-1.40147660000001E-02	6.29723250463116E-07	-1402813899949.63	-2.80181394807595	0
-39	-0.000000000551367	-0.00000004	-2.86307	-0.874586777	-0.887500128	-0.012913351	6.83434067578585E-07	-1406420105347.96	-3.03299142416532	0
-39.1	-0.000000000468004	-0.00000004	-2.85939	-0.870615468	-0.884853249	-1.42377809999999E-02	6.19859513220496E-07	-1410026310746.29	-2.74382039100161	0
-39.2	-0.000000000578642	-0.00000004	-2.85205	-0.868966385	-0.882649571	-0.013683186	6.44983120159298E-07	-1413632516144.62	-2.84774729269706	0
-39.3	-0.000000000521088	-0.00000004	-2.85037	-0.868141866	-0.882854826	-0.01471296	5.9984014093697E-07	-1417238721542.94	-2.64169175397961	0
-39.4	-0.000000000592244	-0.00000004	-2.84571	-0.867949897	-0.881913962	-0.013964065	6.32009661942993E-07	-1420844926941.27	-2.77630171685227	0
-39.5	-0.000000000556386	-0.00000004	-2.84452	-0.866829659	-0.880674226	-0.013844567	6.37464790339776E-07	-1424451132339.6	-2.79317580966796	0
-39.6	-0.000000000527596	-0.00000004	-2.83263	-0.865673635	-0.878585662	-1.29120269999999E-02	6.83504146947651E-07	-1428057337737.93	-2.98734329959638	0
-39.7	-0.000000000646687	-0.00000004	-2.82352	-0.862837337	-0.875749831	-1.29124940000001E-02	6.83479426979789E-07	-1431663543136.26	-2.9797107357189	0
-39.8	-0.000000000512803	-0.00000004	-2.82613	-0.860690101	-0.873716657	-0.013026556	6.7749480369178E-07	-1435269748534.58	-2.94619889506476	0
-39.9	-0.000000000589407	-0.00000004	-2.81658	-0.858987907	-0.871800726	-0.012812819	6.88796431136662E-07	-1438875953932.91	-2.98783877011276	0
-40	-0.000000000552404	-0.00000004	-2.8199	-0.858441256	-0.871579581	-0.013138325	6.71731289947539E-07	-1442482159331.24	-2.90652961996531	0
