0	0.000000000274289	-0.000000001	-4.59803	-0.300054981	0.0325679887	0.3326229697	-6.63320396059827E-10	0	0	0
-0.1	0.000000000320101	-0.000000001	-12.3248	-0.810933327	-0.116632965	0.694300362	-3.1778119683596E-10	-3606205398.3281	0.550005917600699	0
-0.2	0.000000000303185	-0.000000001	-19.5132	-0.325662463	-0.104551721	0.221110742	-9.97851112995677E-10	-7212410796.65621	0.863525001630874	0
-0.3	0.000000000357783	-0.000000001	-26.2138	-0.00205481815	-0.285558321	-0.28350350285	7.78246468851346E-10	-10818616194.9843	-0.448988347414238	0
-0.4	0.000000000366485	-0.000000001	-33.384	-0.109426362	-0.68592437	-0.576498008	3.82717020593764E-10	-14424821593.3124	-0.16559871083384	0
-0.5	0.000000000375068	-0.000000001	-39.0569	0.0183040235	-0.435115607	-0.4534196305	4.86603545939769E-10	-18031026991.6405	-0.168439688979151	0
-0.6	0.000000000402677	-0.000000001	-45.1889	-0.0354151321	-0.581128381	-0.5457132489	4.04306841449676E-10	-21637232389.9686	-0.116626973495099	0
-0.7	0.000000000396347	-0.000000001	-49.95	-0.124165122	0.0260296715	0.1501947935	-1.46899632709306E-09	-25243437788.2967	0.363213377577953	0
-0.8	0.000000000239754	-0.000000001	-49.9594	-0.0262810582	-0.0471471313	-0.0208660731	1.05738918359296E-08	-28849643186.6248	-2.28762082988861	0
-0.9	0.000000000228477	0	0	-0.23035769	0.0279916386	0.2583493286	0	-32455848584.9529	0	0
-1	0.00000000021708	0	0	-0.229765701	0.00166457781	0.23143027881	0	-36062053983.281	0	0
-1.1	0.000000000244975	-0.000000001	-49.9614	-0.0145442723	-0.107925546	-0.0933812737	2.36273924372484E-09	-39668259381.6091	-0.371759671215446	0
-1.2	0.000000000213492	0	0	-0.691528497	-0.149380897	0.5421476	0	-43274464779.9372	0	0
-1.3	0.000000000196934	-0.000000001	-49.964	-0.234497355	-0.238688894	-4.19153900000002E-03	5.26383268770728E-08	-46880670178.2653	-7.0080612706162	0
-1.4	0.000000000224292	-0.000000001	-49.9643	-0.058978581	-0.492202377	-0.433223796	5.09287813913158E-10	-50486875576.5934	-6.29614055661871E-02	0
-1.5	0.000000000205863	0	0	-0.729819835	-0.650462755	7.93570800000001E-02	0	-54093080974.9215	0	0
-1.6	0.000000000185776	-0.000000001	-49.9641	-0.243953368	-0.795754721	-0.551801353	3.99846065618473E-10	-57699286373.2497	-4.32525792135367E-02	0
-1.7	0.000000000211132	-0.000000001	-49.9646	-0.112955856	-0.077857853	0.035098003	-6.28627218477359E-09	-61305491771.5778	0.640005086685094	0
-1.8	0.0000000002038	-0.000000001	-49.9617	0.0125208613	-0.235297634	-0.2478184953	8.90311272905223E-10	-64911697169.9059	-8.56068531639637E-02	0
-1.9	0.000000000198853	-0.000000001	-49.9656	-0.192708487	-0.341830654	-0.149122167	1.47956272657974E-09	-68517902568.234	-0.134777981166171	0
-2	0.00000000016638	-0.000000001	-49.9654	-0.236640945	-0.492483588	-0.255842643	8.62387901457069E-10	-72124107966.5621	-7.46297222414771E-02	0
-2.1	0.000000000191832	-0.000000001	-49.9652	-0.149373209	-0.764533435	-0.615160226	3.58663630505916E-10	-75730313364.8902	-2.95601893274107E-02	0
-2.2	0.000000000202918	0	0	-0.102717334	-0.99074495	-0.888027616	0	-79336518763.2183	0	0
-2.3	0.000000000201964	0	0	-0.761681943	-0.118678678	0.643003265	0	-82942724161.5464	0	0
-2.4	0.00000000014565	-0.000000001	-49.9653	-0.346249478	-0.148291577	0.197957901	-1.11455819083473E-09	-86548929559.8745	8.03767926082736E-02	0
-2.5	0.000000000164425	-0.000000001	-49.9655	-0.0869075032	-0.322220225	-0.2353127218	9.37627164023564E-10	-90155134958.2026	-0.064912649817016	0
-2.6	0.0000000002002	-0.000000001	-49.9654	-0.0913595814	-0.590192347	-0.4988327656	4.42303744291171E-10	-93761340356.5307	-0.02944329658743	0
-2.7	0.000000000182903	0	0	-0.75610973	-0.737499615	0.018610115	0	-97367545754.8588	0	0
-2.8	0.00000000014714	-0.000000001	-49.9664	-0.253154815	-0.879882744	-0.626727929	3.52043669654301E-10	-100973751153.187	-2.17609411187411E-02	0
-2.9	0.000000000169969	-0.000000001	-49.9667	-0.145112702	-0.0875142681	0.0575984339	-3.83058331730092E-09	-104579956551.515	0.22861571522353	0
-3	0.000000000189209	0	0	-0.0985992916	-0.128325872	-0.0297265804	0	-108186161949.843	0	0
-3.1	0.000000000174308	0	0	-0.762904428	-0.17024852	0.592655908	0	-111792367348.171	0	0
-3.2	0.00000000014472	-0.000000001	-49.9656	-0.286457361	-0.260303931	0.02615343	-8.43620129367352E-09	-115398572746.499	0.456284925739553	0
-3.3	0.000000000175011	-0.000000001	-49.9657	0.00727948736	-0.515225164	-0.52250465136	4.22265331850576E-10	-119004778144.827	-2.21467831390162E-02	0
-3.4	0.000000000169444	0	0	-0.670901785	-0.673844401	-2.94261600000001E-03	0	-122610983543.156	0	0
-3.5	0.000000000137758	-0.000000001	-49.966	-0.388180209	-0.821269288	-0.433089079	5.09446233346374E-10	-126217188941.484	-0.025192396154491	0
-3.6	0.000000000172639	-0.000000001	-49.9663	-0.0585268798	-0.0966715318	-0.038144652	5.78418175108794E-09	-129823394339.812	-0.278085661109997	0
-3.7	0.000000000156248	-0.000000001	-49.9632	0.0112707804	-0.257573031	-0.2688438114	8.20683202083185E-10	-133429599738.14	-3.83895468749931E-02	0
-3.8	0.000000000160789	-0.000000001	-49.9659	-0.195087248	-0.367254618	-0.17216737	1.28151809486316E-09	-137035805136.468	-5.83687391385041E-02	0
-3.9	0.000000000118935	-0.000000001	-49.9661	-0.327991413	-0.523191859	-0.195200446	1.13030274531238E-09	-140642010534.796	-5.01613644369397E-02	0
-4	0.000000000146127	0	0	-0.145108445	-0.803952076	-0.658843631	0	-144248215933.124	0	0
-4.1	0.000000000148869	-0.000000001	-49.9663	0.0163122781	-0.0777826387	-0.0940949168	2.3448195450235E-09	-147854421331.452	-9.89839395178775E-02	0
-4.2	0.000000000166118	0	0	-0.0995169572	-0.25772981	-0.1582128528	0	-151460626729.78	0	0
-4.3	0.000000000152647	-0.000000001	-49.9662	0.0173517405	-0.416626494	-0.4339782345	5.08402455377056E-10	-155066832128.108	-2.04634262003288E-02	0
-4.4	0.000000000140738	-0.000000001	-49.9663	-0.666119118	-0.573588427	0.092530691	-2.3844585792621E-09	-158673037526.437	9.37942622961489E-02	0
-4.5	0.00000000011996	0	0	-0.277927436	-0.734862717	-0.456935281	0	-162279242924.765	0	0
-4.6	0.000000000164092	-0.000000001	-49.9665	-0.12623647	-0.98760698	-0.86137051	2.56144826690201E-10	-165885448323.093	-9.63755618817646E-03	0
-4.7	0.000000000147641	-0.000000001	-49.9636	-0.138169582	-0.281232067	-0.143062485	1.5422324028553E-09	-169491653721.421	-5.67925189267499E-02	0
-4.8	0.000000000139952	-0.000000001	-49.9668	-0.148224067	-0.368507134	-0.220283067	1.00160036359036E-09	-173097859119.749	-0.036115397725614	0
-4.9	0.000000000151932	0	0	-0.0864046976	-0.587576758	-0.5011720604	0	-176704064518.077	0	0
-5	0.000000000142181	0	0	-0.758552721	-0.742589935	0.015962786	0	-180310269916.405	0	0
-5.1	9.71198E-11	-0.000000001	-49.9664	-0.227867983	-0.892485924	-0.664617941	3.31973584203921E-10	-183916475314.733	-0.011266071862124	0
-5.2	0.000000000147438	-0.000000001	-49.9669	-0.134407116	-0.194142133	-0.059735017	3.69357223084075E-09	-187522680713.061	-0.122936945553131	0
-5.3	0.000000000134003	-0.000000001	-49.9667	-0.0330839591	-0.285400343	-0.2523163839	8.74440242800262E-10	-191128886111.389	-0.02855574087519	0
-5.4	0.000000000150394	-0.000000001	-49.9667	-0.716591007	-0.413850525	0.302740482	-7.28794505916127E-10	-194735091509.718	2.33587982665425E-02	0
-5.5	0.000000000101817	0	0	-0.336306513	-0.581423086	-0.245116573	0	-198341296908.046	0	0
-5.6	0.000000000112879	-0.000000001	-49.9672	-0.0764859364	-0.857502309	-0.7810163726	2.82498047083834E-10	-201947502306.374	-8.73105227937674E-03	0
-5.7	0.000000000150025	-0.000000001	-49.9673	-0.0334451366	-0.0922374125	-0.0587922759	3.75279909856322E-09	-205553707704.702	-0.113951389632486	0
-5.8	0.000000000112617	0	0	-0.115348601	-0.107819454	0.007529147	0	-209159913103.03	0	0
-5.9	0.000000000124729	-0.000000001	-49.9671	-0.127200309	-0.25216625	-0.124965941	1.76556586726299E-09	-212766118501.358	-0.051793001321274	0
-6	0.000000000113237	-0.000000001	-49.967	-0.120980743	-0.525517199	-0.404536456	5.45403502521414E-10	-216372323899.686	-1.57327933419639E-02	0
-6.1	0.000000000130725	0	0	-0.138257151	-0.793345734	-0.655088583	0	-219978529298.014	0	0
-6.2	0.000000000134516	0	0	-0.122669092	0.0244308386	0.1470999306	0	-223584734696.342	0	0
-6.3	0.000000000109005	-0.000000001	-49.9636	-0.135555147	-0.0780618002	0.0574933468	-3.83758490817237E-09	-227190940094.671	0.105428156817922	0
-6.4	0.0000000001001	-0.000000001	-49.964	-0.000765866764	-0.193261052	-0.192495185236	1.14618762921005E-09	-230797145492.999	-3.09966606457044E-02	0
-6.5	0.00000000013144	0	0	-0.204093294	-0.33833072	-0.134237426	0	-234403350891.327	0	0
-6.6	8.98957E-11	-0.000000001	-49.9674	-0.382817701	-0.513785507	-0.130967806	1.68465523504303E-09	-238009556289.655	-4.41780218979816E-02	0
-6.7	0.000000000116658	0	0	-0.125150481	-0.81053135	-0.685380869	0	-241615761687.983	0	0
-6.8	0.000000000109184	-0.000000001	-49.968	-0.0513609685	0.0210072993	0.0723682678	-3.04878929270157E-09	-245221967086.311	7.75992749839201E-02	0
-6.9	0.00000000011121	0	0	-0.142731534	-0.105851838	0.036879696	0	-248828172484.639	0	0
-7	0.000000000110936	-0.000000001	-49.9647	-0.0121585434	-0.18286748	-0.1707089366	1.29246660657835E-09	-252434377882.967	-3.19565919208932E-02	0
-7.1	0.000000000110924	-0.000000001	-49.9676	-0.693156402	-0.228371003	0.464785399	-4.74704240870527E-10	-256040583281.295	1.15718801945686E-02	0
-7.2	7.49946E-11	0	0	-0.278174649	-0.327918906	-0.049744257	0	-259646788679.623	0	0
-7.3	0.000000000111747	0	0	-0.136836716	-0.604404418	-0.467567702	0	-263252994077.952	0	0
-7.4	0.000000000105119	-0.000000001	-49.9681	-0.0327484915	-0.874816136	-0.8420676445	2.62016479841128E-10	-266859199476.28	-6.12824407112824E-03	0
-7.5	9.48191E-11	-0.000000001	-49.9677	-0.704719092	-0.0444594615	0.6602596305	-3.34164909995963E-10	-270465404874.608	7.71149792298375E-03	0
-7.6	0.000000000114739	-0.000000001	-49.9679	-0.83086386	-0.0357102292	0.7951536308	-2.77475435505488E-10	-274071610272.936	6.31902560614725E-03	0
-7.7	9.00507E-11	0	0	-0.0138199618	-0.093791439	-0.0799714772	0	-277677815671.264	0	0
-7.8	9.86815E-11	-0.000000001	-49.968	-0.212469654	-0.168182178	0.044287476	-4.98189601051096E-09	-281284021069.592	0.11054502981903	0
-7.9	4.23789E-11	0	0	-0.171332518	-0.29741098	-0.126078462	0	-284890226467.92	0	0
-8	8.53419E-11	-0.000000001	-49.9678	-0.122657967	-0.606498908	-0.483840941	4.56008537731411E-10	-288496431866.248	-9.86556932591995E-03	0
-8.1	9.53317E-11	0	0	-0.74528746	-0.781858505	-0.036571045	0	-292102637264.576	0	0
-8.2	-0.000000000139987	-0.000000001	-49.9691	-0.329693438	-0.945449262	-0.615755824	3.58316708345092E-10	-295708842662.904	-7.56296992285608E-03	0
-8.3	5.42402E-11	-0.000000001	-49.9648	-0.121652604	-0.248975454	-0.12732285	1.73288298211986E-09	-299315048061.233	-3.61351873009239E-02	0
-8.4	8.27193E-11	0	0	-0.591224419	-0.289833082	0.301391337	0	-302921253459.561	0	0
-8.5	-0.000000000395298	-0.000000001	-49.9593	-0.29041813	-0.360897345	-0.070479215	3.13050592291642E-09	-306527458857.889	-6.37433332720539E-02	0
-8.6	3.32832E-11	-0.000000001	-49.9653	-0.381842817	-0.455118437	-0.07327562	3.01103695881386E-09	-310133664256.217	-6.05977921049301E-02	0
-8.7	-2.00748E-11	-0.000000001	-49.9636	-0.564505302	-0.56068658	0.003818722	-5.77773401677316E-08	-313739869654.545	1.14941658158617	0
-8.8	-3.83735E-11	-0.000000001	-49.9603	-0.755762317	-0.634149455	0.121612862	-1.81424560175222E-09	-317346075052.873	3.56822780064904E-02	0
-8.9	-5.93424E-11	-0.000000001	-49.9537	-0.855480771	-0.693545707	0.161935064	-1.36249428968639E-09	-320952280451.201	2.64962156594155E-02	0
-9	-3.77536E-11	-0.000000001	-49.9412	-0.799235299	-0.702690713	0.096544586	-2.28532338416159E-09	-324558485849.529	4.39485266184922E-02	0
-9.1	-2.70963E-11	-0.000000001	-49.927	-0.697239994	-0.678264913	0.018975081	-1.1627649968925E-08	-328164691247.857	0.221151415300772	0
-9.2	-3.34978E-11	-0.000000001	-49.7825	-0.632951206	-0.647465981	-0.014514775	1.52007592263745E-08	-331770896646.185	-0.285967460362397	0
-9.3	-7.25269E-11	-0.000000001	-48.8407	-0.618031908	-0.631789588	-0.01375768	1.60372679114502E-08	-335377102044.514	-0.298460320932696	0
-9.4	-0.000000000139701	-0.000000001	-46.668	-0.623539162	-0.636668168	-0.013129006	1.68052021607729E-08	-338983307442.842	-0.309424753369386	0
-9.5	-0.000000000209403	-0.000000001	-43.1982	-0.636608249	-0.651527113	-0.014918864	1.47890348755777E-08	-342589512841.17	-0.269435858057083	0
-9.6	-0.000000000297606	-0.000000001	-38.3089	-0.654355949	-0.6725444	-0.018188451	1.21305327210107E-08	-346195718239.498	-0.218699508191299	0
-9.7	-0.000000000426507	-0.000000001	-32.0386	-0.67611735	-0.698509558	-2.23922080000001E-02	9.8532310882428E-09	-349801923637.826	-0.175811022589582	0
-9.8	-0.000000000559139	-0.000000001	-24.5772	-0.698153174	-0.723460978	-0.025307804	8.71808553598724E-09	-353408129036.154	-0.153969328539806	0
-9.9	-0.000000000629961	-0.000000001	-16.3465	-0.711040389	-0.736889494	-0.025849105	8.53552182947919E-09	-357014334434.482	-0.14922240960628	0
-10	-0.000000000742924	-0.000000001	-7.35523	-0.711763082	-0.73853792	-2.67748379999999E-02	8.24040840135058E-09	-360620539832.81	-0.142622453100298	0
-10.1	-0.00000000101357	-0.000000001	-0.750914	-0.676912711	-0.676880127	3.25839999999467E-05	-6.77128652100298E-06	-364226745231.138	116.034993695786	0
-10.2	-0.000000000432026	-0.000000001	-0.478361	-0.547702882	-0.5362667	0.011436182	-1.92927674638267E-08	-367832950629.467	0.327365963752716	0
-10.3	-0.000000000360656	-0.000000001	-0.425224	-0.40613755	-0.388067127	0.018070423	-1.22097639883693E-08	-371439156027.795	0.205167804136153	0
-10.4	-0.000000000346005	-0.000000001	-0.395578	-0.259634396	-0.251254118	8.38027799999996E-03	-2.63279571393695E-08	-375045361426.123	0.438150174286844	0
-10.5	-0.00000000036273	-0.000000001	-0.371694	-0.214108201	-0.219105015	-4.99681399999999E-03	4.41552557289506E-08	-378651566824.451	-0.727833885642043	0
-10.6	-0.000000000346482	-0.000000001	-0.355468	-0.196623618	-0.202482141	-0.005858523	3.76606185552229E-08	-382257772222.779	-0.614923017048269	0
-10.7	-0.000000000345039	-0.000000001	-0.333445	-0.183078892	-0.188962588	-5.88369599999999E-03	3.74994901164167E-08	-385863977621.107	-0.606569753860083	0
-10.8	-0.000000000344038	-0.000000001	-0.324661	-0.171637306	-0.177437748	-5.80044200000002E-03	3.80377219529131E-08	-389470183019.435	-0.609578877450531	0
-10.9	-0.000000000341678	-0.000000001	-0.307479	-0.161700809	-0.1674312	-0.005730391	3.85027129911379E-08	-393076388417.763	-0.611369825194498	0
-11	-0.000000000334322	-0.000000001	-0.297371	-0.152686041	-0.158363813	-0.005677772	3.88595385654796E-08	-396682593816.091	-0.611426306100203	0
-11.1	-0.000000000327039	-0.000000001	-0.289372	-0.145166505	-0.150835596	-5.66909099999999E-03	3.89190436350379E-08	-400288799214.419	-0.606845794725123	0
-11.2	-0.000000000350571	-0.000000001	-0.274938	-0.138326677	-0.143587777	-5.26109999999999E-03	4.19371614301193E-08	-403895004612.748	-0.648067398473683	0
-11.3	-0.000000000319695	-0.000000001	-0.267205	-0.132684058	-0.13764305	-0.004958992	4.44920257987914E-08	-407501210011.076	-0.681463975815389	0
-11.4	-0.000000000311339	-0.000000001	-0.261931	-0.127233533	-0.131958367	-4.72483399999998E-03	4.66970056514156E-08	-411107415409.404	-0.708962636408132	0
-11.5	-0.000000000313413	-0.000000001	-0.257223	-0.122103595	-0.126947823	-4.84422799999999E-03	4.55460808203083E-08	-414713620807.732	-0.685476132747115	0
-11.6	-0.000000000335252	-0.000000001	-0.249379	-0.117708302	-0.122417121	-0.004708819	4.68558252079768E-08	-418319826206.06	-0.699108797864375	0
-11.7	-0.000000000348532	-0.000000001	-0.240459	-0.113511415	-0.118227768	-4.71635299999999E-03	4.67809767419869E-08	-421926031604.388	-0.692026283165487	0
-11.8	-0.000000000323379	-0.000000001	-0.237669	-0.104690653	-0.0928366818	0.0118539712	-1.86128004090309E-08	-425532237002.716	0.273003917342369	0
-11.9	-0.000000000318408	-0.000000001	-0.235747	-0.0990964887	-0.094813935	0.0042825537	-5.15196341846222E-08	-429138442401.044	0.749315946447317	0
-12	-0.000000000324702	-0.000000001	-0.230998	-0.0938112001	-0.0954313132	-0.0016201131	1.36185307062822E-07	-432744647799.372	-1.96421115955993	0
-12.1	-0.00000000033474	-0.000000001	-0.229563	-0.0905557811	-0.0962763462	-5.72056510000001E-03	3.85688469833164E-08	-436350853197.701	-0.551684079545212	0
-12.2	-0.000000000329113	-0.000000001	-0.220613	-0.0887734635	-0.0942765086	-5.50304510000001E-03	4.00933657621668E-08	-439957058596.029	-0.568789867369958	0
-12.3	-0.000000000328255	-0.000000001	-0.217321	-0.0881379336	-0.0932685849	-5.13065130000001E-03	4.30034292137529E-08	-443563263994.357	-0.6051139195181	0
-12.4	-0.000000000327229	-0.000000001	-0.210641	-0.08655778	-0.0916145506	-0.0050567706	4.36317202128964E-08	-447169469392.685	-0.609003538951717	0
-12.5	-0.000000000327194	-0.000000001	-0.209774	-0.0852632118	-0.0901511548	-4.88794299999999E-03	4.51387424116853E-08	-450775674791.013	-0.624997971854104	0
-12.6	-0.000000000315094	-0.000000001	-0.20791	-0.0838648717	-0.0886021904	-4.73731870000001E-03	4.6573940655502E-08	-454381880189.341	-0.639751932081071	0
-12.7	-0.00000000032202	-0.000000001	-0.202863	-0.0825233305	-0.0870953905	-4.57205999999999E-03	4.82573719504995E-08	-457988085587.669	-0.657656492359926	0
-12.8	-0.000000000309992	-0.000000001	-0.202292	-0.0812561339	-0.0856370274	-0.0043808935	5.03631508047388E-08	-461594290985.997	-0.680992123261192	0
-12.9	-0.000000000320697	-0.000000001	-0.197503	-0.0800448751	-0.084307296	-4.26242090000001E-03	5.1762978170457E-08	-465200496384.325	-0.694494340390747	0
-13	-0.000000000321126	-0.000000001	-0.19532	-0.0788992216	-0.0829165618	-0.0040173402	5.49208155186858E-08	-468806701782.654	-0.731194289449958	0
-13.1	-0.000000000317538	-0.000000001	-0.193786	-0.0777883947	-0.0816659615	-0.0038775668	5.69005284447969E-08	-472412907180.982	-0.751768578982931	0
-13.2	-0.000000000307977	-0.000000001	-0.193409	-0.0766978689	-0.0803795821	-3.68171320000001E-03	5.99274272640247E-08	-476019112579.31	-0.785761721119205	0
-13.3	-0.000000000315702	-0.000000001	-0.185316	-0.0757089031	-0.079218586	-3.50968289999999E-03	6.28648246256095E-08	-479625317977.638	-0.818078978644426	0
-13.4	-0.000000000327742	-0.000000001	-0.186788	-0.0746863049	-0.0780048195	-0.0033185146	6.64862526143473E-08	-483231523375.966	-0.858748957418378	0
-13.5	-0.000000000330365	-0.000000001	-0.186495	-0.0737188321	-0.0768749932	-0.0031561611	6.99063175197236E-08	-486837728774.294	-0.896234839996456	0
-13.6	-0.000000000319171	-0.000000001	-0.183912	-0.0726936972	-0.0757606969	-3.06699969999999E-03	7.19385789310644E-08	-490443934172.622	-0.915507933229043	0
-13.7	-0.000000000308275	-0.000000001	-0.183186	-0.0717006221	-0.0747063503	-0.0030057282	7.340504041583E-08	-494050139570.95	-0.927351717774382	0
-13.8	-0.000000000310576	-0.000000001	-0.181249	-0.0707380827	-0.0736778511	-0.0029397684	7.50520347113058E-08	-497656344969.278	-0.941288060760524	0
-13.9	-0.000000000301492	-0.000000001	-0.177274	-0.0697841287	-0.0727351004	-0.0029509717	7.47671012907376E-08	-501262550367.606	-0.930968333725288	0
-14	-0.000000000302696	-0.000000001	-0.17894	-0.0689481235	-0.0718184313	-0.0028703078	7.68682717581717E-08	-504868755765.935	-0.950294568438936	0
-14.1	-0.000000000303221	-0.000000001	-0.172747	-0.0681187631	-0.0709717169	-0.0028529538	7.73358474995283E-08	-508474961164.263	-0.949294363742164	0
-14.2	-0.000000000292516	-0.000000001	-0.174317	-0.0673553355	-0.0701608752	-0.0028055397	7.86428365280307E-08	-512081166562.591	-0.958539448472746	0
-14.3	-0.00000000029968	-0.000000001	-0.173902	-0.0665975657	-0.0693526331	-2.75506740000001E-03	8.00835580283806E-08	-515687371960.919	-0.969273833049254	0
-14.4	-0.000000000301635	-0.000000001	-0.172597	-0.0658595546	-0.0685929755	-2.73342090000001E-03	8.07177555421485E-08	-519293577359.247	-0.970165331035439	0
-14.5	-0.00000000029937	-0.000000001	-0.168615	-0.0651642766	-0.0678653719	-0.0027010953	8.16837525132861E-08	-522899782757.575	-0.975005003474237	0
-14.6	-0.000000000294316	-0.000000001	-0.165334	-0.0644902332	-0.0671753864	-0.0026851532	8.21687194607742E-08	-526505988155.903	-0.974075968317924	0
-14.7	-0.00000000029645	-0.000000001	-0.165226	-0.0638394366	-0.0665630007	-2.72356410000001E-03	8.10098796646642E-08	-530112193554.231	-0.953805490557271	0
-14.8	-0.00000000029825	-0.000000001	-0.163496	-0.063242193	-0.0658790041	-0.0026368111	8.36751635337094E-08	-533718398952.559	-0.978529719079242	0
-14.9	-0.000000000304186	-0.000000001	-0.167475	-0.0626476612	-0.0652296213	-0.0025819601	8.5452753510792E-08	-537324604350.887	-0.992610714503262	0
-15	-0.000000000301075	-0.000000001	-0.160897	-0.0620384521	-0.0646214234	-0.0025829713	8.54192998582679E-08	-540930809749.216	-0.985607306056937	0
-15.1	-0.000000000323451	-0.000000001	-0.162261	-0.0615152129	-0.0639225729	-0.00240736	9.16504386547918E-08	-544537015147.544	-1.05050171662395	0
-15.2	-0.000000000305295	-0.000000001	-0.159601	-0.0609088014	-0.063297393	-0.0023885916	9.23705835689954E-08	-548143220545.872	-1.05179055177247	0
-15.3	-0.000000000312781	-0.000000001	-0.157329	-0.0603677162	-0.062718723	-2.35100680000001E-03	9.38472827896539E-08	-551749425944.2	-1.06162084603681	0
-15.4	-0.000000000291443	-0.000000001	-0.158364	-0.059871011	-0.0621800182	-0.0023090072	9.55543144256979E-08	-555355631342.528	-1.07391212516394	0
-15.5	-0.000000000316834	-0.000000001	-0.159359	-0.0593573096	-0.0617058082	-0.0023484986	9.39475118273437E-08	-558961836740.856	-1.04904169534255	0
-15.6	-0.000000000318933	-0.000000001	-0.155795	-0.0588590412	-0.061168629	-2.30958780000001E-03	9.55302933276663E-08	-562568042139.184	-1.05987751473003	0
-15.7	-0.000000000315154	-0.000000001	-0.157138	-0.0582695393	-0.0605854409	-0.0023159016	9.52698508434036E-08	-566174247537.512	-1.0502555825461	0
-15.8	-0.000000000321817	-0.000000001	-0.153858	-0.0577599629	-0.0600772095	-0.0023172466	9.52145533410214E-08	-569780452935.84	-1.04300265344352	0
-15.9	-0.000000000289559	-0.000000001	-0.153141	-0.0573795507	-0.0596333681	-0.0022538174	9.78941772301517E-08	-573386658334.168	-1.06561150831079	0
-16	-0.000000000281787	-0.000000001	-0.149435	-0.0570725466	-0.0592628768	-0.0021903302	1.00731661372336E-07	-576992863732.497	-1.0896453754219	0
-16.1	-0.000000000288045	-0.000000001	-0.149301	-0.0566702375	-0.0588107215	-2.14048400000001E-03	1.03077434823152E-07	-580599069130.825	-1.10809473651262	0
-16.2	-0.000000000294757	-0.000000001	-0.152047	-0.0562156189	-0.0583235225	-0.0021079036	1.04670631047833E-07	-584205274529.153	-1.11827597273326	0
-16.3	-0.000000000287914	-0.000000001	-0.148868	-0.0557535212	-0.0578644937	-0.0021109725	1.04518462462207E-07	-587811479927.481	-1.10979962501163	0
-16.4	-0.000000000319219	-0.000000001	-0.149691	-0.0552369784	-0.0573630084	-0.00212603	1.03778215735432E-07	-591417685325.809	-1.09522038182327	0
-16.5	-0.000000000323772	-0.000000001	-0.148804	-0.0548919337	-0.0570081057	-0.002116172	1.04261657370006E-07	-595023890724.137	-1.09365374863643	0
-16.6	-0.000000000308573	-0.000000001	-0.147564	-0.0545537288	-0.0565838311	-0.0020301023	1.08682010753842E-07	-598630096122.465	-1.13315349488482	0
-16.7	-0.00000000032562	-0.000000001	-0.145488	-0.0543493989	-0.0563112429	-0.001961844	1.12463376292916E-07	-602236301520.793	-1.16555779207306	0
-16.8	-0.000000000308478	-0.000000001	-0.144662	-0.0540553917	-0.0559737184	-0.0019183267	1.15014611431932E-07	-605842506919.121	-1.18490327711468	0
-16.9	-0.000000000299263	-0.000000001	-0.145705	-0.0537218442	-0.055613223	-0.0018913788	1.16653311330337E-07	-609448712317.449	-1.1946743308751	0
-17	-0.000000000312042	-0.000000001	-0.141867	-0.0533735439	-0.0552543819	-0.001880838	1.17307072698446E-07	-613054917715.778	-1.19430277634164	0
-17.1	-0.000000000309348	-0.000000001	-0.143679	-0.0530636367	-0.0548851274	-0.0018214907	1.21129138897058E-07	-616661123114.106	-1.22600343013217	0
-17.2	-0.000000000309885	-0.000000001	-0.1431	-0.0527514524	-0.0545688403	-1.81738789999999E-03	1.21402591048395E-07	-620267328512.434	-1.22162714605943	0
-17.3	-0.000000000339663	-0.000000001	-0.13953	-0.0524331271	-0.0542624133	-0.0018292862	1.20612947279655E-07	-623873533910.762	-1.20666576869374	0
-17.4	-0.00000000029006	-0.000000001	-0.137348	-0.052137806	-0.0539444827	-0.0018066767	1.22122347623125E-07	-627479739309.09	-1.21474483710005	0
-17.5	-0.000000000342476	-0.000000001	-0.137475	-0.0518469375	-0.053625271	-0.0017783335	1.24068741886716E-07	-631085944707.418	-1.2270534911873	0
-17.6	-0.00000000033679	-0.000000001	-0.136292	-0.0515607488	-0.0533182244	-0.0017574756	1.25541202392795E-07	-634692150105.746	-1.23456164940468	0
-17.7	-0.000000000303662	-0.000000001	-0.139041	-0.0511057645	-0.0528859963	-0.0017802318	1.23936444680968E-07	-638298355504.074	-1.21189483064831	0
-17.8	-0.0000000003304	-0.000000001	-0.136525	-0.0508250747	-0.0525927635	-0.0017676888	1.24815861253406E-07	-641904560902.402	-1.21363737173796	0
-17.9	-0.00000000032351	-0.000000001	-0.135004	-0.0505517052	-0.0523132652	-0.00176156	1.25250119212516E-07	-645510766300.73	-1.21105615912403	0
-18	-0.000000000310636	-0.000000001	-0.133234	-0.0504793268	-0.0521615642	-0.0016822374	1.31156042541915E-07	-649116971699.059	-1.26111579367226	0
-18.1	-0.000000000313056	-0.000000001	-0.134658	-0.050171973	-0.0518627336	-0.0016907606	1.30494879050292E-07	-652723177097.387	-1.24782608526629	0
-18.2	-0.000000000303459	-0.000000001	-0.131558	-0.0499063034	-0.0515858484	-0.001679545	1.31366292656642E-07	-656329382495.715	-1.24925679829858	0
-18.3	-0.000000000306439	-0.000000001	-0.131151	-0.0496542075	-0.0513161132	-0.0016619057	1.327606012784E-07	-659935587894.043	-1.25561728825725	0
-18.4	-0.000000000308216	-0.000000001	-0.131929	-0.0494690652	-0.0510992639	-1.63019869999999E-03	1.35342765271498E-07	-663541793292.371	-1.27308203119093	0
-18.5	-0.000000000312293	-0.000000001	-0.132721	-0.0492635432	-0.0508758497	-0.0016123065	1.36844700433819E-07	-667147998690.699	-1.28025187516047	0
-18.6	-0.000000000313759	-0.000000001	-0.13229	-0.0490488136	-0.0506338379	-0.0015850243	1.39200137184017E-07	-670754204089.027	-1.2952866363277	0
-18.7	-0.000000000314486	-0.000000001	-0.129805	-0.0488265092	-0.0504119356	-0.0015854264	1.3916483288029E-07	-674360409487.355	-1.2880332125901	0
-18.8	-0.000000000316477	-0.000000001	-0.130076	-0.0483902505	-0.0500290058	-0.0016387553	1.34636086302818E-07	-677966614885.683	-1.23948933789419	0
-18.9	-0.000000000312829	-0.000000001	-0.126947	-0.0481822012	-0.0497964162	-0.001614215	1.36682907791093E-07	-681572820284.011	-1.25167497977192	0
-19	-0.000000000315464	-0.000000001	-0.126536	-0.0479861528	-0.0495785663	-0.0015924135	1.38554213462772E-07	-685179025682.34	-1.2621335234463	0
-19.1	-0.000000000332618	-0.000000001	-0.128531	-0.0479873793	-0.0494986345	-0.0015112552	1.45994931895024E-07	-688785231080.668	-1.322950450116	0
-19.2	-0.000000000337648	-0.000000001	-0.123782	-0.0478212765	-0.0493032741	-0.0014819976	1.48877164173545E-07	-692391436478.996	-1.34204174435287	0
-19.3	-0.000000000337183	-0.000000001	-0.1211	-0.0476188689	-0.0490796552	-0.0014607863	1.51038930198072E-07	-695997641877.324	-1.3544742644307	0
-19.4	-0.00000000033946	-0.000000001	-0.121315	-0.0474678614	-0.0489013712	-0.0014335098	1.53912864774276E-07	-699603847275.652	-1.37313221943744	0
-19.5	-0.000000000341737	-0.000000001	-0.119557	-0.0472550826	-0.0486930914	-0.0014380088	1.53431328097575E-07	-703210052673.98	-1.36181652157611	0
-19.6	-0.000000000330055	-0.000000001	-0.120539	-0.0470816978	-0.0485013474	-0.0014196496	1.55415533523202E-07	-706816258072.308	-1.3723899153344	0
-19.7	-0.000000000329661	-0.000000001	-0.121616	-0.0468875026	-0.0483054119	-0.0014179093	1.55606285959194E-07	-710422463470.636	-1.36709934950483	0
-19.8	-0.000000000327778	-0.000000001	-0.121635	-0.0466775316	-0.0480863553	-0.0014088237	1.56609801496099E-07	-714028668868.964	-1.36896679629457	0
-19.9	-0.000000000340343	-0.000000001	-0.119346	-0.0462216742	-0.0477189773	-0.0014973031	1.47355335068765E-07	-717634874267.292	-1.2815983915915	0
-20	-0.000000000339782	-0.000000001	-0.117442	-0.0460868182	-0.0475494255	-0.0014626073	1.50850881162702E-07	-721241079665.621	-1.30544031775415	0
-20.1	-0.000000000341296	-0.000000001	-0.114873	-0.0459883675	-0.0474406251	-0.0014522576	1.51925939309941E-07	-724847285063.949	-1.30820269210626	0
-20.2	-0.000000000338411	-0.000000001	-0.115403	-0.0461379958	-0.0474828444	-0.0013448486	1.64059805691138E-07	-728453490462.277	-1.40569140443664	0
-20.3	-0.000000000331211	-0.000000001	-0.112735	-0.0459345068	-0.0472527554	-0.0013182486	1.67370251711248E-07	-732059695860.605	-1.42699153599965	0
-20.4	-0.000000000339234	-0.000000001	-0.112268	-0.0456740649	-0.0469747033	-0.0013006384	1.69636387792334E-07	-735665901258.933	-1.4392227471069	0
-20.5	-0.000000000342751	-0.000000001	-0.112829	-0.0455062913	-0.0467851934	-0.0012789021	1.72519538438478E-07	-739272106657.261	-1.45654394554062	0
-20.6	-0.000000000331557	-0.000000001	-0.109591	-0.0453406245	-0.0466221348	-0.0012815103	1.7216841721834E-07	-742878312055.589	-1.4465232962706	0
-20.7	-0.000000000336981	-0.000000001	-0.108269	-0.045163203	-0.0464405672	-0.0012773642	1.72727245682946E-07	-746484517453.917	-1.44420773982397	0
-20.8	-0.000000000342619	-0.000000001	-0.108687	-0.0449358422	-0.0462010411	-0.0012651989	1.74388074475879E-07	-750090722852.245	-1.45108419959589	0
-20.9	-0.000000000339055	-0.000000001	-0.109174	-0.0448183565	-0.0461009681	-0.0012826116	1.72020586746604E-07	-753696928250.574	-1.42453559138704	0
-21	-0.00000000033654	-0.000000001	-0.107296	-0.0446920045	-0.0459606794	-0.0012686749	1.7391027441309E-07	-757303133648.902	-1.43332643747052	0
-21.1	-0.000000000341177	-0.000000001	-0.105392	-0.0445541504	-0.0458212435	-0.0012670931	1.7412737864329E-07	-760909339047.23	-1.42831426156545	0
-21.2	-0.000000000347805	-0.000000001	-0.104847	-0.0444386539	-0.045693278	-0.0012546241	1.75857932268319E-07	-764515544445.558	-1.43570517998446	0
-21.3	-0.000000000338018	-0.000000001	-0.104481	-0.044317371	-0.0455557931	-0.0012384221	1.7815864235627E-07	-768121749843.886	-1.44765960744531	0
-21.4	-0.000000000330508	-0.000000001	-0.104976	-0.0440877435	-0.0453388309	-0.0012510874	1.76355065201679E-07	-771727955242.214	-1.42630803991293	0
-21.5	-0.000000000344527	-0.000000001	-0.103732	-0.0438972762	-0.0451077689	-0.0012104927	1.82269252842252E-07	-775334160640.542	-1.46728378853334	0
-21.6	-0.000000000340402	-0.000000001	-0.101527	-0.043839389	-0.0450299908	-0.0011906018	1.85314351112185E-07	-778940366038.87	-1.48489063391174	0
-21.7	-0.000000000337696	-0.000000001	-0.101337	-0.0438379001	-0.0449901305	-0.0011522304	1.91485661201093E-07	-782546571437.198	-1.52726954166061	0
-21.8	-0.000000000352883	-0.000000001	-0.101392	-0.0436997443	-0.044869326	-0.0011695817	1.88644880473079E-07	-786152776835.527	-1.49770988378415	0
-21.9	-0.000000000349689	-0.000000001	-0.100136	-0.0435491952	-0.0447377263	-0.0011885311	1.85637212185697E-07	-789758982233.855	-1.4671012554191	0
-22	-0.000000000355566	-0.000000001	-0.0986819	-0.0434213548	-0.0446111202	-0.0011897654	1.85444626310363E-07	-793365187632.183	-1.45891751467943	0
-22.1	-0.000000000356865	-0.000000001	-0.0976261	-0.0433399159	-0.0445319422	-0.0011920263	1.85092896020834E-07	-796971393030.511	-1.44956148989515	0
-22.2	-0.000000000307238	-0.000000001	-0.0978593	-0.0434366207	-0.044693223	-0.0012566023	1.75581088782028E-07	-800577598428.839	-1.36887543229232	0
-22.3	-0.000000000335538	-0.000000001	-0.0971199	-0.0429550408	-0.0444925291	-0.0015374883	1.43503921298133E-07	-804183803827.167	-1.11377655371093	0
-22.4	-0.000000000353503	-0.000000001	-0.0976393	-0.0428213847	-0.0443518897	-0.001530505	1.4415869271907E-07	-807790009225.495	-1.11386352547358	0
-22.5	-0.00000000034374	-0.000000001	-0.096355	-0.0425127696	-0.0435691176	-0.001056348	2.08866396301219E-07	-811396214623.823	-1.60666458693246	0
-22.6	-0.000000000351751	-0.000000001	-0.095914	-0.0426911144	-0.0438536906	-0.0011625762	1.89781624636733E-07	-815002420022.151	-1.45339909949847	0
-22.7	-0.000000000346005	-0.000000001	-0.0949334	-0.0427252335	-0.0437556643	-0.0010304308	2.14119764277233E-07	-818608625420.479	-1.63256343484844	0
-22.8	-0.000000000327182	-0.000000001	-0.092768	-0.0427426069	-0.0436700168	-9.27409900000002E-04	2.37905159304424E-07	-822214830818.808	-1.80596021739188	0
-22.9	-0.00000000036298	-0.000000001	-0.0925412	-0.0426146374	-0.0435418537	-9.27216299999999E-04	2.37954833192644E-07	-825821036217.136	-1.79844936071027	0
-23	-0.000000000358152	-0.000000001	-0.0922529	-0.0425663626	-0.0435099377	-9.43575100000003E-04	2.3382940054268E-07	-829427241615.464	-1.75958579003689	0
-23.1	-0.000000000358212	-0.000000001	-0.0911013	-0.0422490484	-0.0433168781	-1.06782969999999E-03	2.06620587533762E-07	-833033447013.792	-1.54810630020301	0
-23.2	-0.000000000360262	-0.000000001	-0.0906741	-0.0421015373	-0.043143057	-0.0010415197	2.11840064090962E-07	-836639652412.12	-1.58037183091733	0
-23.3	-0.000000000346077	-0.000000001	-0.0901979	-0.0419968959	-0.043083518	-0.0010866221	2.03047223133046E-07	-840245857810.448	-1.50827418966442	0
-23.4	-0.000000000366271	-0.000000001	-0.0901194	-0.0418522726	-0.0429359912	-1.08371860000001E-03	2.03591227464398E-07	-843852063208.776	-1.50585227414496	0
-23.5	-0.00000000036906	-0.000000001	-0.089253	-0.0414863933	-0.042666001	-0.0011796077	1.87041505408959E-07	-847458268607.104	-1.37755609548333	0
-23.6	-0.000000000362813	-0.000000001	-0.0874407	-0.0413732401	-0.0425483217	-0.0011750816	1.87761939255963E-07	-851064474005.433	-1.3770024880245	0
-23.7	-0.000000000360072	-0.000000001	-0.0873155	-0.0411386579	-0.0423703094	-0.0012316515	1.79138011036401E-07	-854670679403.761	-1.30821332305064	0
-23.8	-0.000000000367761	-0.000000001	-0.0867567	-0.041330167	-0.0424607022	-0.0011305352	1.95160309913394E-07	-858276884802.089	-1.41923302296424	0
-23.9	-0.000000000376809	-0.000000001	-0.0864132	-0.0411490897	-0.0422732154	-0.0011241257	1.96273068038566E-07	-861883090200.417	-1.42135308363944	0
-24	-0.000000000374603	-0.000000001	-0.0854955	-0.0411100497	-0.0422401403	-0.0011300906	1.95237089840407E-07	-865489295598.745	-1.40795978250294	0
-24.1	-0.000000000363159	-0.000000001	-0.0843104	-0.0409455016	-0.0421180308	-1.17252919999999E-03	1.88170665600482E-07	-869095500997.073	-1.35136928694888	0
-24.2	-0.000000000363839	-0.000000001	-0.0829208	-0.0409836972	-0.0421001636	-1.11646639999999E-03	1.97619561143982E-07	-872701706395.401	-1.41336304060381	0
-24.3	-0.00000000037185	-0.000000001	-0.0835858	-0.0410580628	-0.0421133374	-0.0010552746	2.09078850187431E-07	-876307911793.729	-1.48916559962557	0
-24.4	-0.000000000374794	-0.000000001	-0.0829169	-0.0410640456	-0.0420693455	-0.0010052999	2.19472418131147E-07	-879914117192.057	-1.55678732911438	0
-24.5	-0.000000000377965	-0.000000001	-0.0818385	-0.0408947887	-0.0419210654	-0.0010262767	2.14986465151162E-07	-883520322590.385	-1.51874268945091	0
-24.6	-0.000000000374496	-0.000000001	-0.081844	-0.0408470344	-0.0418454448	-9.98410399999997E-04	2.20986880745634E-07	-887126527988.714	-1.5547857463342	0
-24.7	-0.00000000037421	-0.000000001	-0.0807839	-0.0406533001	-0.0416926951	-1.03939500000001E-03	2.1227310117905E-07	-890732733387.042	-1.48743219449661	0
-24.8	-0.000000000377893	-0.000000001	-0.0809384	-0.0406618285	-0.041675201	-1.01337250000001E-03	2.17724084677647E-07	-894338938785.37	-1.51947639740914	0
-24.9	-0.000000000373948	-0.000000001	-0.0802408	-0.0404378674	-0.0414848223	-0.0010469549	2.10740309826144E-07	-897945144183.698	-1.46483069851351	0
-25	-0.000000000387836	-0.000000001	-0.0803665	-0.0404896534	-0.0415155347	-0.0010258813	2.15069326246613E-07	-901551349582.026	-1.48894148939963	0
-25.1	-0.000000000381649	-0.000000001	-0.0795725	-0.0402833982	-0.0413498413	-0.0010664431	2.06889237691162E-07	-905157554980.354	-1.42660369232337	0
-25.2	-0.000000000386333	-0.000000001	-0.0772778	-0.0402840435	-0.0413924057	-0.0011083622	1.99064529627588E-07	-908763760378.682	-1.36720143974992	0
-25.3	-0.000000000370681	-0.000000001	-0.0789932	-0.0402343401	-0.0412675286	-0.0010331885	2.13548253779442E-07	-912369965777.01	-1.46088042263224	0
-25.4	-0.000000000373697	-0.000000001	-0.0793537	-0.0401461669	-0.0410986376	-9.52470699999999E-04	2.31645550881513E-07	-915976171175.338	-1.57844485004059	0
-25.5	-0.00000000037992	-0.000000001	-0.0783997	-0.0398886728	-0.0408142653	-9.25592500000003E-04	2.38372285860138E-07	-919582376573.666	-1.61791144248962	0
-25.6	-0.00000000038209	-0.000000001	-0.0780655	-0.0398000904	-0.0406825469	-8.82456499999996E-04	2.50024335477161E-07	-923188581971.995	-1.69036885463825	0
-25.7	-0.000000000383461	-0.000000001	-0.0775949	-0.0396409414	-0.0407584862	-0.0011175448	1.97428863701929E-07	-926794787370.323	-1.32958678039312	0
-25.8	-0.000000000383222	-0.000000001	-0.0775867	-0.0398265908	-0.0408688451	-0.0010422543	2.11690755317584E-07	-930400992768.651	-1.42010792923245	0
-25.9	-0.000000000383651	-0.000000001	-0.0771692	-0.0396252253	-0.0407110598	-0.0010858345	2.03194501556176E-07	-934007198166.979	-1.35784861449776	0
-26	-0.000000000393665	-0.000000001	-0.0766979	-0.0397173032	-0.0407159035	-9.98600299999999E-04	2.20944856515665E-07	-937613403565.307	-1.47078676674629	0
-26.1	-0.000000000390995	-0.000000001	-0.0766931	-0.0395331729	-0.0405917808	-1.05860789999999E-03	2.08420511503836E-07	-941219608963.635	-1.38209888265143	0
-26.2	-0.000000000379395	-0.000000001	-0.0757712	-0.0396032099	-0.0404479697	-8.44759800000004E-04	2.61181462470159E-07	-944825814361.963	-1.7253619804987	0
-26.3	-0.000000000390875	-0.000000001	-0.0762709	-0.0393464053	-0.0402526992	-9.06293900000001E-04	2.4344817944819E-07	-948432019760.291	-1.60210121017381	0
-26.4	-0.00000000038954	-0.000000001	-0.075621	-0.0393774435	-0.0402641513	-8.86707800000004E-04	2.48825599594364E-07	-952038225158.619	-1.63128671062738	0
-26.5	-0.000000000400746	-0.000000001	-0.0760355	-0.0392187069	-0.0403217867	-0.0011030798	2.00017804695544E-07	-955644430556.947	-1.30635721499266	0
-26.6	-0.000000000393939	-0.000000001	-0.0761788	-0.0392787593	-0.0402810323	-0.001002273	2.20135232616264E-07	-959250635955.276	-1.43234318503931	0
-26.7	-0.00000000039593	-0.000000001	-0.0758041	-0.0393760333	-0.0403498873	-9.73853999999996E-04	2.26559217295407E-07	-962856841353.604	-1.46862068255449	0
-26.8	-0.000000000394404	-0.000000001	-0.0750378	-0.0394679343	-0.0403782173	-9.10282999999998E-04	2.42381325368045E-07	-966463046751.932	-1.56532141813462	0
-26.9	-0.000000000394487	-0.000000001	-0.0758356	-0.0395495834	-0.0404205908	-8.71007400000005E-04	2.53310821469483E-07	-970069252150.26	-1.62982370119055	0
-27	-0.000000000407958	-0.000000001	-0.0746459	-0.0395080267	-0.0403640062	-0.0008559795	2.57758042102644E-07	-973675457548.588	-1.65229514168362	0
-27.1	-0.000000000402069	-0.000000001	-0.0750648	-0.0394682473	-0.0403080762	-8.39828899999999E-04	2.62714941102885E-07	-977281662946.916	-1.67785585433293	0
-27.2	-0.000000000401056	-0.000000001	-0.074595	-0.0394392323	-0.0402655504	-8.26318100000001E-04	2.67010489059842E-07	-980887868345.244	-1.69902036307875	0
-27.3	-0.000000000409997	-0.000000001	-0.0746164	-0.0393512214	-0.0401380689	-0.0007868475	2.8040452565459E-07	-984494073743.572	-1.77771254641541	0
-27.4	-0.000000000394118	-0.000000001	-0.0742428	-0.0393556715	-0.0401579944	-8.02322899999999E-04	2.74996014696826E-07	-988100279141.9	-1.73706073292493	0
-27.5	-0.000000000414586	-0.000000001	-0.0742764	-0.0392905416	-0.040095145	-8.04603399999999E-04	2.74216589191644E-07	-991706484540.228	-1.72583867323412	0
-27.6	-0.000000000417042	-0.000000001	-0.0746361	-0.0392367466	-0.0401087156	-0.000871969	2.53031472449135E-07	-995312689938.557	-1.58673582221448	0
-27.7	-0.000000000402784	-0.000000001	-0.0741459	-0.039218108	-0.040102557	-8.84448999999995E-04	2.49461076896465E-07	-998918895336.885	-1.55869875872548	0
-27.8	-0.000000000400507	-0.000000001	-0.0738008	-0.0392021384	-0.0400854333	-8.83294899999998E-04	2.49787019035206E-07	-1002525100735.21	-1.55512117550972	0
-27.9	-0.000000000401819	-0.000000001	-0.0730842	-0.0391916456	-0.0400287599	-8.37114300000004E-04	2.63566874917797E-07	-1006131306133.54	-1.63503024142554	0
-28	-0.000000000421011	-0.000000001	-0.0729627	-0.0391409256	-0.0399377696	-7.96843999999998E-04	2.76886818498979E-07	-1009737511531.87	-1.71152566379864	0
-28.1	-0.000000000421882	-0.000000001	-0.0729168	-0.0390705079	-0.0398338011	-7.63293200000001E-04	2.89057468348991E-07	-1013343716930.2	-1.78039776563161	0
-28.2	-0.000000000410795	-0.000000001	-0.0737456	-0.0390190195	-0.0397634502	-0.0007444307	2.96381651106006E-07	-1016949922328.53	-1.81903632020871	0
-28.3	-0.000000000406492	-0.000000001	-0.0731299	-0.0389045893	-0.0396354052	-7.30815900000001E-04	3.01903119513409E-07	-1020556127726.85	-1.84637678419454	0
-28.4	-0.000000000413132	-0.000000001	-0.072227	-0.0388982602	-0.0396693599	-0.0007710997	2.86131093035051E-07	-1024162333125.18	-1.74375666123745	0
-28.5	-0.000000000405729	-0.000000001	-0.0727956	-0.0388317227	-0.0395759546	-7.44231899999996E-04	2.96460820881235E-07	-1027768538523.51	-1.80036935757835	0
-28.6	-0.000000000423312	-0.000000001	-0.0720815	-0.0387773222	-0.0395398402	-7.62518000000004E-04	2.89351333345572E-07	-1031374743921.84	-1.75105029593205	0
-28.7	-0.000000000421834	-0.000000001	-0.0729997	-0.0387511619	-0.0395102261	-7.59064199999999E-04	2.90667903979664E-07	-1034980949320.17	-1.75288872676023	0
-28.8	-0.000000000418699	-0.000000001	-0.0736061	-0.0387326411	-0.0395439015	-0.0008112604	2.71966436424113E-07	-1038587154718.49	-1.63441368043337	0
-28.9	-0.000000000406253	-0.000000001	-0.0728727	-0.0387806971	-0.0395317677	-7.51070600000001E-04	2.93761465300332E-07	-1042193360116.82	-1.75928479352076	0
-29	-0.000000000424409	-0.000000001	-0.0730751	-0.0386647602	-0.0394036668	-7.38906599999999E-04	2.98597414071008E-07	-1045799565515.15	-1.78208005745296	0
-29.1	-0.000000000425804	-0.000000001	-0.0726893	-0.0386072858	-0.0393778305	-0.0007705447	2.86337184591627E-07	-1049405770913.48	-1.70303638734116	0
-29.2	-0.00000000042299	-0.000000001	-0.0727153	-0.0385413076	-0.0393287548	-7.87447199999999E-04	2.80190976614051E-07	-1053011976311.81	-1.6607737022698	0
-29.3	-0.000000000421989	-0.000000001	-0.0725329	-0.038561974	-0.0393057085	-7.43734500000003E-04	2.96659090038178E-07	-1056618181710.13	-1.75238370329719	0
-29.4	-0.000000000425804	-0.000000001	-0.0727173	-0.0385558332	-0.0392681213	-0.0007122881	3.09756122557712E-07	-1060224387108.46	-1.82352505430364	0
-29.5	-0.000000000425839	-0.000000001	-0.0723291	-0.0385292664	-0.0392288313	-6.99564900000005E-04	3.15389751544136E-07	-1063830592506.79	-1.85039619550015	0
-29.6	-0.00000000042491	-0.000000001	-0.0723286	-0.0385078456	-0.039191467	-6.83621400000001E-04	3.22745309026312E-07	-1067436797905.12	-1.88715422377651	0
-29.7	-0.000000000434864	-0.000000001	-0.0715816	-0.0385268246	-0.0390952929	-0.0005684683	3.8812296129793E-07	-1071043003303.45	-2.26178881875251	0
-29.8	-0.000000000428617	-0.000000001	-0.0712361	-0.0385471392	-0.0391064391	-5.59299900000004E-04	3.94485319950886E-07	-1074649208701.77	-2.29115118711795	0
-29.9	-0.000000000440133	-0.000000001	-0.071645	-0.0385169821	-0.0390775369	-5.60554800000002E-04	3.93602195539133E-07	-1078255414100.1	-2.27837648562657	0
-30	-0.000000000426817	-0.000000001	-0.071468	-0.0384887895	-0.0390894676	-6.00678099999995E-04	3.6731087748996E-07	-1081861619498.43	-2.11910121628823	0
-30.1	-0.000000000432956	-0.000000001	-0.0708819	-0.038383741	-0.0390606761	-6.76935099999998E-04	3.25933165527981E-07	-1085467824896.76	-1.87413652552507	0
-30.2	-0.000000000439036	-0.000000001	-0.0712098	-0.0383415675	-0.0390246881	-6.83120600000003E-04	3.22981915638321E-07	-1089074030295.09	-1.85101709166129	0
-30.3	-0.000000000442469	-0.000000001	-0.0711909	-0.0383046471	-0.0389774746	-6.72827500000001E-04	3.27922981744949E-07	-1092680235693.42	-1.87313203586224	0
-30.4	-0.000000000440228	-0.000000001	-0.0710901	-0.0382587557	-0.0389489639	-0.0006902082	3.19665283605729E-07	-1096286441091.74	-1.81995670069051	0
-30.5	-0.000000000450087	-0.000000001	-0.0711071	-0.0382375901	-0.0389034973	-6.65907199999996E-04	3.31330852106722E-07	-1099892646490.07	-1.8801876853471	0
-30.6	-0.000000000453019	-0.000000001	-0.0725095	-0.0380126458	-0.0388156212	-8.02975399999996E-04	2.74772552185286E-07	-1103498851888.4	-1.55414339471316	0
-30.7	-0.000000000453448	-0.000000001	-0.0707102	-0.0381103725	-0.0389180031	-8.07630599999998E-04	2.73188757335347E-07	-1107105057286.73	-1.54015210224137	0
-30.8	-0.000000000420213	-0.000000001	-0.0705389	-0.0381276787	-0.0389345924	-8.06913700000002E-04	2.73431471048266E-07	-1110711262685.06	-1.53651550913736	0
-30.9	-0.000000000424206	-0.000000001	-0.0713808	-0.038122355	-0.0390284832	-9.06128200000002E-04	2.43492697832381E-07	-1114317468083.38	-1.36385006254134	0
-31	-0.000000000437224	-0.000000001	-0.0704299	-0.0380558834	-0.0387515127	-0.0006956293	3.1717410408101E-07	-1117923673481.71	-1.77082316174261	0
-31.1	-0.000000000454593	-0.000000001	-0.0703527	-0.038013138	-0.0386892628	-6.76124799999997E-04	3.2632377927862E-07	-1121529878880.04	-1.81604873454587	0
-31.2	-0.000000000453806	-0.000000001	-0.0701545	-0.0379623867	-0.0386671213	-0.0007047346	3.13076156612717E-07	-1125136084278.37	-1.73673903446403	0
-31.3	-0.000000000448418	-0.000000001	-0.0704213	-0.0378862156	-0.0386065741	-7.20358499999997E-04	3.06285828514553E-07	-1128742289676.7	-1.69364245307875	0
-31.4	-0.00000000045352	-0.000000001	-0.0706541	-0.0378606608	-0.0385605106	-6.99849799999999E-04	3.15261360366182E-07	-1132348495075.02	-1.73772185405171	0
-31.5	-0.00000000044421	-0.000000001	-0.0706187	-0.0379093111	-0.0386119629	-7.02651799999995E-04	3.14004176748713E-07	-1135954700473.35	-1.72529767444348	0
-31.6	-0.00000000047406	-0.000000001	-0.0695819	-0.0379432448	-0.0386332891	-6.90044300000005E-04	3.19741210817912E-07	-1139560905871.68	-1.75126028320424	0
-31.7	-0.000000000458682	-0.000000001	-0.0704221	-0.0379592725	-0.0386191807	-6.59908199999996E-04	3.3434286768978E-07	-1143167111270.01	-1.82545851080322	0
-31.8	-0.000000000458455	-0.000000001	-0.0696908	-0.0379455995	-0.038586104	-0.0006405045	3.44471584508774E-07	-1146773316668.34	-1.87484534384311	0
-31.9	-0.000000000456524	-0.000000001	-0.0704842	-0.0378981035	-0.0385317832	-6.33679700000001E-04	3.48181581325707E-07	-1150379522066.67	-1.88909707736398	0
-32	-0.000000000459504	-0.000000001	-0.0696651	-0.0378640191	-0.0385036935	-6.39674399999998E-04	3.44918602338941E-07	-1153985727464.99	-1.86554532515052	0
-32.1	-0.000000000462818	-0.000000001	-0.0698255	-0.0378087806	-0.0384650693	-0.0006562887	3.36186803155379E-07	-1157591932863.32	-1.8126535037134	0
-32.2	-0.000000000464618	-0.000000001	-0.0695326	-0.0378041037	-0.0384555917	-6.51487999999999E-04	3.38664104327325E-07	-1161198138261.65	-1.820339786757	0
-32.3	-0.000000000464666	-0.000000001	-0.0696531	-0.037797681	-0.0384331824	-6.35501400000002E-04	3.47183499517073E-07	-1164804343659.98	-1.86035454611435	0
-32.4	-0.000000000466394	-0.000000001	-0.0692751	-0.0377041343	-0.0383302012	-0.0006260669	3.5241537286191E-07	-1168410549058.31	-1.88256075246747	0
-32.5	-0.000000000461996	-0.000000001	-0.0692247	-0.03775385	-0.0383378723	-5.84022300000001E-04	3.77786259189075E-07	-1172016754456.63	-2.01187948680573	0
-32.6	-0.000000000463128	-0.000000001	-0.0692515	-0.0376361233	-0.038278561	-6.42437700000005E-04	3.43435013231631E-07	-1175622959854.96	-1.82333360021512	0
-32.7	-0.000000000475502	-0.000000001	-0.0693591	-0.0376266517	-0.0382780326	-6.51380899999998E-04	3.38719787454622E-07	-1179229165253.29	-1.79280056874359	0
-32.8	-0.000000000462008	-0.000000001	-0.0691473	-0.0376157185	-0.0382180997	-6.02381200000002E-04	3.66272386986844E-07	-1182835370651.62	-1.93272249230863	0
-32.9	-0.000000000462675	-0.000000001	-0.0690721	-0.0376457135	-0.0382822839	-6.36570400000001E-04	3.46600470270059E-07	-1186441576049.95	-1.82335996751843	0
-33	-0.000000000470924	-0.000000001	-0.0694297	-0.0376576856	-0.0382839285	-6.26242900000004E-04	3.52316329654194E-07	-1190047781448.27	-1.84781291776675	0
-33.1	-0.00000000046612	-0.000000001	-0.0702698	-0.037584863	-0.0382029996	-6.18136599999999E-04	3.56936638277041E-07	-1193653986846.6	-1.86638957964988	0
-33.2	-0.000000000471258	-0.000000001	-0.0697242	-0.0376146812	-0.0382480046	-6.33323400000003E-04	3.48377464025486E-07	-1197260192244.93	-1.81614757659255	0
-33.3	-0.000000000475132	-0.000000001	-0.069337	-0.0376341117	-0.0382246199	-5.90508199999999E-04	3.73636809785199E-07	-1200866397643.26	-1.94197926083783	0
-33.4	-0.00000000047493	-0.000000001	-0.0690719	-0.0376075722	-0.0382026707	-5.95098499999995E-04	3.7075475740571E-07	-1204472603041.59	-1.92123031820094	0
-33.5	-0.000000000487554	-0.000000001	-0.0691461	-0.0375980981	-0.038190243	-5.92144900000001E-04	3.72604070388852E-07	-1208078808439.91	-1.92504973220417	0
-33.6	-0.000000000487077	-0.000000001	-0.0689855	-0.0375403918	-0.0381458788	-6.05486999999995E-04	3.64393620341976E-07	-1211685013838.24	-1.877027577311	0
-33.7	-0.00000000046823	-0.000000001	-0.0687566	-0.0374906364	-0.0381312411	-6.40604699999998E-04	3.44417704084907E-07	-1215291219236.57	-1.76886517733632	0
-33.8	-0.000000000480556	-0.000000001	-0.0686966	-0.0374404704	-0.0380563694	-6.15898999999996E-04	3.58233411647042E-07	-1218897424634.9	-1.83437682340884	0
-33.9	-0.000000000468528	-0.000000001	-0.0689332	-0.0375311376	-0.0381296512	-5.98513600000003E-04	3.6863924228288E-07	-1222503630033.23	-1.88209279586222	0
-34	-0.00000000047586	-0.000000001	-0.0686428	-0.0375392418	-0.0381266412	-5.87399400000001E-04	3.75614275397625E-07	-1226109835431.56	-1.91206361910556	0
-34.1	-0.000000000469315	-0.000000001	-0.0687327	-0.0375258668	-0.0381078192	-5.81952399999995E-04	3.79129976953445E-07	-1229716040829.88	-1.9243005823263	0
-34.2	-0.00000000047437	-0.000000001	-0.0686333	-0.0375013963	-0.0380856729	-5.84276599999996E-04	3.77621831851561E-07	-1233322246228.21	-1.91104165916782	0
-34.3	-0.000000000473785	-0.000000001	-0.0691817	-0.0374719258	-0.0380710565	-5.99130699999999E-04	3.68259546706588E-07	-1236928451626.54	-1.85822825765827	0
-34.4	-0.000000000486732	-0.000000001	-0.0688907	-0.0374775867	-0.0380424477	-0.000564861	3.90601581628047E-07	-1240534657024.87	-1.96523604352215	0
-34.5	-0.000000000498259	-0.000000001	-0.068783	-0.0375075126	-0.0380298969	-5.22384299999998E-04	4.22362616946951E-07	-1244140862423.2	-2.11887600475059	0
-34.6	-0.000000000485039	-0.000000001	-0.0687477	-0.0373488197	-0.0379653278	-6.16508099999996E-04	3.57879482848646E-07	-1247747067821.52	-1.79019305560128	0
-34.7	-0.000000000482714	-0.000000001	-0.0685272	-0.037331307	-0.0379484711	-6.17164099999998E-04	3.57499083307018E-07	-1251353273219.85	-1.78313663808643	0
-34.8	-0.000000000489593	-0.000000001	-0.068658	-0.0372782663	-0.0378313215	-5.53055199999999E-04	3.98939563356425E-07	-1254959478618.18	-1.98411586549946	0
-34.9	-0.000000000487328	-0.000000001	-0.0689482	-0.0373111595	-0.0379674378	-0.0006562783	3.36192130686021E-07	-1258565684016.51	-1.66725213586852	0
-35	-0.0000000005054	-0.000000001	-0.0682479	-0.0373827723	-0.037964329	-5.81556699999999E-04	3.79387942740579E-07	-1262171889414.84	-1.87609422234352	0
-35.1	-0.000000000506842	-0.000000001	-0.0685765	-0.0373609161	-0.0379732838	-6.12367699999998E-04	3.60299212384978E-07	-1265778094813.16	-1.77662333523165	0
-35.2	-0.000000000502169	-0.000000001	-0.0683852	-0.0373458981	-0.0379343521	-5.88454000000002E-04	3.74941116892738E-07	-1269384300211.49	-1.84356973996648	0
-35.3	-0.000000000494719	-0.000000001	-0.0683527	-0.0373465944	-0.0379185624	-5.71967999999999E-04	3.85748153742867E-07	-1272990505609.82	-1.89133437768893	0
-35.4	-0.000000000485444	-0.000000001	-0.06857	-0.037335203	-0.0378988436	-5.63640600000005E-04	3.91447315895977E-07	-1276596711008.15	-1.91385584694904	0
-35.5	-0.000000000491238	-0.000000001	-0.0682623	-0.0372646175	-0.037834194	-5.69576500000002E-04	3.87367807485034E-07	-1280202916406.48	-1.88857544277644	0
-35.6	-0.000000000489652	-0.000000001	-0.0690628	-0.037311755	-0.0378846001	-5.72845099999997E-04	3.85157523386342E-07	-1283809121804.8	-1.87252469234933	0
-35.7	-0.000000000509906	-0.000000001	-0.0682606	-0.0372900947	-0.0378734965	-5.83401800000001E-04	3.78188068668968E-07	-1287415327203.13	-1.83349095993359	0
-35.8	-0.000000000498557	-0.000000001	-0.0686436	-0.0372794495	-0.037859884	-5.80434500000004E-04	3.8012144350482E-07	-1291021532601.46	-1.83771647590426	0
-35.9	-0.000000000502801	-0.000000001	-0.0687104	-0.0372778332	-0.0378479359	-5.70102699999998E-04	3.87010270254817E-07	-1294627737999.79	-1.86580910236413	0
-36	-0.00000000049659	-0.000000001	-0.0683761	-0.0372784032	-0.0378420644	-5.63661200000003E-04	3.91433009758342E-07	-1298233943398.12	-1.88188946999203	0
-36.1	-0.000000000489306	-0.000000001	-0.0681202	-0.0372824373	-0.0379030905	-6.20653200000001E-04	3.55489345740906E-07	-1301840148796.45	-1.70434908995746	0
-36.2	-0.000000000497353	-0.000000001	-0.0682784	-0.0372840676	-0.0378772503	-0.0005931827	3.71952182691774E-07	-1305446354194.77	-1.77835191469718	0
-36.3	-0.000000000516105	-0.000000001	-0.0684057	-0.0372723974	-0.0378613133	-0.0005889159	3.74647042132841E-07	-1309052559593.1	-1.78630185378023	0
-36.4	-0.000000000512087	-0.000000001	-0.0679631	-0.037254535	-0.0378241684	-5.69633399999998E-04	3.87329113777389E-07	-1312658764991.43	-1.84169591293137	0
-36.5	-0.000000000518298	-0.000000001	-0.0680461	-0.037172044	-0.0377454237	-5.73379700000001E-04	3.84798415430472E-07	-1316264970389.76	-1.82465002048169	0
-36.6	-0.000000000509071	-0.000000001	-0.0683286	-0.0372476664	-0.0378105032	-5.62836800000001E-04	3.9200635068638E-07	-1319871175788.09	-1.85375008206043	0
-36.7	-0.000000000509799	-0.000000001	-0.0680439	-0.0372411751	-0.037799216	-5.58040899999994E-04	3.95375321056221E-07	-1323477381186.41	-1.86458703076189	0
-36.8	-0.000000000524354	-0.000000001	-0.067606	-0.0372122473	-0.0377779821	-5.65734800000002E-04	3.89998281880484E-07	-1327083586584.74	-1.83423104981415	0
-36.9	-0.00000000052681	-0.000000001	-0.0679712	-0.0372118662	-0.0377699296	-5.58063400000003E-04	3.95359380314134E-07	-1330689791983.07	-1.8544060990344	0
-37	-0.000000000519919	-0.000000001	-0.0678349	-0.0372260485	-0.037771987	-5.45938500000002E-04	4.04140026761254E-07	-1334295997381.4	-1.89046790065036	0
-37.1	-0.000000000530112	-0.000000001	-0.068091	-0.0372379053	-0.0377825038	-0.0005445985	4.05134424718393E-07	-1337902202779.73	-1.89001131166574	0
-37.2	-0.000000000528729	-0.000000001	-0.0681209	-0.0371998309	-0.0377254094	-5.25578499999999E-04	4.19795710821505E-07	-1341508408178.05	-1.95314381585688	0
-37.3	-0.000000000528836	-0.000000001	-0.0679596	-0.0372423132	-0.0377752511	-5.32937899999995E-04	4.13998704164222E-07	-1345114613576.38	-1.92100862934523	0
-37.4	-0.000000000534439	-0.000000001	-0.0684352	-0.0372558091	-0.0377747412	-5.18932100000001E-04	4.25172387678464E-07	-1348720818974.71	-1.96758097958977	0
-37.5	-0.000000000515711	-0.000000001	-0.0681439	-0.0372577162	-0.0377716604	-5.13944199999998E-04	4.29298744883201E-07	-1352327024373.04	-1.98137882253785	0
-37.6	-0.000000000516307	-0.000000001	-0.0681042	-0.0372594533	-0.0377730679	-5.13614599999997E-04	4.29574237180955E-07	-1355933229771.37	-1.97737731926585	0
-37.7	-0.000000000533307	-0.000000001	-0.0683731	-0.0372628153	-0.0377713513	-5.08535999999997E-04	4.33864269196284E-07	-1359539435169.7	-1.99182739378012	0
-37.8	-0.000000000527418	-0.000000001	-0.0678805	-0.0372568431	-0.0377576914	-5.00848300000002E-04	4.40523807308518E-07	-1363145640568.02	-2.01705039976428	0
-37.9	-0.000000000536406	-0.000000001	-0.0678045	-0.0372443473	-0.0377466466	-5.02299300000002E-04	4.39251259159627E-07	-1366751845966.35	-2.0059170552246	0
-38	-0.000000000539148	-0.000000001	-0.0682185	-0.0372245819	-0.0377349579	-0.000510376	4.32300108155556E-07	-1370358051364.68	-1.96897822540486	0
-38.1	-0.000000000536358	-0.000000001	-0.0679266	-0.0371637984	-0.0377068245	-5.43026099999996E-04	4.06307542123669E-07	-1373964256763.01	-1.84573383763023	0
-38.2	-0.000000000540972	-0.000000001	-0.0678077	-0.0371093809	-0.037645614	-5.36233099999998E-04	4.1145464537717E-07	-1377570462161.34	-1.86422261799966	0
-38.3	-0.000000000549209	-0.000000001	-0.0681659	-0.0371593026	-0.0377084065	-0.0005491039	4.01810294918685E-07	-1381176667559.66	-1.81577257193621	0
-38.4	-0.000000000542879	-0.000000001	-0.0678633	-0.0372242021	-0.0377382528	-5.14050699999997E-04	4.29209803624431E-07	-1384782872957.99	-1.93453937931685	0
-38.5	-0.000000000559378	-0.000000001	-0.0678081	-0.0372352771	-0.0377382129	-0.0005029358	4.38695356345681E-07	-1388389078356.32	-1.97215694660896	0
-38.6	-0.000000000554109	-0.000000001	-0.0679191	-0.0372679712	-0.037763525	-0.0004955538	4.45230366511164E-07	-1391995283754.65	-1.99634979005604	0
-38.7	-0.000000000550854	-0.000000001	-0.0675564	-0.0372637639	-0.0377605515	-0.0004967876	4.44124611805931E-07	-1395601489152.98	-1.98624602775461	0
-38.8	-0.000000000553882	-0.000000001	-0.0675001	-0.0372530622	-0.037764352	-5.11289800000002E-04	4.31527482065942E-07	-1399207694551.3	-1.92493424791509	0
-38.9	-0.000000000542426	-0.000000001	-0.0675821	-0.037203193	-0.0376973363	-0.0004941433	4.46501247714985E-07	-1402813899949.63	-1.98660828032177	0
-39	-0.000000000550961	-0.000000001	-0.0672759	-0.0372536911	-0.0377668861	-5.13195000000001E-04	4.29925466927775E-07	-1406420105347.96	-1.90795325559664	0
-39.1	-0.000000000550807	-0.000000001	-0.0681258	-0.0372691338	-0.037771705	-5.02571200000003E-04	4.39013616379129E-07	-1410026310746.29	-1.94330245298651	0
-39.2	-0.000000000558484	-0.000000001	-0.0677362	-0.0372753053	-0.0377820449	-0.0005067396	4.35402324981114E-07	-1413632516144.62	-1.92240037521096	0
-39.3	-0.000000000560164	-0.000000001	-0.0678487	-0.0373049992	-0.0377957153	-4.90716099999997E-04	4.49619647694464E-07	-1417238721542.94	-1.9801217602516	0
-39.4	-0.000000000566125	-0.000000001	-0.0677789	-0.0372743403	-0.0377809942	-5.06653900000001E-04	4.35475972848526E-07	-1420844926941.27	-1.91296551915108	0
-39.5	-0.000000000568438	-0.000000001	-0.0677345	-0.037276746	-0.037786126	-5.09380000000004E-04	4.33145392437862E-07	-1424451132339.6	-1.8979106776732	0
-39.6	-0.00000000057193	-0.000000001	-0.0675586	-0.0372341075	-0.0377349422	-5.00834700000001E-04	4.40535769586252E-07	-1428057337737.93	-1.92541857336649	0
-39.7	-0.000000000572216	-0.000000001	-0.0674073	-0.0373332557	-0.037828092	-4.94836300000003E-04	4.45875939174226E-07	-1431663543136.26	-1.94384976388686	0
-39.8	-0.000000000563896	-0.000000001	-0.0674786	-0.0373006144	-0.0378117286	-5.11114199999996E-04	4.31675739003146E-07	-1435269748534.58	-1.87721378576938	0
-39.9	-0.000000000575328	-0.000000001	-0.0678165	-0.0373172475	-0.0378247483	-5.07500800000005E-04	4.34749265419873E-07	-1438875953932.91	-1.88584123230136	0
-40	-0.000000000583518	-0.000000001	-0.0679292	-0.037351593	-0.0378514331	-4.99840099999996E-04	4.41412363673907E-07	-1442482159331.24	-1.90995734281979	0
