0	0.000000000524271	-10	0.00000000002141	0	0
-0.2	-0.000000000156784	-10	1.48177E-11	0.000000001	1000000000
-0.4	-0.000000000138867	-10	2.45571E-12	0.000000001	1000000000
-0.6	-0.000000000127041	-10	-4.88758E-12	0.000000001	1000000000
-0.8	-0.000000000118315	-10	2.05278E-11	0.000000001	1000000000
-1	-0.000000000113618	-10	3.74317E-11	0.000000001	1000000000
-1.2	-0.000000000109005	-10	5.58376E-11	0.000000001	1000000000
-1.4	-0.000000000104725	-10	9.32217E-12	0.000000001	1000000000
-1.6	-0.000000000101674	-10	0.000000000034225	0.000000001	1000000000
-1.8	-9.83238E-11	-10	-3.27826E-12	0.000000001	1000000000
-2	-9.69291E-11	-10	-1.05262E-11	0.000000001	1000000000
-2.2	-9.36389E-11	-10	-9.20296E-11	0.000000001	1000000000
-2.4	-9.26256E-11	-10	-0.000000000107658	0.000000001	1000000000
-2.6	-0.000000000090456	-10	-0.000000000265539	0.000000001	1000000000
-2.8	-0.000000000135374	-10	-0.000000000432968	0.000000001	1000000000
-3	-0.000000000275362	-10	-0.000000000648534	0.000000001	1000000000
-3.2	-0.000000000550139	-10	-0.000000000627255	0.000000001	1000000000
-3.4	-0.000000000848293	-10	-0.000000000416124	0.000000001	1000000000
-3.6	-0.0000000011853	-10	-0.000000000255811	0.000000001	1000000000
-3.8	-0.00000000158261	-10	-0.000000000206184	0.000000001	1000000000
-4	-0.00000000205057	-10	-0.000000000168633	0.000000001	1000000000
-4.2	-0.00000000259299	-10	-0.000000000109375	0.000000001	1000000000
-4.4	-0.00000000321387	-10	-0.000000000157464	0.000000001	1000000000
-4.6	-0.0000000039183	-10	-5.03778E-11	0.000000001	1000000000
-4.8	-0.00000000470091	-10	-7.73311E-11	0.000000001	1000000000
-5	-0.0000000055766	-10	-0.000000000130653	0.000000001	1000000000
-5.2	-0.00000000654556	-10	-0.000000000124764	0.000000001	1000000000
-5.4	-0.00000000760526	-10	-6.24061E-11	0.000000001	1000000000
-5.6	-0.00000000877181	-10	-7.73549E-11	0.000000001	1000000000
-5.8	-0.0000000100307	-10	-6.32405E-11	0.00000000100307	996939396.054114
-6	-0.0000000114009	-10	-1.47462E-11	0.00000000114009	877123735.845416
-6.2	-0.0000000128638	-10	-7.29322E-11	0.00000000128638	777375270.137906
-6.4	-0.0000000143878	-10	-0.000000000118089	0.00000000143878	695033292.094691
-6.6	-0.0000000159845	-10	-6.21915E-11	0.00000000159845	625606055.866621
-6.8	-0.0000000176428	-10	-2.68579E-11	0.00000000176428	566803455.233863
-7	-0.0000000193415	-10	-0.000000000142491	0.00000000193415	517022981.671535
-7.2	-0.000000021116	-10	-5.21183E-11	0.0000000021116	473574540.632696
-7.4	-0.0000000229272	-10	-1.64628E-11	0.00000000229272	436163159.914861
-7.6	-0.0000000247755	-10	-0.000000000136304	0.00000000247755	403624548.445036
-7.8	-0.0000000266851	-10	-7.95484E-11	0.00000000266851	374740960.311185
-8	-0.000000028636	-10	-5.85318E-12	0.0000000028636	349210783.628998
-8.2	-0.000000030598	-10	-9.74774E-11	0.0000000030598	326818746.323289
-8.4	-0.0000000326581	-10	-8.71539E-11	0.00000000326581	306202749.088281
-8.6	-0.0000000347462	-10	-0.000000000072825	0.00000000347462	287801255.964681
-8.8	-0.0000000367902	-10	-3.56555E-11	0.00000000367902	271811515.023022
-9	-0.0000000389797	-10	-0.000000000147283	0.00000000389797	256543790.742361
-9.2	-0.0000000411304	-10	-0.000000000116992	0.00000000411304	243129169.66526
-9.4	-0.0000000433927	-10	-0.000000000054431	0.00000000433927	230453509.461269
-9.6	-0.0000000456677	-10	-0.000000000153208	0.00000000456677	218973147.322944
-9.8	-0.0000000478598	-10	-0.000000000113356	0.00000000478598	208943622.831688
-10	-0.0000000501985	-10	-4.22835E-11	0.00000000501985	199209139.71533
-10.2	-0.000000052576	-10	-7.72834E-11	0.0000000052576	190200852.099817
-10.4	-0.000000054945	-10	-0.00000000020889	0.0000000054945	182000182.000182
-10.6	-0.0000000574452	-10	-3.38078E-11	0.00000000574452	174078948.284626
-10.8	-0.0000000597852	-10	-0.000000000108278	0.00000000597852	167265477.074594
-11	-0.0000000620724	-10	-9.80377E-11	0.00000000620724	161102196.789555
-11.2	-0.0000000645056	-10	-0.000000000105882	0.00000000645056	155025300.128981
-11.4	-0.0000000668725	-10	-0.000000000132382	0.00000000668725	149538300.497215
-11.6	-0.0000000693298	-10	-0.000000000204134	0.00000000693298	144238119.82726
-11.8	-0.0000000718788	-10	-0.000000000104511	0.00000000718788	139123079.405889
-12	-0.0000000742931	-10	-0.000000000136578	0.00000000742931	134602002.070179
-12.2	-0.0000000768795	-10	-0.000000000193	0.00000000768795	130073686.74354
-12.4	-0.0000000790879	-10	-5.07236E-11	0.00000000790879	126441592.203106
-12.6	-0.0000000817471	-10	-0.000000000102484	0.00000000817471	122328498.503311
-12.8	-0.0000000840956	-10	-0.00000000021497	0.00000000840956	118912285.541693
-13	-0.0000000864155	-10	-0.000000000146317	0.00000000864155	115719980.790483
-13.2	-0.0000000891401	-10	-0.000000000170875	0.00000000891401	112182956.940816
-13.4	-0.0000000914998	-10	-0.000000000169027	0.00000000914998	109289856.371271
-13.6	-0.000000094176	-10	-0.000000000128698	0.0000000094176	106184165.817193
-13.8	-0.0000000966051	-10	-0.000000000196993	0.00000000966051	103514203.701461
-14	-0.0000000990078	-10	-0.000000000155222	0.00000000990078	101002143.26548
-14.2	-0.000000103216	-10	-0.000000000111163	0.0000000103216	96884203.9993799
-14.4	-0.000000103646	-10	-0.000000000247967	0.0000000103646	96482256.9129537
-14.6	-0.000000106039	-10	-1.81556E-11	0.0000000106039	94304925.5462613
-14.8	-0.000000108442	-10	-0.000000000100327	0.0000000108442	92215193.3752605
-15	-0.000000110774	-10	-0.000000000353253	0.0000000110774	90273890.9852493
-15.2	-0.000000112891	-10	-0.00000000026772	0.0000000112891	88581020.6305197
-15.4	-0.000000115393	-10	-0.000000000315332	0.0000000115393	86660369.3464942
-15.6	-0.000000117866	-10	-0.00000000016911	0.0000000117866	84842108.8354572
-15.8	-0.000000120058	-10	-0.000000000265455	0.0000000120058	83293075.0137434
-16	-0.000000122386	-10	-0.000000000157893	0.0000000122386	81708692.1706731
-16.2	-0.000000125211	-10	-0.00000000013231	0.0000000125211	79865187.563393
-16.4	-0.000000127713	-10	-0.000000000186205	0.0000000127713	78300564.5470704
-16.6	-0.000000130015	-10	-0.000000000285304	0.0000000130015	76914202.2074376
-16.8	-0.000000132231	-10	-0.000000000285769	0.0000000132231	75625231.6022718
-17	-0.000000134713	-10	-0.000000000267661	0.0000000134713	74231885.5641252
-17.2	-0.000000136864	-10	-0.000000000118935	0.0000000136864	73065232.6397007
-17.4	-0.00000013914	-10	-0.000000000243115	0.000000013914	71870058.9334483
-17.6	-0.000000141741	-10	-0.000000000156331	0.0000000141741	70551216.6557312
-17.8	-0.000000143987	-10	-0.00000000029918	0.0000000143987	69450714.3005966
-18	-0.000000146308	-10	-0.000000000162756	0.0000000146308	68348962.4627498
-18.2	-0.000000148535	-10	-0.000000000320256	0.0000000148535	67324199.6835763
-18.4	-0.000000150824	-10	-0.000000000197887	0.0000000150824	66302445.2341802
-18.6	-0.00000015325	-10	-0.000000000324464	0.000000015325	65252854.812398
-18.8	-0.000000155673	-10	-0.00000000015837	0.0000000155673	64237215.1882472
-19	-0.000000157872	-10	-0.000000000215507	0.0000000157872	63342454.6468025
-19.2	-0.000000160322	-10	-0.000000000428343	0.0000000160322	62374471.3763551
-19.4	-0.000000162847	-10	-0.000000000128436	0.0000000162847	61407333.2637384
-19.6	-0.000000164793	-10	-9.06229E-11	0.0000000164793	60682189.1706565
-19.8	-0.000000167082	-10	-0.000000000315523	0.0000000167082	59850851.6776194
-20	-0.000000169563	-10	-0.000000000206447	0.0000000169563	58975130.1875999
-20.2	-0.000000171743	-10	-0.000000000267267	0.0000000171743	58226536.1615903
-20.4	-0.000000173746	-10	-0.00000000013963	0.0000000173746	57555281.8482152
-20.6	-0.000000176301	-10	-0.000000000245965	0.0000000176301	56721175.7165302
-20.8	-0.00000017879	-10	-0.000000000285041	0.000000017879	55931539.7952906
-21	-0.000000180372	-10	-0.000000000383866	0.0000000180372	55440977.5353159
-21.2	-0.00000018285	-10	-0.000000000226963	0.000000018285	54689636.3139185
-21.4	-0.000000184981	-10	-0.000000000230348	0.0000000184981	54059606.1217098
-21.6	-0.000000187474	-10	-0.000000000406325	0.0000000187474	53340729.9145482
-21.8	-0.000000190041	-10	-0.000000000244749	0.0000000190041	52620224.056914
-22	-0.000000191918	-10	-0.000000000289416	0.0000000191918	52105586.7610125
-22.2	-0.000000194307	-10	-0.000000000223088	0.0000000194307	51464949.7959415
-22.4	-0.000000196713	-10	-0.000000000131655	0.0000000196713	50835481.1324112
-22.6	-0.000000198776	-10	-0.000000000221515	0.0000000198776	50307884.2516199
-22.8	-0.000000201268	-10	-0.000000000328374	0.0000000201268	49684997.1182702
-23	-0.000000203161	-10	-0.000000000239766	0.0000000203161	49222045.5697698
-23.2	-0.000000205445	-10	-0.000000000212681	0.0000000205445	48674827.8127966
-23.4	-0.000000207527	-10	-0.000000000207651	0.0000000207527	48186501.0336005
-23.6	-0.000000210325	-10	-0.00000000019896	0.0000000210325	47545465.3512421
-23.8	-0.000000211912	-10	-0.000000000321996	0.0000000211912	47189399.3733248
-24	-0.000000213355	-10	-0.000000000442183	0.0000000213355	46870239.7412763
-24.2	-0.000000215685	-10	-0.00000000042088	0.0000000215685	46363910.3321974
-24.4	-0.000000218356	-10	-0.000000000276947	0.0000000218356	45796772.2434923
-24.6	-0.000000220397	-10	-0.000000000390279	0.0000000220397	45372668.412002
-24.8	-0.00000022182	-10	-0.000000000347424	0.000000022182	45081597.6918222
-25	-0.000000224344	-10	-0.000000000322795	0.0000000224344	44574403.5944799
-25.2	-0.00000022654	-10	-0.000000000246084	0.000000022654	44142314.8229893
-25.4	-0.000000229038	-10	-0.000000000268328	0.0000000229038	43660877.2343454
-25.6	-0.000000231209	-10	-0.000000000282276	0.0000000231209	43250911.5129601
-25.8	-0.000000233145	-10	-0.000000000370145	0.0000000233145	42891762.6369856
-26	-0.000000235919	-10	-0.000000000311255	0.0000000235919	42387429.5838826
-26.2	-0.000000238067	-10	-0.000000000161874	0.0000000238067	42004981.7908404
-26.4	-0.000000239369	-10	-0.000000000215769	0.0000000239369	41776504.0585874
-26.6	-0.000000242068	-10	-0.000000000242925	0.0000000242068	41310706.0825884
-26.8	-0.000000244622	-10	-0.00000000035603	0.0000000244622	40879397.601197
-27	-0.000000246442	-10	-0.000000000532651	0.0000000246442	40577498.9652738
-27.2	-0.000000248689	-10	-0.000000000409639	0.0000000248689	40210865.7801511
-27.4	-0.000000250406	-10	-0.000000000380611	0.0000000250406	39935145.3239938
-27.6	-0.000000252375	-10	-0.000000000342333	0.0000000252375	39623576.0277365
-27.8	-0.000000254476	-10	-0.000000000576568	0.0000000254476	39296436.5991292
-28	-0.00000025751	-10	-0.000000000168467	0.000000025751	38833443.3614229
-28.2	-0.0000002595	-10	-0.000000000286758	0.00000002595	38535645.4720617
-28.4	-0.00000026153	-10	-0.000000000429177	0.000000026153	38236531.1818912
-28.6	-0.000000263169	-10	-0.000000000415361	0.0000000263169	37998396.4676691
-28.8	-0.000000265444	-10	-0.000000000191689	0.0000000265444	37672729.4645952
-29	-0.000000267323	-10	-0.00000000033648	0.0000000267323	37407929.7329448
-29.2	-0.000000269075	-10	-0.000000000362694	0.0000000269075	37164359.3793552
-29.4	-0.000000271221	-10	-0.000000000691807	0.0000000271221	36870301.3409729
-29.6	-0.000000273068	-10	-0.000000000530636	0.0000000273068	36620914.9369388
-29.8	-0.000000275393	-10	-0.000000000121582	0.0000000275393	36311743.5809915
-30	-0.0000002785	-10	-0.000000000247383	0.00000002785	35906642.7289048
-30.2	-0.000000280366	-10	-0.000000000447619	0.0000000280366	35667662.983386
-30.4	-0.000000282513	-10	-0.000000000402045	0.0000000282513	35396601.218351
-30.6	-0.000000284765	-10	-0.000000000271988	0.0000000284765	35116675.1531965
-30.8	-0.000000286645	-10	-0.000000000473452	0.0000000286645	34886357.6898254
-31	-0.000000289179	-10	-0.000000000250244	0.0000000289179	34580657.6549473
-31.2	-0.000000290872	-10	-0.000000000491893	0.0000000290872	34379383.3713799
-31.4	-0.000000292199	-10	-0.00000000050956	0.0000000292199	34223251.9618479
-31.6	-0.000000295265	-10	-0.000000000319433	0.0000000295265	33867881.3946794
-31.8	-0.0000002986	-10	-0.000000000228441	0.00000002986	33489618.2183523
-32	-0.000000299249	-10	-0.000000000216508	0.0000000299249	33416987.1912688
-32.2	-0.000000301328	-10	-0.000000000217402	0.0000000301328	33186428.0783731
-32.4	-0.000000303991	-10	-0.000000000293148	0.0000000303991	32895710.7282781
-32.6	-0.000000306045	-10	-0.000000000510025	0.0000000306045	32674933.4248232
-32.8	-0.000000308127	-10	-0.000000000242591	0.0000000308127	32454150.3990238
-33	-0.000000309926	-10	-0.000000000409019	0.0000000309926	32265766.6668818
-33.2	-0.00000031242	-10	-0.000000000358224	0.000000031242	32008194.097689
-33.4	-0.000000313614	-10	-0.000000000201535	0.0000000313614	31886331.6050942
-33.6	-0.000000315857	-10	-0.000000000511205	0.0000000315857	31659896.7254169
-33.8	-0.000000317427	-10	-0.000000000504696	0.0000000317427	31503306.2719933
-34	-0.000000319883	-10	-0.000000000431252	0.0000000319883	31261429.9603292
-34.2	-0.000000321875	-10	-0.000000000510323	0.0000000321875	31067961.1650485
-34.4	-0.000000324079	-10	-0.000000000402653	0.0000000324079	30856673.8357006
-34.6	-0.000000325595	-10	-0.000000000390828	0.0000000325595	30713002.3495447
-34.8	-0.00000032847	-10	-0.000000000567031	0.000000032847	30444180.5948793
-35	-0.00000033041	-10	-0.000000000427604	0.000000033041	30265427.801822
-35.2	-0.000000332981	-10	-0.00000000037123	0.0000000332981	30031743.5529355
-35.4	-0.000000333952	-10	-0.000000000286734	0.0000000333952	29944423.1506324
-35.6	-0.000000336122	-10	-0.000000000331974	0.0000000336122	29751102.2783394
-35.8	-0.000000338575	-10	-0.000000000401068	0.0000000338575	29535553.4224323
-36	-0.000000341416	-10	-0.000000000211895	0.0000000341416	29289781.3810718
-36.2	-0.00000034213	-10	-0.000000000256681	0.000000034213	29228655.7741209
-36.4	-0.000000344365	-10	-0.000000000585687	0.0000000344365	29038955.7591509
-36.6	-0.000000346875	-10	-0.0000000005059	0.0000000346875	28828828.8288288
-36.8	-0.00000034865	-10	-0.000000000232494	0.000000034865	28682059.3718629
-37	-0.000000350775	-10	-0.00000000058887	0.0000000350775	28508303.0432613
-37.2	-0.000000352962	-10	-0.000000000700462	0.0000000352962	28331661.7652892
-37.4	-0.000000355399	-10	-0.000000000504005	0.0000000355399	28137389.2442016
-37.6	-0.000000357393	-10	-0.000000000426865	0.0000000357393	27980402.5260707
-37.8	-0.000000358861	-10	-0.000000000351107	0.0000000358861	27865942.523707
-38	-0.00000036166	-10	-0.000000000433171	0.000000036166	27650279.2678206
-38.2	-0.000000363331	-10	-0.000000000342453	0.0000000363331	27523112.5337502
-38.4	-0.000000366248	-10	-0.000000000181472	0.0000000366248	27303903.3660252
-38.6	-0.00000036831	-10	-0.000000000563252	0.000000036831	27151041.2424316
-38.8	-0.000000370275	-10	-0.000000000483489	0.0000000370275	27006954.2907299
-39	-0.000000372457	-10	-0.000000000637865	0.0000000372457	26848736.9011725
-39.2	-0.000000374628	-10	-0.000000000561714	0.0000000374628	26693146.2677643
-39.4	-0.000000376942	-10	-0.000000000415301	0.0000000376942	26529280.3667408
-39.6	-0.000000379794	-10	-0.000000000573552	0.0000000379794	26330063.1394914
-39.8	-0.000000380163	-10	-0.000000000286043	0.0000000380163	26304506.2249614
-40	-0.000000382945	-10	-0.000000000795054	0.0000000382945	26113410.5419838
