0	0.000000000179005	-20	0.000000000101602	0	0
-0.2	-0.000000000288391	-20	5.22375E-11	0.000000001	1000000000
-0.4	-0.000000000256443	-20	4.65035E-11	0.000000001	1000000000
-0.6	-0.000000000238848	-20	0.000000000147736	0.000000001	1000000000
-0.8	-0.000000000224197	-20	8.53538E-11	0.000000001	1000000000
-1	-0.000000000209725	-20	0.00000000018692	0.000000001	1000000000
-1.2	-0.000000000201774	-20	0.000000000165355	0.000000001	1000000000
-1.4	-0.000000000198162	-20	0.000000000142252	0.000000001	1000000000
-1.6	-0.000000000188661	-20	8.34465E-14	0.000000001	1000000000
-1.8	-0.000000000184762	-20	0.000000000140142	0.000000001	1000000000
-2	-0.000000000178969	-20	0.000000000104785	0.000000001	1000000000
-2.2	-0.000000000178325	-20	-4.14252E-11	0.000000001	1000000000
-2.4	-0.00000000017693	-20	-9.64403E-12	0.000000001	1000000000
-2.6	-0.00000000017544	-20	-0.000000000225937	0.000000001	1000000000
-2.8	-0.000000000172389	-20	-0.000000000380993	0.000000001	1000000000
-3	-0.000000000306702	-20	-0.000000000579429	0.000000001	1000000000
-3.2	-0.000000000544333	-20	-0.000000000602889	0.000000001	1000000000
-3.4	-0.000000000824869	-20	-0.000000000512934	0.000000001	1000000000
-3.6	-0.00000000114951	-20	-0.000000000299251	0.000000001	1000000000
-3.8	-0.00000000153247	-20	-0.000000000231802	0.000000001	1000000000
-4	-0.0000000019837	-20	-0.000000000135827	0.000000001	1000000000
-4.2	-0.00000000251061	-20	-2.78234E-11	0.000000001	1000000000
-4.4	-0.00000000311769	-20	-1.10507E-11	0.000000001	1000000000
-4.6	-0.00000000380486	-20	-0.000000000123894	0.000000001	1000000000
-4.8	-0.00000000458825	-20	-0.000000000018537	0.000000001	1000000000
-5	-0.00000000544969	-20	3.83377E-11	0.000000001	1000000000
-5.2	-0.0000000063961	-20	-9.56535E-11	0.000000001	1000000000
-5.4	-0.00000000744898	-20	-7.51019E-13	0.000000001	1000000000
-5.6	-0.00000000858105	-20	4.17113E-11	0.000000001	1000000000
-5.8	-0.00000000981401	-20	-9.02891E-11	0.000000001	1000000000
-6	-0.0000000111565	-20	-1.07288E-13	0.000000001	1000000000
-6.2	-0.0000000125814	-20	4.23431E-11	0.000000001	1000000000
-6.4	-0.0000000141085	-20	-0.000000000097692	0.000000001	1000000000
-6.6	-0.0000000157241	-20	2.15769E-12	0.000000001	1000000000
-6.8	-0.0000000173999	-20	3.07679E-11	0.000000001	1000000000
-7	-0.00000001913	-20	-0.00000000010978	0.000000001	1000000000
-7.2	-0.0000000209153	-20	-0.000000000012815	0.000000001045765	956237778.085899
-7.4	-0.000000022745	-20	9.71556E-12	0.00000000113725	879314134.97472
-7.6	-0.0000000246418	-20	-0.000000000105715	0.00000000123209	811629020.607261
-7.8	-0.0000000265985	-20	-9.03606E-12	0.000000001329925	751922100.87035
-8	-0.0000000285578	-20	1.79172E-11	0.00000000142789	700334059.346308
-8.2	-0.000000030586	-20	-0.000000000127935	0.0000000015293	653893938.403191
-8.4	-0.0000000327254	-20	-2.37584E-11	0.00000000163627	611146082.24804
-8.6	-0.0000000349171	-20	2.74539E-11	0.000000001745855	572785254.216415
-8.8	-0.000000037156	-20	-0.000000000149834	0.0000000018578	538271073.31252
-9	-0.0000000394075	-20	-3.97563E-11	0.000000001970375	507517604.516907
-9.2	-0.0000000417505	-20	1.10626E-11	0.000000002087525	479036179.207435
-9.4	-0.000000044049	-20	-0.000000000157666	0.00000000220245	454039819.292152
-9.6	-0.0000000465055	-20	-6.59227E-12	0.000000002325275	430056659.96495
-9.8	-0.0000000490237	-20	2.34842E-11	0.000000002451185	407965943.003078
-10	-0.0000000515423	-20	-0.000000000120771	0.000000002577115	388030801.885054
-10.2	-0.0000000541126	-20	-2.64168E-11	0.00000000270563	369599686.579466
-10.4	-0.0000000567517	-20	2.89083E-11	0.000000002837585	352412350.643241
-10.6	-0.0000000594547	-20	-0.0000000001297	0.000000002972735	336390562.899148
-10.8	-0.0000000622058	-20	-0.000000000068593	0.00000000311029	321513428.008321
-11	-0.0000000651194	-20	5.64337E-11	0.00000000325597	307128136.930009
-11.2	-0.00000006787	-20	-0.000000000101066	0.0000000033935	294681007.809047
-11.4	-0.0000000708898	-20	-0.000000000122297	0.00000000354449	282128035.345
-11.6	-0.0000000739019	-20	4.54187E-11	0.000000003695095	270629036.601224
-11.8	-0.0000000769505	-20	-3.78251E-11	0.000000003847525	259907343.032209
-12	-0.0000000799405	-20	-0.000000000154746	0.000000003997025	250186075.893946
-12.2	-0.000000083072	-20	3.21507E-11	0.0000000041536	240755007.70416
-12.4	-0.0000000863317	-20	-0.000000000109947	0.000000004316585	231664614.50429
-12.6	-0.0000000896162	-20	-0.000000000195456	0.00000000448081	223173935.069775
-12.8	-0.0000000928805	-20	3.11255E-11	0.000000004644025	215330451.494124
-13	-0.0000000961774	-20	-0.000000000206077	0.00000000480887	207949060.798067
-13.2	-0.0000000995824	-20	-0.000000000149858	0.00000000497912	200838702.421311
-13.4	-0.000000105097	-20	-8.38757E-11	0.00000000525485	190300389.164296
-13.6	-0.000000106207	-20	-0.00000000011903	0.00000000531035	188311504.891391
-13.8	-0.000000109701	-20	-0.000000000221443	0.00000000548505	182313743.72157
-14	-0.000000113318	-20	-8.80957E-11	0.0000000056659	176494466.898463
-14.2	-0.000000116901	-20	-5.32985E-11	0.00000000584505	171084935.116038
-14.4	-0.000000120691	-20	-0.00000000021621	0.00000000603455	165712439.204249
-14.6	-0.000000124207	-20	-5.94974E-11	0.00000000621035	161021520.526218
-14.8	-0.000000128063	-20	-4.68731E-11	0.00000000640315	156173133.535838
-15	-0.000000132076	-20	-0.000000000214887	0.0000000066038	151427965.716709
-15.2	-0.000000136046	-20	-0.000000000186396	0.0000000068023	147009099.863282
-15.4	-0.000000139928	-20	-4.24743E-11	0.0000000069964	142930650.048596
-15.6	-0.000000143836	-20	-0.000000000217235	0.0000000071918	139047248.254957
-15.8	-0.00000014795	-20	-8.49843E-11	0.0000000073975	135180804.325786
-16	-0.000000152057	-20	-0.000000000262094	0.00000000760285	131529623.759511
-16.2	-0.000000156339	-20	-0.000000000148797	0.00000000781695	127927132.705211
-16.4	-0.000000160835	-20	-0.000000000170362	0.00000000804175	124351042.994373
-16.6	-0.00000016508	-20	-0.000000000038147	0.000000008254	121153380.179307
-16.8	-0.000000169371	-20	-0.000000000268626	0.00000000846855	118083969.510719
-17	-0.00000017363	-20	-0.000000000217736	0.0000000086815	115187467.603525
-17.2	-0.00000017821	-20	-1.68443E-11	0.0000000089105	112227147.74704
-17.4	-0.000000182831	-20	-0.000000000162148	0.00000000914155	109390639.442983
-17.6	-0.000000187143	-20	-0.000000000250173	0.00000000935715	106870147.427368
-17.8	-0.000000191716	-20	8.37684E-11	0.0000000095858	104320974.775188
-18	-0.000000196239	-20	-0.00000000027411	0.00000000981195	101916540.544948
-18.2	-0.000000201187	-20	-0.00000000024271	0.00000001005935	99410001.640265
-18.4	-0.000000205773	-20	-6.07014E-11	0.00000001028865	97194481.2973519
-18.6	-0.000000210255	-20	9.00388E-11	0.00000001051275	95122589.236879
-18.8	-0.000000215282	-20	-0.000000000190079	0.0000000107641	92901403.7402105
-19	-0.000000220023	-20	-0.000000000177574	0.00000001100115	90899587.7703695
-19.2	-0.000000224648	-20	-0.000000000210321	0.0000000112324	89028168.5125174
-19.4	-0.000000229837	-20	-8.77023E-11	0.00000001149185	87018191.1528605
-19.6	-0.000000234192	-20	-0.000000000266993	0.0000000117096	85400013.6640022
-19.8	-0.000000239988	-20	-0.000000000138867	0.0000000119994	83337500.2083437
-20	-0.000000244287	-20	-4.51446E-11	0.00000001221435	81870914.1296917
-20.2	-0.000000249974	-20	-0.000000000445974	0.0000000124987	80008320.86537
-20.4	-0.000000254304	-20	-0.000000000165105	0.0000000127152	78646029.9484082
-20.6	-0.000000259867	-20	-5.43714E-11	0.00000001299335	76962446.1743892
-20.8	-0.000000264797	-20	-0.000000000276315	0.00000001323985	75529556.603738
-21	-0.000000269425	-20	-0.000000000273478	0.00000001347125	74232161.0837895
-21.2	-0.000000274716	-20	-3.38674E-11	0.0000000137358	72802457.8109757
-21.4	-0.000000280232	-20	-0.000000000312889	0.0000000140116	71369436.7524052
-21.6	-0.000000285168	-20	-0.00000000031966	0.0000000142584	70134096.3923021
-21.8	-0.000000290249	-20	-0.000000000100017	0.00000001451245	68906352.8211983
-22	-0.000000295451	-20	-0.000000000122631	0.00000001477255	67693120.0097478
-22.2	-0.000000300269	-20	-0.000000000213552	0.00000001501345	66606942.4416107
-22.4	-0.000000305736	-20	-0.000000000354779	0.0000000152868	65415914.3836513
-22.6	-0.000000311192	-20	-0.000000000186789	0.0000000155596	64269004.3445847
-22.8	-0.000000316045	-20	-8.74043E-11	0.00000001580225	63282127.5451281
-23	-0.000000320995	-20	-0.000000000318074	0.00000001604975	62306266.4527485
-23.2	-0.000000326381	-20	-0.000000000149	0.00000001631905	61278076.8488362
-23.4	-0.000000331756	-20	-0.00000000030936	0.0000000165878	60285269.8971533
-23.6	-0.000000336717	-20	-0.000000000132191	0.00000001683585	59397060.4394789
-23.8	-0.000000341581	-20	-0.00000000032984	0.00000001707905	58551266.0247496
-24	-0.000000346673	-20	-0.00000000015291	0.00000001733365	57691253.7174802
-24.2	-0.000000351224	-20	-0.000000000157654	0.0000000175612	56943716.8302849
-24.4	-0.000000356799	-20	-0.000000000278461	0.00000001783995	56053968.7611232
-24.6	-0.000000362222	-20	-0.000000000339329	0.0000000181111	55214757.8004649
-24.8	-0.000000367173	-20	-0.000000000238204	0.00000001835865	54470236.1012384
-25	-0.000000372061	-20	-0.000000000270963	0.00000001860305	53754626.2575223
-25.2	-0.000000377662	-20	-0.000000000188851	0.0000000188831	52957406.3580662
-25.4	-0.000000382576	-20	-8.17776E-11	0.0000000191288	52277194.5966292
-25.6	-0.000000387619	-20	-0.0000000003497	0.00000001938095	51597057.9357565
-25.8	-0.000000392651	-20	-0.000000000228703	0.00000001963255	50935818.3221232
-26	-0.000000398	-20	-0.000000000370204	0.0000000199	50251256.281407
-26.2	-0.000000402902	-20	-0.00000000044508	0.0000000201451	49639862.7954192
-26.4	-0.000000408342	-20	-0.000000000335503	0.0000000204171	48978552.2919514
-26.6	-0.000000413741	-20	-0.000000000441265	0.00000002068705	48339420.0719774
-26.8	-0.000000419159	-20	-0.000000000452495	0.00000002095795	47714590.4060273
-27	-0.000000424146	-20	-0.000000000147557	0.0000000212073	47153574.4767132
-27.2	-0.00000042896	-20	-0.000000000197065	0.000000021448	46624393.8828795
-27.4	-0.000000433993	-20	-0.000000000489187	0.00000002169965	46083692.5941202
-27.6	-0.00000043916	-20	-0.000000000346613	0.000000021958	45541488.2958375
-27.8	-0.000000444212	-20	-0.000000000169694	0.0000000222106	45023547.3152459
-28	-0.000000449499	-20	-0.000000000426686	0.00000002247495	44493981.0767098
-28.2	-0.000000454653	-20	-0.000000000247979	0.00000002273265	43989592.062518
-28.4	-0.000000460072	-20	-0.000000000247395	0.0000000230036	43471456.6415691
-28.6	-0.000000464448	-20	-0.000000000522637	0.0000000232224	43061871.2966791
-28.8	-0.000000469709	-20	-0.000000000076437	0.00000002348545	42579554.5752796
-29	-0.000000475106	-20	-0.000000000627816	0.0000000237553	42095869.132362
-29.2	-0.000000480365	-20	-0.000000000196278	0.00000002401825	41635006.7136448
-29.4	-0.000000485059	-20	-0.000000000209308	0.00000002425295	41232097.5386499
-29.6	-0.000000490672	-20	-0.000000000448072	0.0000000245336	40760426.5171031
-29.8	-0.000000495792	-20	-0.000000000378668	0.0000000247896	40339497.2085068
-30	-0.00000050087	-20	-0.000000000247598	0.0000000250435	39930520.8936451
-30.2	-0.000000506024	-20	-0.000000000530398	0.0000000253012	39523817.0521556
-30.4	-0.000000511921	-20	4.76956E-11	0.00000002559605	39068528.1518047
-30.6	-0.000000516721	-20	-0.000000000476468	0.00000002583605	38705607.0877708
-30.8	-0.000000521876	-20	-0.000000000534034	0.0000000260938	38323279.8595835
-31	-0.000000526277	-20	-0.000000000399113	0.00000002631385	38002800.8064194
-31.2	-0.0000005317	-20	-0.000000000465989	0.000000026585	37615196.5394019
-31.4	-0.000000537815	-20	-0.000000000127125	0.00000002689075	37187508.7158224
-31.6	-0.000000542774	-20	7.00831E-11	0.0000000271387	36847748.7867879
-31.8	-0.00000054718	-20	-0.000000000339878	0.000000027359	36551043.5322928
-32	-0.000000552907	-20	-0.000000000531995	0.00000002764535	36172448.5311273
-32.2	-0.000000557458	-20	-0.000000000351262	0.0000000278729	35877142.3138604
-32.4	-0.000000563119	-20	-0.000000000411236	0.00000002815595	35516471.6516402
-32.6	-0.000000568371	-20	-0.000000000275815	0.00000002841855	35188283.7090562
-32.8	-0.000000572441	-20	-0.000000000407827	0.00000002862205	34938098.4241171
-33	-0.000000577314	-20	-0.000000000347531	0.0000000288657	34643192.4394697
-33.2	-0.000000583332	-20	-0.000000000448382	0.0000000291666	34285792.6532403
-33.4	-0.000000588628	-20	-0.000000000292242	0.0000000294314	33977316.7433421
-33.6	-0.000000592769	-20	-0.000000000359833	0.00000002963845	33739956.0368373
-33.8	-0.00000059973	-20	-0.000000000399423	0.0000000299865	33348340.0863722
-34	-0.000000603935	-20	-9.93371E-11	0.00000003019675	33116146.605181
-34.2	-0.00000060976	-20	-0.00000000051136	0.000000030488	32799790.0813435
-34.4	-0.000000614091	-20	-0.000000000394046	0.00000003070455	32568462.9802423
-34.6	-0.000000619422	-20	-0.000000000654197	0.0000000309711	32288165.4187291
-34.8	-0.000000624928	-20	-0.000000000311375	0.0000000312464	32003686.8247222
-35	-0.000000628772	-20	-0.000000000562215	0.0000000314386	31808032.1642821
-35.2	-0.000000633943	-20	-0.000000000484681	0.00000003169715	31548577.7112453
-35.4	-0.000000639276	-20	-0.000000000385427	0.0000000319638	31285391.5992466
-35.6	-0.000000644777	-20	-0.000000000514603	0.00000003223885	31018476.1553219
-35.8	-0.000000649855	-20	-0.000000000808895	0.00000003249275	30776096.2060767
-36	-0.000000656791	-20	-0.000000000500524	0.00000003283955	30451087.17994
-36.2	-0.000000661563	-20	-0.000000000298536	0.00000003307815	30231436.7641479
-36.4	-0.000000665772	-20	-0.000000000474989	0.0000000332886	30040314.1015242
-36.6	-0.000000670348	-20	-0.000000000569701	0.0000000335174	29835249.7508757
-36.8	-0.000000676811	-20	-0.000000000352955	0.00000003384055	29550347.1427031
-37	-0.000000682331	-20	-0.000000000580454	0.00000003411655	29311287.3370842
-37.2	-0.000000687745	-20	-0.000000000392199	0.00000003438725	29080545.8418455
-37.4	-0.000000692308	-20	-0.000000000670934	0.0000000346154	28888876.0493884
-37.6	-0.000000698226	-20	-0.000000000120103	0.0000000349113	28644020.7038982
-37.8	-0.000000703651	-20	-0.000000000719857	0.00000003518255	28423181.3782685
-38	-0.000000709112	-20	-0.000000000357413	0.0000000354556	28204289.308318
-38.2	-0.00000071384	-20	7.67708E-12	0.000000035692	28017482.9093354
-38.4	-0.000000720094	-20	-0.000000000218511	0.0000000360047	27774151.7079715
-38.6	-0.000000724827	-20	5.64814E-11	0.00000003624135	27592791.1073953
-38.8	-0.000000730647	-20	-0.000000000520813	0.00000003653235	27372999.5469769
-39	-0.000000736084	-20	-0.000000000272691	0.0000000368042	27170812.0268882
-39.2	-0.00000074041	-20	-0.000000000681424	0.0000000370205	27012060.8851852
-39.4	-0.000000745614	-20	-0.000000000674212	0.0000000372807	26823530.6740485
-39.6	-0.000000750274	-20	-0.000000000435865	0.0000000375137	26656928.0023032
-39.8	-0.000000755492	-20	-0.00000000069207	0.0000000377746	26472815.0662085
-40	-0.000000762243	-20	-0.000000000590467	0.00000003811215	26238351.8116926
