0	0.000000000398147	-15	0.000000000111806	0	0
-0.2	-0.000000000222158	-15	7.80463E-11	0.000000001	1000000000
-0.4	-0.000000000193226	-15	6.52194E-11	0.000000001	1000000000
-0.6	-0.00000000017724	-15	6.17504E-11	0.000000001	1000000000
-0.8	-0.000000000166929	-15	6.17146E-11	0.000000001	1000000000
-1	-0.000000000161302	-15	0.000000000119364	0.000000001	1000000000
-1.2	-0.000000000151575	-15	-3.63708E-11	0.000000001	1000000000
-1.4	-0.000000000145972	-15	6.96301E-11	0.000000001	1000000000
-1.6	-0.0000000001423	-15	8.09669E-11	0.000000001	1000000000
-1.8	-0.000000000139368	-15	8.02994E-11	0.000000001	1000000000
-2	-0.000000000135922	-15	0.000000000081706	0.000000001	1000000000
-2.2	-0.000000000133002	-15	7.36237E-11	0.000000001	1000000000
-2.4	-0.000000000130272	-15	2.27213E-11	0.000000001	1000000000
-2.6	-0.000000000129533	-15	-0.000000000116503	0.000000001	1000000000
-2.8	-0.000000000148666	-15	-0.000000000320494	0.000000001	1000000000
-3	-0.000000000287867	-15	-0.000000000497603	0.000000001	1000000000
-3.2	-0.000000000484014	-15	-0.000000000527155	0.000000001	1000000000
-3.4	-0.000000000776112	-15	-0.000000000360298	0.000000001	1000000000
-3.6	-0.00000000109342	-15	-0.000000000339937	0.000000001	1000000000
-3.8	-0.00000000147178	-15	-0.000000000261998	0.000000001	1000000000
-4	-0.00000000192021	-15	-0.000000000184619	0.000000001	1000000000
-4.2	-0.00000000244714	-15	-3.75986E-11	0.000000001	1000000000
-4.4	-0.00000000303922	-15	-0.000000000190401	0.000000001	1000000000
-4.6	-0.00000000372827	-15	-1.88351E-11	0.000000001	1000000000
-4.8	-0.00000000449413	-15	-0.000000000139856	0.000000001	1000000000
-5	-0.00000000535402	-15	-5.38945E-11	0.000000001	1000000000
-5.2	-0.00000000630367	-15	-2.24471E-11	0.000000001	1000000000
-5.4	-0.00000000734609	-15	-0.000000000055182	0.000000001	1000000000
-5.6	-0.00000000846987	-15	-0.000000000034368	0.000000001	1000000000
-5.8	-0.00000000971559	-15	2.14696E-11	0.000000001	1000000000
-6	-0.0000000110543	-15	-0.000000000131083	0.000000001	1000000000
-6.2	-0.0000000124652	-15	-4.28915E-11	0.000000001	1000000000
-6.4	-0.000000013962	-15	1.97172E-11	0.000000001	1000000000
-6.6	-0.0000000155377	-15	-0.000000000151038	1.03584666666667E-09	965393848.510397
-6.8	-0.0000000171283	-15	-5.74589E-12	1.14188666666667E-09	875743652.318094
-7	-0.0000000187896	-15	-0.000000000136316	0.00000000125264	798313960.914549
-7.2	-0.0000000204863	-15	3.27945E-11	1.36575333333333E-09	732196638.729297
-7.4	-0.0000000222415	-15	-0.00000000011456	1.48276666666667E-09	674414945.035182
-7.6	-0.0000000240272	-15	-0.000000000150108	1.60181333333333E-09	624292468.53566
-7.8	-0.0000000258979	-15	-5.18322E-11	1.72652666666667E-09	579197541.113372
-8	-0.0000000278277	-15	-7.69496E-11	0.00000000185518	539031253.032051
-8.2	-0.0000000298305	-15	-7.41482E-11	0.0000000019887	502841051.943481
-8.4	-0.0000000318343	-15	-3.80516E-11	2.12228666666667E-09	471189880.097882
-8.6	-0.0000000339532	-15	-0.000000000164378	2.26354666666667E-09	441784574.060766
-8.8	-0.0000000360797	-15	-1.11938E-11	2.40531333333333E-09	415746250.661729
-9	-0.0000000382873	-15	1.59979E-11	2.55248666666667E-09	391774818.28178
-9.2	-0.0000000406171	-15	-0.000000000191772	2.70780666666667E-09	369302584.379485
-9.4	-0.0000000429295	-15	-0.000000000081718	2.86196666666667E-09	349410079.316088
-9.6	-0.000000045313	-15	1.0848E-12	3.02086666666667E-09	331030830.004634
-9.8	-0.0000000477728	-15	-0.000000000168252	3.18485333333333E-09	313986201.353071
-10	-0.000000050209	-15	-4.19855E-11	3.34726666666667E-09	298751219.900815
-10.2	-0.0000000526994	-15	-0.000000000121391	3.51329333333333E-09	284633221.630607
-10.4	-0.0000000553378	-15	-7.39098E-11	3.68918666666667E-09	271062456.404122
-10.6	-0.0000000580158	-15	-9.34482E-11	0.00000000386772	258550256.998955
-10.8	-0.0000000606599	-15	-0.000000000160062	4.04399333333333E-09	247280328.520159
-11	-0.000000063517	-15	-0.000000000025034	4.23446666666667E-09	236157249.240361
-11.2	-0.0000000663127	-15	-0.000000000052774	4.42084666666667E-09	226201014.285348
-11.4	-0.000000069128	-15	-0.000000000132394	4.60853333333333E-09	216988774.447402
-11.6	-0.0000000720687	-15	-0.00000000012275	0.00000000480458	208134738.104059
-11.8	-0.0000000749906	-15	-7.84993E-11	4.99937333333333E-09	200025069.808749
-12	-0.0000000780702	-15	-7.06792E-11	0.00000000520468	192134771.01378
-12.2	-0.0000000811483	-15	-0.00000000010078	5.40988666666667E-09	184846755.877819
-12.4	-0.0000000841486	-15	-0.000000000130498	5.60990666666667E-09	178256085.068557
-12.6	-0.0000000873152	-15	-0.000000000181401	5.82101333333333E-09	171791394.854504
-12.8	-0.0000000904927	-15	-0.000000000173211	6.03284666666667E-09	165759226.98737
-13	-0.0000000937105	-15	-4.34637E-11	6.24736666666667E-09	160067441.74879
-13.2	-0.0000000968924	-15	-0.000000000200486	6.45949333333333E-09	154810903.641565
-13.4	-0.000000101926	-15	-7.35641E-11	6.79506666666667E-09	147165590.722681
-13.6	-0.0000001032	-15	-0.00000000015986	0.00000000688	145348837.209302
-13.8	-0.000000106657	-15	-0.000000000123513	7.11046666666667E-09	140637745.295667
-14	-0.000000110313	-15	-0.00000000021584	0.0000000073542	135976720.785402
-14.2	-0.000000113612	-15	1.42217E-11	7.57413333333333E-09	132028306.868993
-14.4	-0.000000117216	-15	-0.000000000194788	0.0000000078144	127968877.968878
-14.6	-0.000000120661	-15	-0.00000000015682	8.04406666666667E-09	124315230.273245
-14.8	-0.000000124177	-15	-0.000000000233614	8.27846666666667E-09	120795316.362934
-15	-0.000000127867	-15	-0.000000000272048	8.52446666666667E-09	117309391.789907
-15.2	-0.000000131344	-15	-2.74658E-11	8.75626666666667E-09	114203922.524059
-15.4	-0.000000134993	-15	-0.000000000157583	8.99953333333333E-09	111116872.726734
-15.6	-0.00000013877	-15	-0.000000000214005	9.25133333333333E-09	108092527.203286
-15.8	-0.000000142453	-15	-0.000000000166595	9.49686666666667E-09	105297887.724372
-16	-0.00000014622	-15	-0.000000000289488	0.000000009748	102585145.670907
-16.2	-0.000000149905	-15	-1.86801E-11	9.99366666666667E-09	100063373.469864
-16.4	-0.000000153523	-15	-0.000000000313985	1.02348666666667E-08	97705229.835269
-16.6	-0.00000015736	-15	-3.25441E-11	1.04906666666667E-08	95322826.6395526
-16.8	-0.000000161246	-15	-0.000000000285137	1.07497333333333E-08	93025563.4248292
-17	-0.000000165042	-15	-2.44498E-11	0.0000000110028	90885956.3020322
-17.2	-0.000000168956	-15	-1.84417E-11	1.12637333333333E-08	88780510.9022467
-17.4	-0.000000172683	-15	-0.000000000342488	0.0000000115122	86864369.9727246
-17.6	-0.000000176588	-15	-0.000000000138688	1.17725333333333E-08	84943484.2684667
-17.8	-0.000000180394	-15	-0.000000000175941	1.20262666666667E-08	83151324.3234254
-18	-0.000000184019	-15	-0.000000000112331	1.22679333333333E-08	81513321.9939245
-18.2	-0.000000187849	-15	-0.000000000255775	1.25232666666667E-08	79851369.9833377
-18.4	-0.00000019177	-15	-7.28488E-11	1.27846666666667E-08	78218699.4837566
-18.6	-0.000000195515	-15	-0.000000000170207	1.30343333333333E-08	76720456.2309797
-18.8	-0.000000199413	-15	-0.000000000333488	0.0000000132942	75220772.968663
-19	-0.000000203036	-15	-0.000000000267756	1.35357333333333E-08	73878524.0055951
-19.2	-0.000000206836	-15	-0.000000000204468	1.37890666666667E-08	72521224.5450502
-19.4	-0.00000021034	-15	-0.00000000016048	1.40226666666667E-08	71313112.1042122
-19.6	-0.000000214157	-15	-0.000000000246441	1.42771333333333E-08	70042071.9378774
-19.8	-0.000000217593	-15	-0.000000000215173	0.0000000145062	68936041.1410293
-20	-0.000000221395	-15	-0.000000000425816	1.47596666666667E-08	67752207.5927641
-20.2	-0.000000225192	-15	-0.000000000283444	0.0000000150128	66609826.2815731
-20.4	-0.000000228845	-15	-0.000000000222099	1.52563333333333E-08	65546548.9741965
-20.6	-0.000000232472	-15	-0.000000000133193	1.54981333333333E-08	64523899.6524313
-20.8	-0.000000236185	-15	-0.000000000137234	1.57456666666667E-08	63509537.0154752
-21	-0.000000239684	-15	-0.000000000226188	1.59789333333333E-08	62582400.1602109
-21.2	-0.000000243516	-15	-0.000000000377309	0.0000000162344	61597595.2298822
-21.4	-0.00000024713	-15	-0.000000000465882	1.64753333333333E-08	60696799.2554526
-21.6	-0.00000025084	-15	-0.000000000360119	1.67226666666667E-08	59799075.1076383
-21.8	-0.000000254506	-15	-0.000000000340104	1.69670666666667E-08	58937706.7731213
-22	-0.000000258215	-15	-0.000000000175583	1.72143333333333E-08	58091125.6123773
-22.2	-0.000000261753	-15	-0.000000000316954	0.0000000174502	57305933.4563501
-22.4	-0.000000265634	-15	-0.000000000186157	1.77089333333333E-08	56468674.9437196
-22.6	-0.00000026909	-15	-0.000000000431883	1.79393333333333E-08	55743431.5656472
-22.8	-0.000000272884	-15	-0.000000000211608	1.81922666666667E-08	54968411.4861993
-23	-0.000000276711	-15	-0.000000000160539	0.0000000184474	54208181.0986914
-23.2	-0.000000280535	-15	-7.34806E-11	1.87023333333333E-08	53469264.0846953
-23.4	-0.000000284111	-15	-7.35521E-11	1.89407333333333E-08	52796266.2480509
-23.6	-0.000000287753	-15	-0.000000000102496	1.91835333333333E-08	52128040.3679545
-23.8	-0.000000291642	-15	-0.000000000222731	0.0000000194428	51432921.1841916
-24	-0.000000294964	-15	-4.14252E-11	1.96642666666667E-08	50853663.4979184
-24.2	-0.000000298126	-15	-0.000000000155485	1.98750666666667E-08	50314296.6396758
-24.4	-0.000000301669	-15	-0.000000000284803	2.01112666666667E-08	49723372.3054076
-24.6	-0.000000305821	-15	-0.000000000148296	2.03880666666667E-08	49048299.4954565
-24.8	-0.00000030878	-15	-0.000000000368476	2.05853333333333E-08	48578275.7950644
-25	-0.000000312526	-15	-0.00000000025146	2.08350666666667E-08	47996006.7322399
-25.2	-0.000000316059	-15	-0.000000000330305	0.0000000210706	47459493.3224493
-25.4	-0.000000319671	-15	-0.00000000029496	0.0000000213114	46923242.9591674
-25.6	-0.000000323231	-15	-0.000000000417233	2.15487333333333E-08	46406439.9763637
-25.8	-0.0000003265	-15	-0.000000000350165	2.17666666666667E-08	45941807.0444104
-26	-0.00000033299	-15	-0.000000000333071	2.21993333333333E-08	45046397.7897234
-26.2	-0.000000334957	-15	-0.0000000004215	2.23304666666667E-08	44781867.523294
-26.4	-0.000000338622	-15	-0.000000000477421	0.0000000225748	44297180.9274058
-26.6	-0.000000341846	-15	-0.000000000483501	2.27897333333333E-08	43879407.6865021
-26.8	-0.00000034511	-15	-0.000000000206053	2.30073333333333E-08	43464402.6542262
-27	-0.000000349067	-15	-9.40681E-11	2.32711333333333E-08	42971693.1133565
-27.2	-0.000000351974	-15	-0.00000000067327	2.34649333333333E-08	42616784.1942871
-27.4	-0.000000356118	-15	-0.000000000418973	0.0000000237412	42120870.0486917
-27.6	-0.000000359468	-15	-0.000000000396168	2.39645333333333E-08	41728331.8682052
-27.8	-0.00000036296	-15	-0.000000000329804	2.41973333333333E-08	41326867.9744324
-28	-0.000000366925	-15	-0.000000000309575	2.44616666666667E-08	40880288.8873748
-28.2	-0.00000037045	-15	-0.000000000300133	2.46966666666667E-08	40491294.3717101
-28.4	-0.000000373771	-15	-0.000000000175202	2.49180666666667E-08	40131524.3825765
-28.6	-0.000000377401	-15	-9.69768E-11	2.51600666666667E-08	39745522.6668716
-28.8	-0.000000381646	-15	-4.78625E-11	2.54430666666667E-08	39303438.2647794
-29	-0.000000384822	-15	-0.000000000119102	0.0000000256548	38979060.4487269
-29.2	-0.000000388616	-15	-0.000000000223517	2.59077333333333E-08	38598513.6998991
-29.4	-0.000000391943	-15	-6.78539E-11	2.61295333333333E-08	38270871.0195105
-29.6	-0.00000039534	-15	-0.000000000215435	0.000000026356	37942024.5864319
-29.8	-0.000000399508	-15	-0.000000000381327	2.66338666666667E-08	37546181.8036185
-30	-0.000000402611	-15	0.00000000115653	2.68407333333333E-08	37256806.1975455
-30.2	-0.000000406848	-15	-0.000000000212264	0.0000000271232	36868806.0405852
-30.4	-0.000000409711	-15	-0.000000000133228	2.73140666666667E-08	36611172.2653285
-30.6	-0.000000413065	-15	-0.000000000370479	2.75376666666667E-08	36313897.3285076
-30.8	-0.000000417039	-15	-0.000000000225365	0.0000000278026	35967859.1210894
-31	-0.000000420869	-15	-0.000000000486338	2.80579333333333E-08	35640543.7321352
-31.2	-0.000000423738	-15	-0.000000000397074	0.0000000282492	35399232.5446384
-31.4	-0.000000428669	-15	-0.000000000442159	2.85779333333333E-08	34992033.4803776
-31.6	-0.000000431516	-15	-0.000000000458157	2.87677333333333E-08	34761167.6044457
-31.8	-0.000000435294	-15	-0.000000000549138	0.0000000290196	34459468.7728294
-32	-0.000000438943	-15	-0.000000000711572	2.92628666666667E-08	34173001.9615303
-32.2	-0.000000441848	-15	-0.000000000457275	2.94565333333333E-08	33948326.1212
-32.4	-0.000000445408	-15	-0.000000000613296	2.96938666666667E-08	33676988.2893886
-32.6	-0.00000044862	-15	-0.000000000425839	0.000000029908	33435870.0013374
-32.8	-0.0000004522	-15	-0.000000000548542	3.01466666666667E-08	33171163.202123
-33	-0.00000045603	-15	-0.000000000314295	0.000000030402	32892572.8570489
-33.2	-0.000000459378	-15	-0.000000000109172	0.0000000306252	32652847.9814009
-33.4	-0.00000046412	-15	-0.000000000273144	3.09413333333333E-08	32319227.7859174
-33.6	-0.000000466587	-15	-0.000000000477612	0.0000000311058	32148345.3246661
-33.8	-0.000000470312	-15	-0.000000000734448	3.13541333333333E-08	31893721.6145878
-34	-0.000000474439	-15	-0.000000000452459	3.16292666666667E-08	31616287.8684088
-34.2	-0.00000047801	-15	-0.000000000586152	3.18673333333333E-08	31380096.6506977
-34.4	-0.000000481203	-15	-0.000000000531113	0.0000000320802	31171875.4870606
-34.6	-0.00000048586	-15	-0.000000000479972	3.23906666666667E-08	30873091.0138723
-34.8	-0.000000490117	-15	-0.000000000416625	3.26744666666667E-08	30604937.1884672
-35	-0.000000492563	-15	-0.000000000836957	3.28375333333333E-08	30452957.2866821
-35.2	-0.000000496681	-15	-0.000000000496852	3.31120666666667E-08	30200470.7246704
-35.4	-0.00000049991	-15	-0.000000000667298	3.33273333333333E-08	30005400.972175
-35.6	-0.00000050399	-15	-0.000000000595963	3.35993333333333E-08	29762495.2876049
-35.8	-0.000000507542	-15	-0.00000000019809	3.38361333333333E-08	29554204.3811153
-36	-0.000000511518	-15	8.10027E-11	0.0000000341012	29324481.2499267
-36.2	-0.000000514943	-15	-0.000000000230336	3.43295333333333E-08	29129437.6270772
-36.4	-0.000000517903	-15	-0.000000000541043	3.45268666666667E-08	28962952.5219974
-36.6	-0.000000521679	-15	-0.000000000262117	0.0000000347786	28753313.8194177
-36.8	-0.000000524373	-15	-0.00000000024519	0.0000000349582	28605591.8210892
-37	-0.000000528054	-15	-0.000000000381994	0.0000000352036	28406185.7310048
-37.2	-0.000000531484	-15	-0.000000000521946	3.54322666666667E-08	28222862.7766781
-37.4	-0.000000535034	-15	-0.000000000452685	3.56689333333333E-08	28035601.4757941
-37.6	-0.000000538221	-15	-0.000000000440192	0.0000000358814	27869592.6022953
-37.8	-0.000000542138	-15	-0.000000000693166	3.61425333333333E-08	27668232.0737524
-38	-0.000000546194	-15	-0.000000000541854	3.64129333333333E-08	27462769.6386266
-38.2	-0.000000550031	-15	-0.000000000561011	3.66687333333333E-08	27271190.1692814
-38.4	-0.000000553921	-15	-0.000000000246239	3.69280666666667E-08	27079673.8163023
-38.6	-0.000000557038	-15	-0.000000000895524	3.71358666666667E-08	26928144.9380473
-38.8	-0.000000560639	-15	-0.000000000364506	3.73759333333333E-08	26755184.7088768
-39	-0.000000564761	-15	-0.000000000549769	3.76507333333333E-08	26559907.6423478
-39.2	-0.00000056797	-15	-0.00000000053575	3.78646666666667E-08	26409845.5904361
-39.4	-0.000000571313	-15	-0.000000000662136	3.80875333333333E-08	26255310.1364751
-39.6	-0.000000574907	-15	-0.000000000790072	3.83271333333333E-08	26091176.485936
-39.8	-0.000000579161	-15	-0.000000000608516	3.86107333333333E-08	25899533.9810519
-40	-0.000000582243	-15	-0.000000000605714	0.0000000388162	25762439.3938613
