0	0.00000000079143	-30	-0.00000000528665	0	0
-0.1	5.17011E-11	-30	-0.000000000947237	-0.000000000517011	-1934194823.70781
-0.2	-8.22663E-11	-30	-0.000000000649369	4.113315E-10	2431129150.08941
-0.3	-0.000000000345886	-30	-0.000000000582266	1.15295333333333E-09	867337793.377009
-0.4	-0.000000000716853	-30	-0.000000000731981	1.7921325E-09	557994456.325076
-0.5	-0.00000000122848	-30	-0.000000000537574	0.00000000245696	407007033.081532
-0.6	-0.00000000184155	-30	-0.000000000514495	0.00000000306925	325812494.90918
-0.7	-0.00000000226007	-30	-0.000000000516319	3.22867142857143E-09	309724920.024601
-0.8	-0.00000000290929	-30	-0.00000000052743	3.6366125E-09	274981180.975427
-0.9	-0.00000000367824	-30	-0.000000000544083	4.08693333333333E-09	244682239.331854
-1	-0.00000000443016	-30	-0.000000000495338	0.00000000443016	225725481.698178
-1.1	-0.00000000529077	-30	-0.000000000427723	4.80979090909091E-09	207909245.724157
-1.2	-0.00000000630685	-30	-0.000000000410306	5.25570833333333E-09	190269310.353029
-1.3	-0.00000000729535	-30	-0.000000000412953	5.61180769230769E-09	178195700.000685
-1.4	-0.00000000835674	-30	-0.000000000395072	0.0000000059691	167529443.29966
-1.5	-0.00000000944734	-30	-0.000000000374115	6.29822666666667E-09	158774850.910415
-1.6	-0.0000000106619	-30	-0.000000000385916	6.6636875E-09	150067061.217982
-1.7	-0.0000000119214	-30	-0.000000000564539	7.01258823529412E-09	142600701.259919
-1.8	-0.0000000132159	-30	-0.000000000482428	7.34216666666667E-09	136199577.781309
-1.9	-0.0000000144713	-30	-0.00000000052489	7.61647368421053E-09	131294355.033756
-2	-0.0000000158479	-30	-0.000000000481606	0.00000000792395	126199685.762782
-2.1	-0.0000000173262	-30	-0.000000000474501	8.25057142857143E-09	121203726.148838
-2.2	-0.0000000187869	-30	-0.000000000416791	0.0000000085395	117102874.875578
-2.3	-0.0000000202526	-30	-0.000000000337899	8.80547826086957E-09	113565665.64293
-2.4	-0.0000000218407	-30	-0.000000000386894	9.10029166666667E-09	109886587.884088
-2.5	-0.0000000234398	-30	-0.000000000616825	0.00000000937592	106656200.138226
-2.6	-0.000000024896	-30	-0.000000000607812	9.57538461538462E-09	104434447.300771
-2.7	-0.0000000304389	-30	-0.000000000620437	1.12736666666667E-08	88702285.5622247
-2.8	-0.0000000425022	-30	-0.0000000235566	1.51793571428571E-08	65878942.7370818
-2.9	-0.0000000315936	-30	0.00000000806024	1.08943448275862E-08	91790742.4288463
-3	-0.0000000327183	-30	0.00000000219616	0.0000000109061	91691805.5033422
-3.1	-0.0000000341159	-30	0.00000000163648	1.10051290322581E-08	90866721.9683491
-3.2	-0.0000000401436	-30	0.00000000119447	0.000000012544875	79713827.3597784
-3.3	-0.000000041084	-30	0.00000000365012	1.2449696969697E-08	80323240.1908285
-3.4	-0.0000000401129	-30	-0.00000000685949	1.17979117647059E-08	84760762.7471462
-3.5	-0.0000000436256	-30	0.00000000118142	1.24644571428571E-08	80228122.9369911
-3.6	-0.0000000451668	-30	0.00000000259923	1.25463333333333E-08	79704561.7577513
-3.7	-0.0000000512511	-30	-0.0000000130123	1.38516486486486E-08	72193572.4306405
-3.8	-0.0000000475245	-30	0.00000000282679	1.25064473684211E-08	79958758.1142358
-3.9	-0.0000000535126	-30	-0.00000000326319	1.37211794871795E-08	72880031.9924653
-4	-0.0000000494282	-30	0.00000000188903	0.00000001235705	80925463.6017496
-4.1	-0.0000000552168	-30	0.00000000492702	1.3467512195122E-08	74252763.6516422
-4.2	-0.0000000600314	-30	-0.0000000112438	1.42931904761905E-08	69963385.8280833
-4.3	-0.000000058059	-30	-0.00000000663393	1.35020930232558E-08	74062591.5017482
-4.4	-0.0000000613485	-30	0.00000000343207	1.39428409090909E-08	71721394.9811324
-4.5	-0.0000000650327	-30	0.00000000466409	1.44517111111111E-08	69195958.3409577
-4.6	-0.0000000699061	-30	0.00000000572338	1.51969782608696E-08	65802555.141826
-4.7	-0.0000000616734	-30	0.00000000309743	0.000000013122	76207895.1379363
-4.8	-0.0000000632232	-30	-0.000000000243497	0.0000000131715	75921497.1719242
-4.9	-0.0000000649939	-30	-0.000000000343466	1.32640612244898E-08	75391690.6048106
-5	-0.0000000672492	-30	-0.000000000257754	0.00000001344984	74350326.8440368
-5.1	-0.0000000693429	-30	-0.000000000463569	1.35966470588235E-08	73547544.1609739
-5.2	-0.0000000717115	-30	-0.000000000327373	1.37906730769231E-08	72512776.8907358
-5.3	-0.0000000736711	-30	-0.000000000368392	1.39002075471698E-08	71941371.854092
-5.4	-0.0000000758499	-30	-0.000000000284648	1.40462777777778E-08	71193238.2244406
-5.5	-0.0000000776632	-30	-0.000000000386786	1.41205818181818E-08	70818611.6461851
-5.6	-0.0000000797696	-30	-0.000000000503337	1.42445714285714E-08	70202182.2849807
-5.7	-0.0000000820521	-30	-0.00000000044986	1.43951052631579E-08	69468057.4903019
-5.8	-0.0000000842078	-30	-0.000000000520182	1.45185862068966E-08	68877229.900318
-5.9	-0.0000000858479	-30	-0.000000000494421	1.45504915254237E-08	68726200.640901
-6	-0.0000000880112	-30	-0.000000000461531	1.46685333333333E-08	68173141.60016
-6.1	-0.0000000897105	-30	-0.000000000337207	1.47066393442623E-08	67996499.8523027
-6.2	-0.0000000916045	-30	-0.000000000647628	1.47749193548387E-08	67682264.5175728
-6.3	-0.0000000940991	-30	-0.000000000424862	1.49363650793651E-08	66950693.4710321
-6.4	-0.0000000964017	-30	-0.00000000028863	1.5062765625E-08	66388870.735682
-6.5	-0.0000000976284	-30	-0.000000000334311	1.50197538461538E-08	66578987.2619033
-6.6	-0.0000000995765	-30	-0.000000000243306	1.50873484848485E-08	66280698.7592454
-6.7	-0.000000104384	-30	-0.000000000346279	1.55797014925373E-08	64186082.1581852
-6.8	-0.000000103569	-30	-0.000000000345099	1.52307352941177E-08	65656711.9504871
-6.9	-0.000000105092	-30	-0.000000000558197	1.52307246376812E-08	65656757.8883264
-7	-0.000000107442	-30	-0.00000000045737	1.53488571428571E-08	65151430.5392677
-7.1	-0.000000109415	-30	-0.000000000527585	1.54105633802817E-08	64890554.311566
-7.2	-0.000000111333	-30	-0.000000000343585	1.54629166666667E-08	64670852.307941
-7.3	-0.000000113584	-30	-0.000000000414717	1.55594520547945E-08	64269615.4387942
-7.4	-0.00000011563	-30	-0.000000000248754	1.56256756756757E-08	63997232.5521059
-7.5	-0.000000117643	-30	-0.000000000432706	1.56857333333333E-08	63752199.4508811
-7.6	-0.000000119573	-30	-0.000000000414789	1.57332894736842E-08	63559499.2180509
-7.7	-0.000000121827	-30	-0.000000000452328	1.58216883116883E-08	63204379.9814491
-7.8	-0.000000123582	-30	-0.000000000248981	1.58438461538462E-08	63115987.7652085
-7.9	-0.000000125531	-30	-0.000000000327945	0.00000001589	62932662.0516048
-8	-0.00000012754	-30	-0.000000000371194	0.0000000159425	62725419.4762428
-8.1	-0.000000129126	-30	-0.00000000039171	1.59414814814815E-08	62729427.0712328
-8.2	-0.000000131283	-30	-0.000000000421214	1.60101219512195E-08	62460486.1253932
-8.3	-0.000000133448	-30	-0.000000000466311	1.60780722891566E-08	62196511.0005395
-8.4	-0.00000013574	-30	-0.000000000684655	1.61595238095238E-08	61883011.6398998
-8.5	-0.00000013749	-30	-0.000000000646389	1.61752941176471E-08	61822678.0129464
-8.6	-0.000000139172	-30	-0.000000000467837	1.61827906976744E-08	61794039.0308395
-8.7	-0.0000001412	-30	-0.000000000564277	1.62298850574713E-08	61614730.878187
-8.8	-0.000000142656	-30	-0.000000000399923	1.62109090909091E-08	61686855.0919695
-8.9	-0.000000144375	-30	-0.000000000292504	1.62219101123596E-08	61645021.6450216
-9	-0.000000146379	-30	-0.000000000386167	1.62643333333333E-08	61484229.2951858
-9.1	-0.00000014779	-30	-0.00000000029707	1.62406593406593E-08	61573854.7939644
-9.2	-0.000000150332	-30	-0.000000000625026	1.63404347826087E-08	61197882.0211266
-9.3	-0.000000151069	-30	-0.000000000337851	1.62439784946237E-08	61561273.3254341
-9.4	-0.000000153284	-30	-0.000000000463891	1.63068085106383E-08	61324078.1816758
-9.5	-0.000000155152	-30	-0.000000000395346	1.63317894736842E-08	61230277.4053831
-9.6	-0.000000156833	-30	-0.000000000268579	1.63367708333333E-08	61211607.251025
-9.7	-0.000000158508	-30	-0.000000000509429	1.63410309278351E-08	61195649.4309435
-9.8	-0.000000160283	-30	-0.000000000390482	1.63554081632653E-08	61141855.3433614
-9.9	-0.000000161535	-30	-0.000000000525677	1.63166666666667E-08	61287027.5791624
-10	-0.000000163492	-30	-0.000000000733376	0.0000000163492	61165072.2971155
-10.1	-0.000000165467	-30	-0.000000000622797	1.63828712871287E-08	61039361.3228015
-10.2	-0.000000167439	-30	-0.000000000670576	1.64155882352941E-08	60917707.3441671
-10.3	-0.000000169328	-30	-0.000000000560689	1.64396116504854E-08	60828687.5177171
-10.4	-0.000000171073	-30	-0.000000000470495	1.64493269230769E-08	60792760.9850765
-10.5	-0.000000173694	-30	-0.000000000457668	1.65422857142857E-08	60451138.2085737
-10.6	-0.000000174977	-30	-0.000000000417519	1.65072641509434E-08	60579390.4341713
-10.7	-0.00000017637	-30	-0.000000000295138	1.64831775700935E-08	60667914.0443386
-10.8	-0.00000017717	-30	-0.000000000290811	1.64046296296296E-08	60958401.5352486
-10.9	-0.000000179431	-30	-0.000000000371063	1.64615596330275E-08	60747585.4228088
-11	-0.000000180672	-30	-0.000000000369644	1.64247272727273E-08	60883811.5479986
-11.1	-0.00000018193	-30	-0.000000000228405	1.63900900900901E-08	61012477.3264442
-11.2	-0.000000183885	-30	-0.000000000423265	1.64183035714286E-08	60907632.4876961
-11.3	-0.000000185549	-30	-0.000000000454879	1.64202654867257E-08	60900355.1622483
-11.4	-0.000000187329	-30	-0.000000000412762	1.64323684210526E-08	60855500.2161972
-11.5	-0.000000188307	-30	-0.000000000181484	1.63745217391304E-08	61070485.961754
-11.6	-0.000000188933	-30	-0.000000000262594	1.62873275862069E-08	61397426.6009644
-11.7	-0.00000019078	-30	-0.000000000642097	1.63059829059829E-08	61327183.1428871
-11.8	-0.000000192685	-30	-0.000000000675404	1.63292372881356E-08	61239847.4193632
-11.9	-0.00000019385	-30	-0.000000000159299	1.62899159663866E-08	61387670.879546
-12	-0.00000019527	-30	-7.14064E-12	0.0000000162725	61453372.2538024
-12.1	-0.000000196799	-30	-0.000000000595617	1.62643801652893E-08	61484052.2563631
-12.2	-0.00000019804	-30	-0.000000000305188	1.62327868852459E-08	61603716.4209251
-12.3	-0.00000019875	-30	-0.000000000741601	1.61585365853659E-08	61886792.4528302
-12.4	-0.000000199597	-30	-0.000000000457847	1.60965322580645E-08	62125182.2422181
-12.5	-0.000000200963	-30	-0.000000000226283	0.00000001607704	62200504.5704931
-12.6	-0.000000202241	-30	-0.00000000022682	1.6050873015873E-08	62301907.1306016
-12.7	-0.000000204709	-30	-0.000000000348103	1.61188188976378E-08	62039285.0338774
-12.8	-0.00000020564	-30	-0.000000000510597	0.000000016065625	62244699.4748103
-12.9	-0.000000206788	-30	-0.000000000641465	1.60300775193798E-08	62382730.1390796
-13	-0.000000208416	-30	-0.000000000291264	0.000000016032	62375249.500998
-13.1	-0.000000209435	-30	-0.000000000165749	1.59874045801527E-08	62549239.6208848
-13.2	-0.000000209969	-30	-0.000000000122523	1.59067424242424E-08	62866423.1386538
-13.3	-0.000000211173	-30	-0.00000000052824	1.58776691729323E-08	62981536.4653625
-13.4	-0.000000212525	-30	-0.000000000458062	1.58600746268657E-08	63051405.7169745
-13.5	-0.000000213718	-30	-0.000000000169599	1.5830962962963E-08	63167351.3695618
-13.6	-0.000000214721	-30	-0.000000000372601	1.57883088235294E-08	63338006.0636826
-13.7	-0.000000214815	-30	-0.000000000136554	1.56799270072993E-08	63775807.0898215
-13.8	-0.000000215465	-30	-0.000000000374234	1.56134057971014E-08	64047525.1200891
-13.9	-0.00000021567	-30	1.77145E-11	1.55158273381295E-08	64450317.6148746
-14	-0.000000217645	-30	-0.000000000292122	1.55460714285714E-08	64324932.8034184
-14.1	-0.000000218774	-30	-0.000000000287712	1.55158865248227E-08	64450071.7635551
-14.2	-0.000000219845	-30	0.000000000267839	1.54820422535211E-08	64590961.8140053
-14.3	-0.000000220164	-30	-0.000000000266802	1.53960839160839E-08	64951581.5483004
-14.4	-0.000000221341	-30	-0.000000000279856	1.53709027777778E-08	65057987.4492299
-14.5	-0.000000221298	-30	-0.000000000162804	1.52619310344828E-08	65522508.1112346
-14.6	-0.000000222491	-30	6.01649E-11	1.52391095890411E-08	65620631.8457825
-14.7	-0.000000223556	-30	-0.000000000477636	1.52078911564626E-08	65755336.470504
-14.8	-0.000000223012	-30	-0.000000000301051	1.50683783783784E-08	66364141.839901
-14.9	-0.000000224921	-30	-0.000000000604951	1.50953691275168E-08	66245481.7469245
-15	-0.000000225625	-30	-0.000000000946796	1.50416666666667E-08	66481994.4598338
-15.1	-0.000000225446	-30	-0.000000000249541	1.49301986754967E-08	66978345.1469532
-15.2	-0.000000226404	-30	-0.000000000203693	0.000000014895	67136623.0278617
-15.3	-0.000000227607	-30	-0.000000000719035	1.48762745098039E-08	67221131.1602895
-15.4	-0.000000228165	-30	-0.000000000876284	1.48159090909091E-08	67495014.5727872
-15.5	-0.000000227106	-30	-5.62906E-11	0.000000014652	68250068.2500682
-15.6	-0.000000229677	-30	-0.000000000217569	1.47228846153846E-08	67921472.3285309
-15.7	-0.000000231177	-30	-6.89387E-11	1.47246496815287E-08	67913330.478378
-15.8	-0.000000230657	-30	-0.000000000388837	1.45985443037975E-08	68499980.4905119
-15.9	-0.000000232017	-30	-0.000000000402415	1.45922641509434E-08	68529461.2032739
-16	-0.000000232178	-30	-0.0000000004439	0.000000014511125	68912644.6088777
-16.1	-0.000000233237	-30	-0.00000000096153	1.44867701863354E-08	69028498.9088352
-16.2	-0.000000232594	-30	-0.000000000243843	1.43576543209877E-08	69649260.084095
-16.3	-0.00000023329	-30	-0.000000000192833	1.43122699386503E-08	69870118.7363368
-16.4	-0.000000232685	-30	-0.000000000299728	1.41881097560976E-08	70481552.3132131
-16.5	-0.000000233892	-30	-0.000000000448525	1.41752727272727E-08	70545379.918937
-16.6	-0.000000233659	-30	-0.000000000171101	1.4075843373494E-08	71043700.4352497
-16.7	-0.000000233955	-30	-0.000000000650811	1.40092814371258E-08	71381248.5307003
-16.8	-0.000000235519	-30	-0.000000000346613	1.40189880952381E-08	71331824.6086303
-16.9	-0.000000234501	-30	-0.000000000431561	1.3875798816568E-08	72067922.951288
-17	-0.000000233879	-30	-0.000000000822306	1.37575882352941E-08	72687158.744479
-17.1	-0.000000234062	-30	-0.000000000664449	1.36878362573099E-08	73057565.9440661
-17.2	-0.000000234725	-30	-0.000000000300002	1.36468023255814E-08	73277239.3226116
-17.3	-0.000000232959	-30	1.97649E-11	1.3465838150289E-08	74261994.5999081
-17.4	-0.000000233349	-30	-0.000000000168049	1.34108620689655E-08	74566421.9688107
-17.5	-0.000000234624	-30	-6.27279E-11	1.34070857142857E-08	74587424.9863612
-17.6	-0.00000023494	-30	-0.000000000323224	1.33488636363636E-08	74912743.6792373
-17.7	-0.000000235883	-30	-0.000000000425363	1.33267231638418E-08	75037200.646083
-17.8	-0.000000236251	-30	-0.000000000343251	1.32725280898876E-08	75343596.4292215
-17.9	-0.000000236631	-30	-7.15494E-11	1.32196089385475E-08	75645202.8686013
-18	-0.000000237145	-30	-0.00000000017662	1.31747222222222E-08	75902928.5879947
-18.1	-0.000000237298	-30	-7.89046E-11	1.31103867403315E-08	76275400.5512057
-18.2	-0.000000237517	-30	-0.000000000206196	1.30503846153846E-08	76626094.1322095
-18.3	-0.000000238446	-30	-0.000000000250936	1.30298360655738E-08	76746936.413276
-18.4	-0.000000240722	-30	-0.000000000279081	1.30827173913043E-08	76436719.5353977
-18.5	-0.000000239137	-30	-0.000000000565624	1.29263243243243E-08	77361512.4384767
-18.6	-0.00000024035	-30	-0.000000000671923	1.29220430107527E-08	77387143.7486998
-18.7	-0.000000237956	-30	-0.00000000050447	1.27249197860963E-08	78585957.0676932
-18.8	-0.000000236835	-30	-0.000000000435936	1.25976063829787E-08	79380159.1825533
-18.9	-0.000000238732	-30	-0.00000000062201	1.26313227513228E-08	79168272.3723673
-19	-0.000000239431	-30	-0.000000000278103	1.26016315789474E-08	79354803.6803923
-19.1	-0.000000240515	-30	-0.000000000158834	1.25924083769633E-08	79412926.4287051
-19.2	-0.000000239527	-30	-0.000000000449681	1.24753645833333E-08	80157978.0150046
-19.3	-0.000000241226	-30	-0.000000000351715	1.24987564766839E-08	80007959.3410329
-19.4	-0.000000241863	-30	-0.000000000710821	1.24671649484536E-08	80210697.7917251
-19.5	-0.0000002432	-30	-0.000000000825703	1.24717948717949E-08	80180921.0526316
-19.6	-0.000000243354	-30	-0.000000000105596	1.24160204081633E-08	80541104.7280916
-19.7	-0.000000242904	-30	5.62429E-11	1.2330152284264E-08	81101999.1436946
-19.8	-0.000000244133	-30	-0.000000000616825	1.23299494949495E-08	81103333.0192969
-19.9	-0.000000242999	-30	-0.000000000436461	1.22110050251256E-08	81893341.1248606
-20	-0.00000024425	-30	-0.000000000440395	0.0000000122125	81883316.2743091
-20.1	-0.000000244813	-30	-0.000000000527751	1.21797512437811E-08	82103483.0666672
-20.2	-0.000000245301	-30	-0.000000000029552	1.21436138613861E-08	82347809.4259705
-20.3	-0.000000245081	-30	-4.98056E-11	1.20729556650246E-08	82829758.3247987
-20.4	-0.000000244705	-30	-0.000000000317979	1.19953431372549E-08	83365685.2128073
-20.5	-0.000000244681	-30	-0.000000000432229	1.19356585365854E-08	83782557.6975736
-20.6	-0.000000246624	-30	-0.000000000372064	1.19720388349515E-08	83527961.5933567
-20.7	-0.000000247996	-30	-8.18849E-11	1.19804830917874E-08	83469088.2111002
-20.8	-0.000000248768	-30	-5.93781E-11	0.00000001196	83612040.1337793
-20.9	-0.000000247938	-30	-0.000000000395858	1.18630622009569E-08	84295267.3652284
-21	-0.000000246479	-30	-8.00252E-11	1.17370952380952E-08	85199956.1828797
-21.1	-0.000000246414	-30	-0.000000000392926	1.16783886255924E-08	85628251.6415464
-21.2	-0.000000246111	-30	0.000000000579107	1.16090094339623E-08	86139993.7426608
-21.3	-0.000000247421	-30	-0.000000000564897	1.16160093896714E-08	86088084.6815751
-21.4	-0.00000024843	-30	-0.000000000429142	1.16088785046729E-08	86140965.2618444
-21.5	-0.000000249134	-30	0.0000000001544	1.15876279069767E-08	86298939.5265199
-21.6	-0.000000248993	-30	0.000000000042069	1.15274537037037E-08	86749426.6907102
-21.7	-0.000000248634	-30	-0.000000000463462	1.14577880184332E-08	87276880.8771126
-21.8	-0.00000024984	-30	-0.000000000883532	1.14605504587156E-08	87255843.7399936
-21.9	-0.000000249634	-30	-0.000000000575364	1.13988127853881E-08	87728434.4280026
-22	-0.000000249261	-30	2.45452E-11	1.13300454545455E-08	88260899.2180887
-22.1	-0.000000250858	-30	-0.000000000214314	1.13510407239819E-08	88097648.8690813
-22.2	-0.000000251322	-30	-0.000000000120616	1.13208108108108E-08	88332895.6478143
-22.3	-0.000000249499	-30	-0.000000000734997	1.11882959641256E-08	89379115.7479589
-22.4	-0.000000249024	-30	0.000000000169539	1.11171428571429E-08	89951169.3652017
-22.5	-0.000000250629	-30	-0.000000000763154	1.11390666666667E-08	89774128.2932143
-22.6	-0.000000250619	-30	-0.000000000150013	1.10893362831858E-08	90176722.4352503
-22.7	-0.00000024984	-30	-0.000000000137723	1.10061674008811E-08	90858149.2154979
-22.8	-0.000000250959	-30	-0.000000000581801	1.10069736842105E-08	90851493.6702808
-22.9	-0.000000251303	-30	-0.000000000588107	1.09739301310044E-08	91125056.2070488
-23	-0.000000250558	-30	-0.000000000454903	1.08938260869565E-08	91795113.3070986
-23.1	-0.000000251088	-30	-0.000000000701594	1.08696103896104E-08	91999617.6639266
-23.2	-0.000000251072	-30	0.000000000386405	1.08220689655172E-08	92403772.6229926
-23.3	-0.000000251094	-30	-0.000000000353682	1.07765665236051E-08	92793933.7459278
-23.4	-0.000000250394	-30	-0.000000000237894	1.07005982905983E-08	93452718.5156194
-23.5	-0.000000250722	-30	-0.000000000138748	1.06690212765957E-08	93729309.7534321
-23.6	-0.000000252077	-30	3.80516E-11	1.06812288135593E-08	93622186.8714718
-23.7	-0.000000251205	-30	7.91669E-11	1.05993670886076E-08	94345255.8667224
-23.8	-0.000000251106	-30	-0.000000000237787	1.05506722689076E-08	94780690.2264382
-23.9	-0.000000251862	-30	0.000000000143504	1.05381589958159E-08	94893235.184347
-24	-0.000000252505	-30	0.00000000012188	1.05210416666667E-08	95047622.8193501
-24.1	-0.000000251687	-30	-0.000000000339341	1.04434439834025E-08	95753852.9999563
-24.2	-0.000000252066	-30	0.00000000018537	1.04159504132231E-08	96006601.4456531
-24.3	-0.000000252472	-30	1.50919E-11	1.03897942386831E-08	96248296.8408378
-24.4	-0.00000025398	-30	-0.000000000223279	1.04090163934426E-08	96070556.7367509
-24.5	-0.000000253647	-30	-0.000000000504482	1.03529387755102E-08	96590931.4914034
-24.6	-0.000000253881	-30	1.78933E-11	1.03203658536585E-08	96895789.7597693
-24.7	-0.000000254272	-30	0.000000000189292	1.02944129554656E-08	97140070.475711
-24.8	-0.00000025191	-30	-0.000000000176013	1.01576612903226E-08	98447858.3621135
-24.9	-0.000000253062	-30	-0.00000000024482	1.01631325301205E-08	98394859.7576878
-25	-0.000000253914	-30	-0.00000000031147	0.00000001015656	98458533.2041557
-25.1	-0.000000253539	-30	-0.000000000643229	1.01011553784861E-08	98998576.1559366
-25.2	-0.000000253973	-30	-0.000000000104868	1.00782936507937E-08	99223145.7674635
-25.3	-0.00000025526	-30	-0.000000000262344	1.00893280632411E-08	99114628.2222048
-25.4	-0.000000253281	-30	-0.000000000450552	9.97169291338583E-09	100283874.431955
-25.5	-0.000000252177	-30	-0.000000000391436	9.88929411764706E-09	101119451.813607
-25.6	-0.000000253833	-30	-0.000000000674582	9.9153515625E-09	100853710.904414
-25.7	-0.000000256064	-30	-0.000000000234652	9.96357976653697E-09	100365533.616596
-25.8	-0.000000256081	-30	-8.48532E-11	9.92562015503876E-09	100749372.268931
-25.9	-0.000000255124	-30	-4.28796E-11	9.85034749034749E-09	101519261.221994
-26	-0.00000025573	-30	-0.000000000205624	9.83576923076923E-09	101669729.793141
-26.1	-0.000000257652	-30	-0.000000000308073	9.87172413793103E-09	101299427.134274
-26.2	-0.000000258834	-30	-0.000000000508118	9.87916030534351E-09	101223177.789626
-26.3	-0.000000260572	-30	-2.89917E-11	9.90768060836502E-09	100931796.202201
-26.4	-0.00000025943	-30	-0.000000000298703	9.82689393939394E-09	101761554.176464
-26.5	-0.000000259214	-30	-0.000000000349617	9.78166037735849E-09	102232132.523706
-26.6	-0.000000259645	-30	-0.000000000320292	9.76109022556391E-09	102447572.647268
-26.7	-0.000000259597	-30	-0.00000000013212	9.722734082397E-09	102851727.870507
-26.8	-0.000000258607	-30	-3.36766E-11	9.64951492537313E-09	103632152.261926
-26.9	-0.000000258479	-30	-0.000000000126672	9.60888475836431E-09	104070350.009092
-27	-0.00000025801	-30	-0.000000000094223	9.55592592592593E-09	104647106.701291
-27.1	-0.000000258383	-30	-0.00000000032835	9.53442804428044E-09	104883061.192106
-27.2	-0.000000258383	-30	-0.000000000440943	0.000000009499375	105270083.558129
-27.3	-0.000000258849	-30	-0.000000000491977	9.48164835164835E-09	105466893.82613
-27.4	-0.000000256905	-30	-0.000000000395763	9.37609489051095E-09	106654210.700453
-27.5	-0.000000256076	-30	-0.000000000941896	9.31185454545455E-09	107389993.595651
-27.6	-0.000000256556	-30	-0.000000000401473	9.29550724637681E-09	107578852.180421
-27.7	-0.000000256546	-30	-0.000000000292623	9.26158844765343E-09	107972839.178939
-27.8	-0.000000257287	-30	-0.000000000752437	9.25492805755396E-09	108050542.779076
-27.9	-0.000000257937	-30	-0.000000000252628	9.24505376344086E-09	108165947.498808
-28	-0.000000256819	-30	-0.000000000117624	9.17210714285714E-09	109026201.332456
-28.1	-0.000000257508	-30	-0.00000000037148	9.16398576512455E-09	109122823.368594
-28.2	-0.000000259252	-30	-0.000000000487888	9.19333333333333E-09	108774474.256708
-28.3	-0.000000260208	-30	-0.00000000062176	9.19462897526502E-09	108759146.528931
-28.4	-0.000000259448	-30	-0.000000000290191	9.13549295774648E-09	109463167.956585
-28.5	-0.000000258485	-30	-0.000000000540733	9.06964912280702E-09	110257848.617908
-28.6	-0.000000258573	-30	-0.000000000477278	9.04101398601399E-09	110607062.609012
-28.7	-0.000000259302	-30	-0.000000000286734	9.03491289198606E-09	110681753.322381
-28.8	-0.000000258037	-30	-0.000000000355518	8.95961805555556E-09	111611900.618903
-28.9	-0.000000259561	-30	-6.83904E-11	8.98134948096886E-09	111341842.572652
-29	-0.000000260162	-30	-0.000000000335956	8.97110344827586E-09	111469007.77208
-29.1	-0.000000262399	-30	-0.000000000124586	9.01714776632302E-09	110899812.880384
-29.2	-0.000000260474	-30	-0.000000000641453	8.92034246575343E-09	112103319.333216
-29.3	-0.000000263619	-30	-0.000000000272179	8.99723549488055E-09	111145251.290688
-29.4	-0.000000262408	-30	-1.23143E-11	8.92544217687075E-09	112039267.095515
-29.5	-0.000000263564	-30	-0.000000000207424	8.93437288135593E-09	111927273.831024
-29.6	-0.00000026297	-30	-0.000000000469136	8.88412162162162E-09	112560368.102825
-29.7	-0.000000265193	-30	-0.000000000604212	8.92905723905724E-09	111993906.324828
-29.8	-0.000000263259	-30	-0.000000000252318	8.83419463087248E-09	113196509.900896
-29.9	-0.000000262684	-30	-0.000000000549436	8.78541806020067E-09	113824976.016811
-30	-0.00000026089	-30	-0.00000000036484	8.69633333333333E-09	114990992.372264
-30.1	-0.000000261132	-30	-0.00000000005759	8.67548172757475E-09	115267374.354732
-30.2	-0.000000260638	-30	-0.000000000154996	8.63039735099338E-09	115869520.177411
-30.3	-0.000000261452	-30	-0.00000000044713	8.62877887788779E-09	115891253.461438
-30.4	-0.000000259742	-30	-0.000000000208247	8.54414473684211E-09	117039215.837254
-30.5	-0.000000260645	-30	0.000000000114226	8.54573770491803E-09	117017399.14443
-30.6	-0.000000259589	-30	-0.000000000251615	8.48330065359477E-09	117878646.629865
-30.7	-0.000000262691	-30	-0.000000000882518	8.55671009771987E-09	116867346.045354
-30.8	-0.00000026205	-30	-0.000000000128782	8.50811688311688E-09	117534821.598932
-30.9	-0.000000263429	-30	-0.0000000011574	8.52521035598706E-09	117299158.407009
-31	-0.000000264166	-30	-0.00000000046562	8.52148387096774E-09	117350453.881272
-31.1	-0.000000263663	-30	-0.000000000349319	8.47790996784566E-09	117953599.860428
-31.2	-0.000000261128	-30	0.000000000283885	8.36948717948718E-09	119481633.528385
-31.3	-0.000000262126	-30	-0.000000000245714	8.37463258785942E-09	119408223.526091
-31.4	-0.000000262388	-30	-0.000000000549173	8.35630573248408E-09	119670106.864643
-31.5	-0.000000263693	-30	-0.00000000050807	8.37120634920635E-09	119457095.941113
-31.6	-0.000000262388	-30	9.41992E-11	8.30341772151899E-09	120432336.844673
-31.7	-0.000000261602	-30	-0.000000000460398	8.25242902208202E-09	121176443.605171
-31.8	-0.000000259975	-30	-0.000000000749362	8.1753144654088E-09	122319453.793634
-31.9	-0.000000261895	-30	-0.000000000329053	8.20987460815047E-09	121804539.9874
-32	-0.00000026105	-30	0.000000000139678	8.1578125E-09	122581880.865735
-32.1	-0.000000263637	-30	-0.000000000097239	8.21299065420561E-09	121758326.790246
-32.2	-0.000000263058	-30	-0.000000000550115	8.16950310559006E-09	122406465.494302
-32.3	-0.000000263189	-30	-0.000000000470006	8.14826625386997E-09	122725493.846627
-32.4	-0.000000265012	-30	-0.000000000196505	8.17938271604938E-09	122258614.70424
-32.5	-0.000000263449	-30	0.000000000218606	8.10612307692308E-09	123363535.257298
-32.6	-0.000000262112	-30	-0.000000000477445	8.04024539877301E-09	124374313.270663
-32.7	-0.00000026219	-30	-0.000000000343871	8.01804281345566E-09	124718715.435371
-32.8	-0.000000262858	-30	0.000000000188196	8.01396341463415E-09	124782201.797168
-32.9	-0.000000263071	-30	9.38535E-11	7.99607902735562E-09	125061295.239688
-33	-0.000000264282	-30	-6.92844E-11	8.00854545454545E-09	124866619.747088
-33.1	-0.000000263267	-30	-0.000000000208771	7.95368580060423E-09	125727873.223761
-33.2	-0.000000263017	-30	-0.000000000561929	7.92219879518072E-09	126227582.247535
-33.3	-0.000000263634	-30	-0.000000000759494	7.91693693693694E-09	126311477.275313
-33.4	-0.000000264481	-30	-0.000000000171471	7.91859281437126E-09	126285063.955445
-33.5	-0.000000265093	-30	-0.000000000270927	7.91322388059701E-09	126370745.361062
-33.6	-0.000000264532	-30	-0.000000000402522	7.87297619047619E-09	127016769.237748
-33.7	-0.00000026709	-30	-0.000000000506878	7.92551928783383E-09	126174697.667453
-33.8	-0.00000026708	-30	-0.000000000660634	7.90177514792899E-09	126553841.545604
-33.9	-0.000000266018	-30	-0.000000000316083	7.84713864306785E-09	127434985.602478
-34	-0.000000266396	-30	-0.000000000135338	7.83517647058824E-09	127629543.987147
-34.1	-0.000000267796	-30	-0.000000000571132	7.85325513196481E-09	127335733.170025
-34.2	-0.000000266595	-30	-0.00000000030477	7.79517543859649E-09	128284476.453047
-34.3	-0.000000267193	-30	-0.000000000159872	7.7898833819242E-09	128371626.502191
-34.4	-0.000000267666	-30	9.72629E-11	7.78098837209302E-09	128518377.380766
-34.5	-0.000000269449	-30	-0.000000000615931	7.81011594202899E-09	128039072.329086
-34.6	-0.000000268808	-30	-0.000000000125432	7.76901734104046E-09	128716407.249784
-34.7	-0.000000269747	-30	-0.000000000348997	7.77368876080692E-09	128639058.080349
-34.8	-0.000000269344	-30	-0.000000000911152	7.73977011494253E-09	129202803.849352
-34.9	-0.000000269478	-30	-0.000000000270391	7.72143266475645E-09	129509644.572099
-35	-0.000000270643	-30	-2.80023E-11	7.73265714285714E-09	129321652.509025
-35.1	-0.000000269616	-30	-0.00000000077045	7.68136752136752E-09	130185152.216486
-35.2	-0.000000269036	-30	9.71556E-11	7.64306818181818E-09	130837508.734891
-35.3	-0.000000269652	-30	-0.000000000674629	7.63886685552408E-09	130909468.500141
-35.4	-0.00000026832	-30	0.000000000128388	7.57966101694915E-09	131932021.466905
-35.5	-0.000000268228	-30	-0.000000000706673	7.55571830985916E-09	132350090.221752
-35.6	-0.000000269269	-30	-0.000000000437641	7.56373595505618E-09	132209797.637307
-35.7	-0.000000269076	-30	-5.03778E-11	7.53714285714286E-09	132676269.90144
-35.8	-0.000000268542	-30	-0.000000000228286	7.50117318435754E-09	133312479.984509
-35.9	-0.000000267888	-30	-0.000000000670052	7.46206128133705E-09	134011228.573135
-36	-0.000000266991	-30	-0.000000000402141	7.41641666666667E-09	134836005.708058
-36.1	-0.000000267891	-30	-0.000000000601077	7.42080332409972E-09	134756300.136996
-36.2	-0.000000267203	-30	-0.000000000510776	7.38129834254143E-09	135477520.836218
-36.3	-0.0000002686	-30	-3.73125E-12	7.39944903581267E-09	135145197.319434
-36.4	-0.00000026835	-30	-0.000000000176775	7.37225274725275E-09	135643748.835476
-36.5	-0.000000267278	-30	0.00000000015204	7.32268493150685E-09	136561931.771414
-36.6	-0.00000026748	-30	-0.000000000104558	7.30819672131147E-09	136832660.385823
-36.7	-0.000000268175	-30	-0.000000000296128	7.30722070844686E-09	136850936.888226
-36.8	-0.000000268399	-30	-0.000000000739753	7.29345108695652E-09	137109303.68593
-36.9	-0.000000269808	-30	-0.000000000586605	7.31186991869919E-09	136763921.010496
-37	-0.00000027018	-30	-0.000000000281692	7.30216216216216E-09	136945739.877119
-37.1	-0.000000268695	-30	-0.000000000193167	7.24245283018868E-09	138074768.789892
-37.2	-0.000000267705	-30	-7.18713E-11	7.19637096774193E-09	138958928.671485
-37.3	-0.000000267603	-30	-0.000000000603485	7.17434316353888E-09	139385582.37389
-37.4	-0.000000266694	-30	-3.15905E-12	7.13085561497326E-09	140235625.848351
-37.5	-0.000000266853	-30	-5.50151E-11	0.00000000711608	140526806.893683
-37.6	-0.000000266157	-30	-0.000000000343382	7.07864361702128E-09	141270002.29188
-37.7	-0.000000266747	-30	-0.000000000321913	7.07551724137931E-09	141332423.607388
-37.8	-0.000000267983	-30	-0.000000000193441	7.08949735449735E-09	141053723.557091
-37.9	-0.000000267504	-30	-0.000000000350451	7.05815303430079E-09	141680124.409355
-38	-0.000000266933	-30	-0.000000000102603	7.02455263157895E-09	142357820.127148
-38.1	-0.000000267182	-30	-2.61426E-11	7.01265091863517E-09	142599426.60808
-38.2	-0.000000267041	-30	0.000000000129306	6.99060209424084E-09	143049194.69295
-38.3	-0.000000267235	-30	-0.000000000636053	6.97741514360313E-09	143319550.208618
-38.4	-0.000000266364	-30	-0.000000000444269	6.9365625E-09	144163625.715187
-38.5	-0.000000267038	-30	-0.000000000652587	6.93605194805195E-09	144174237.374456
-38.6	-0.0000002672	-30	-0.00000000041939	6.92227979274611E-09	144461077.844311
-38.7	-0.000000268157	-30	-0.000000000190377	6.92912144702842E-09	144318440.31668
-38.8	-0.000000267634	-30	-0.000000000348949	6.89778350515464E-09	144974106.428929
-38.9	-0.000000268302	-30	0.000000000152981	6.8972236503856E-09	144985874.126917
-39	-0.00000026874	-30	-0.000000000351548	6.89076923076923E-09	145121678.946193
-39.1	-0.000000266545	-30	-0.000000000158155	6.81700767263427E-09	146691928.192238
-39.2	-0.000000267158	-30	0.000000000298285	6.81525510204082E-09	146729650.618735
-39.3	-0.000000267403	-30	-0.000000000328147	6.8041475826972E-09	146969181.348003
-39.4	-0.000000267725	-30	0.000000000114417	6.79505076142132E-09	147165935.194696
-39.5	-0.000000268947	-30	-0.000000000415587	6.80878481012658E-09	146869085.730646
-39.6	-0.000000268561	-30	-0.000000000641501	6.78184343434343E-09	147452534.061163
-39.7	-0.000000266218	-30	-0.000000000718153	6.70574307304786E-09	149125904.334042
-39.8	-0.00000026607	-30	-0.000000000103021	6.68517587939698E-09	149584695.756756
-39.9	-0.000000267504	-30	-6.46472E-11	6.70436090225564E-09	149156648.124888
-40	-0.00000026775	-30	-0.000000000691605	0.00000000669375	149393090.569561
