-15	0.0000000013738	0	0	-4.47603306	-4.83514116	-0.3591081	0	-540930809749.216	0	0
-15.2	0.00000000029248	0	0	-5.83181645	-6.27331524	-0.44149879	0	-548143220545.872	0	0
-15.4	-2.77519E-11	0	0	-7.30818843	-7.76049841	-0.45230998	0	-555355631342.528	0	0
-15.6	8.55565E-11	0	0	-8.81437793	-9.41203611	-0.597658180000002	0	-562568042139.184	0	0
-15.8	0.000000000110781	0	0	-9.47606406	-9.59437194	-0.11830788	0	-569780452935.84	0	0
-16	5.36084E-11	0	0	-9.58332937	-9.70342856	-0.120099190000001	0	-576992863732.497	0	0
-16.2	0.000000000097394	0	0	-9.69198891	-9.81498891	-0.123000000000001	0	-584205274529.153	0	0
-16.4	-8.22544E-13	0	0	-9.80499163	-9.93053021	-0.125538580000001	0	-591417685325.809	0	0
-16.6	6.81996E-11	0	0	-9.9184991	-10.0432159	-0.1247168	0	-598630096122.465	0	0
-16.8	-0.000000000150096	0	0	-10.0231627	-10.1472031	-0.1240404	0	-605842506919.121	0	0
-17	9.88483E-11	0	0	-10.1209467	-10.2468023	-0.125855600000001	0	-613054917715.778	0	0
-17.2	7.06315E-11	0	0	-10.213036	-10.3368449	-0.123808899999998	0	-620267328512.434	0	0
-17.4	-8.62956E-11	0	0	-10.302739	-10.4317028	-0.128963799999999	0	-627479739309.09	0	0
-17.6	-3.59297E-11	0	0	-10.3994684	-10.5313753	-0.131906900000001	0	-634692150105.746	0	0
-17.8	-6.13928E-11	0	0	-10.5029573	-10.6385102	-0.1355529	0	-641904560902.402	0	0
-18	-3.15189E-11	0	0	-10.6124497	-10.7505633	-0.138113599999999	0	-649116971699.059	0	0
-18.2	-0.000000000160575	0	0	-10.7114325	-10.8472381	-0.135805599999999	0	-656329382495.715	0	0
-18.4	-9.22799E-11	0	0	-10.7950111	-10.9294481	-0.134437	0	-663541793292.371	0	0
-18.6	-0.000000000148356	0	0	-10.868157	-10.9982716	-0.130114600000001	0	-670754204089.027	0	0
-18.8	0.000000000100076	0	0	-10.9351114	-11.0705646	-0.135453200000001	0	-677966614885.683	0	0
-19	-0.000000000149322	0	0	-11.0061144	-11.1434398	-0.1373254	0	-685179025682.34	0	0
-19.2	-0.000000000102746	0	0	-11.07997	-11.2188653	-0.1388953	0	-692391436478.996	0	0
-19.4	-0.000000000154221	0	0	-11.1532184	-11.2921571	-0.138938700000001	0	-699603847275.652	0	0
-19.6	-1.30057E-11	0	0	-11.2232364	-11.3661634	-0.142927	0	-706816258072.308	0	0
-19.8	-0.000000000132501	0	0	-11.3031132	-11.4452601	-0.1421469	0	-714028668868.964	0	0
-20	-7.06196E-11	0	0	-11.3759603	-11.5159598	-0.1399995	0	-721241079665.621	0	0
-20.2	0.000000000127625	0	0	-11.4435301	-11.5817547	-0.138224599999999	0	-728453490462.277	0	0
-20.4	-9.64999E-11	0	0	-11.4978774	-11.6324618	-0.1345844	0	-735665901258.933	0	0
-20.6	9.59039E-11	0	0	-11.5404862	-11.6807313	-0.1402451	0	-742878312055.589	0	0
-20.8	-0.000000000107265	0	0	-11.5892293	-11.7328693	-0.143640000000001	0	-750090722852.245	0	0
-21	-0.000000000179982	0	0	-11.6384874	-11.7849086	-0.146421199999999	0	-757303133648.902	0	0
-21.2	-0.000000000488043	0	0	-11.6944249	-11.847345	-0.152920100000001	0	-764515544445.558	0	0
-21.4	0.000000000059247	0	0	-11.7514364	-11.9031227	-0.151686300000001	0	-771727955242.214	0	0
-21.6	-0.000000000186336	0	0	-11.0568811	-7.53839491	3.51848619	0	-778940366038.87	0	0
-21.8	0.000000000204158	0	0	-10.5339568	-7.65414728	2.87980952	0	-786152776835.527	0	0
-22	0.000000000194883	0	0	-10.0201164	-7.71485097	2.30526543	0	-793365187632.183	0	0
-22.2	0.000000000101209	0	0	-8.71962882	-7.42947658	1.29015224	0	-800577598428.839	0	0
-22.4	-9.69291E-11	0	0	-8.69223595	-7.34699492	1.34524103	0	-807790009225.495	0	0
-22.6	4.80175E-11	0	0	-7.87511064	-7.30584375	0.56926689	0	-815002420022.151	0	0
-22.8	-0.00000000021981	0	0	-7.03224706	-7.22664834	-0.194401279999999	0	-822214830818.808	0	0
-23	5.99265E-11	0	0	-6.99015565	-7.20003027	-0.20987462	0	-829427241615.464	0	0
-23.2	-9.24349E-11	-0.0000002	-13.9486	-3.12487746	-7.15495682	-4.03007936	1.09494419484583E-08	-836639652412.12	-8.16851604245066E-02	0
-23.4	-0.000000000107801	-0.0000002	-13.7065	-3.10249999	-7.12089479	-4.0183948	1.09812803858894E-08	-843852063208.776	-8.12224880613122E-02	0
-23.6	0.000000000100994	-0.0000002	-13.3953	-3.08243725	-7.09867737	-4.01624012	1.09871717530674E-08	-851064474005.433	-8.05773678109571E-02	0
-23.8	-0.000000000123775	-0.0000002	-13.2172	-3.07548462	-7.06188764	-3.98640302	1.10694076285343E-08	-858276884802.089	-8.04982778416357E-02	0
-24	-0.000000000110531	-0.0000002	-13.0024	-3.04803902	-6.98332585	-3.93528683	1.12131902720799E-08	-865489295598.745	-8.08643529236528E-02	0
-24.2	-4.28915E-11	-0.0000002	-12.8	-3.01462339	-6.94164098	-3.92701759	1.12368022268013E-08	-872701706395.401	-8.03649237454005E-02	0
-24.4	-0.000000000120687	-0.0000002	-12.6325	-2.99936002	-6.85528519	-3.85592517	1.1443977269922E-08	-879914117192.057	-8.11757530180467E-02	0
-24.6	0.00000000015384	-0.0000002	-12.5136	-2.96630894	-6.80513293	-3.83882399	1.14949578607796E-08	-887126527988.714	-0.080874469001733	0
-24.8	-9.80616E-11	-0.0000002	-12.3397	-2.94909855	-6.73593802	-3.78683947	1.16527569625232E-08	-894338938785.37	-8.13235209853508E-02	0
-25	0.000000000123858	-0.0000002	-12.1735	-2.92069261	-6.63403958	-3.71334697	1.18833818537566E-08	-901551349582.026	-8.22695666798533E-02	0
-25.2	0.000000000061059	-0.0000002	-12.017	-2.90264323	-6.57071904	-3.66807581	1.20300458021341E-08	-908763760378.682	-0.082623940948723	0
-25.4	-0.000000000236309	-0.0000002	-11.9177	-2.87573584	-6.48565608	-3.60992024	1.22238490233236E-08	-915976171175.338	-8.32939439808541E-02	0
-25.6	9.82642E-11	-0.0000002	-11.7677	-2.8552266	-6.41983315	-3.56460655	1.23792400033603E-08	-923188581971.995	-0.083693780070795	0
-25.8	-0.000000000342453	-0.0000002	-11.6901	-2.83930474	-6.35516103	-3.51585629	1.25508884209826E-08	-930400992768.651	-0.084196478673855	0
-26	-4.06504E-11	-0.0000002	-11.5416	-2.8137844	-6.26443398	-3.45064958	1.27880617770524E-08	-937613403565.307	-8.51276301726863E-02	0
-26.2	-8.62718E-11	-0.0000002	-11.4481	-2.79847579	-6.20789199	-3.4094162	1.29427202228933E-08	-944825814361.963	-8.54994729932763E-02	0
-26.4	-0.000000000287545	-0.0000002	-11.2988	-2.78263345	-6.1411399	-3.35850645	1.31389117921748E-08	-952038225158.619	-8.61379706654814E-02	0
-26.6	-8.18968E-12	-0.0000002	-11.2299	-2.76105031	-6.05304687	-3.29199656	1.34043639462369E-08	-959250635955.276	-8.72175213390199E-02	0
-26.8	-0.000000000107789	-0.0000002	-11.1849	-2.74077644	-5.97916169	-3.23838525	1.36262725381423E-08	-966463046751.932	-8.79997508921358E-02	0
-27	-3.24965E-11	-0.0000002	-11.0604	-2.72524384	-5.89106447	-3.16582063	1.39386039694864E-08	-973675457548.588	-8.93500254454258E-02	0
-27.2	0.000000000140798	-0.0000002	-10.9246	-2.70034151	-5.77682966	-3.07648815	1.4343341449243E-08	-980887868345.244	-9.12684339954661E-02	0
-27.4	0.000000000137746	-0.0000002	-10.874	-2.68801374	-5.71033726	-3.02232352	1.46003959232002E-08	-988100279141.9	-9.22259708792824E-02	0
-27.6	-0.00000000021224	-0.0000002	-10.7623	-2.66906552	-5.65215909	-2.98309357	1.47924022376542E-08	-995312689938.557	-9.27617197177315E-02	0
-27.8	-9.00984E-11	-0.0000002	-10.6631	-2.66621208	-5.59834092	-2.93212884	1.50495160369556E-08	-1002525100735.21	-9.36951053767296E-02	0
-28	0.000000000157654	-0.0000002	-10.6159	-2.65065925	-5.49197203	-2.84131278	1.55305393727191E-08	-1009737511531.87	-0.095999213155544	0
-28.2	0.000000000109851	-0.0000002	-10.503	-2.64291325	-5.49813952	-2.85522627	1.54548592045561E-08	-1016949922328.53	-0.094853882188356	0
-28.4	-0.000000000163245	-0.0000002	-10.4584	-2.62340601	-5.38949613	-2.76609012	1.59528858734364E-08	-1024162333125.18	-9.72210000412565E-02	0
-28.6	-0.000000000320101	-0.0000002	-10.3472	-2.60320387	-5.27866741	-2.67546354	1.64932615751512E-08	-1031374743921.84	-9.98112924800705E-02	0
-28.8	0.000000000157154	-0.0000002	-10.2515	-2.59244221	-5.21855681	-2.6261146	1.68031966312514E-08	-1038587154718.49	-0.100980748985886	0
-29	-0.000000000159121	-0.0000002	-10.1938	-2.58239529	-5.18502517	-2.60262988	1.69548195612048E-08	-1045799565515.15	-0.101189241413026	0
-29.2	-6.21557E-11	-0.0000002	-10.1544	-2.56203255	-5.08263216	-2.52059961	1.75065963768835E-08	-1053011976311.81	-0.10376670665961	0
-29.4	0.000000000106919	-0.0000002	-11.3313	-3.64338866	-4.99764405	-1.35425539	3.25840460564827E-08	-1060224387108.46	-0.191821307239891	0
-29.6	-0.000000000249195	-0.0000002	-40.134	-0.713058969	-4.5961918	-3.883132831	1.13637935966863E-08	-1067436797905.12	-6.64462983174223E-02	0
-29.8	0.00000000431106	0	0	-0.714180007	-4.53935177	-3.825171763	0	-1074649208701.77	0	0
-30	0.00000000995437	-0.0000002	-39.9625	-0.711694239	-4.53208348	-3.820389241	1.15504251573197E-08	-1081861619498.43	-6.66370682153061E-02	0
-30.2	0.00000000825129	-0.0000002	-34.0496	-0.759831858	-2.60201178	-1.842179922	2.39537514620681E-08	-1089074030295.09	-0.137279523152453	0
-30.4	0.0000000103277	-0.0000002	-22.1005	-5.13142921	-1.18906644	3.94236277	-1.11930643054444E-08	-1096286441091.74	6.37256950588308E-02	0
-30.6	-0.000000000620556	-0.0000002	-16.1575	-5.96120304	-4.89569902	1.06550402	-4.14143158277338E-08	-1103498851888.4	0.234243867803924	0
-30.8	-0.00000000210223	-0.0000002	-20.9406	-7.25782638	-6.28031705	0.97750933	-4.51424028863233E-08	-1110711262685.06	0.253672343891677	0
-31	-0.00000000459427	-0.0000002	-16.6874	-6.89678478	-7.12047486	-0.22369008	1.97269007190663E-07	-1117923673481.71	-1.10137783170966	0
-31.2	-0.000000000866759	-0.0000002	-15.6763	-7.54751676	-7.65821859	-0.11070183	3.98612380662542E-07	-1125136084278.37	-2.2112373187641	0
-31.4	-0.000000000443816	-0.0000002	-15.1268	-6.80315557	-6.67277244	0.13038313	-3.38441944138018E-07	-1132348495075.02	1.86549332266178	0
-31.6	-0.000000000576174	-0.0000002	-14.6327	-5.97252506	-6.00111613	-2.85910700000001E-02	1.54338819778343E-06	-1139560905871.68	-8.45331899954411	0
-31.8	-0.00000000108932	-0.0000002	-14.453	-5.69994648	-5.7578236	-5.78771199999997E-02	7.62427708911574E-07	-1146773316668.34	-4.14964282789318	0
-32	-0.000000000774384	-0.0000002	-14.2902	-5.51671574	-5.59876164	-8.20458999999998E-02	5.37834553585251E-07	-1153985727464.99	-2.9089609268433	0
-32.2	-0.000000000947809	-0.0000002	-13.9921	-5.38942519	-5.47484594	-8.54207499999999E-02	5.165854900595E-07	-1161198138261.65	-2.77667786104605	0
-32.4	-0.000000000829244	-0.0000002	-13.8383	-5.27390426	-5.36083923	-8.69349699999997E-02	5.07587683069312E-07	-1168410549058.31	-2.71147266596855	0
-32.6	-0.000000000641906	-0.0000002	-13.6097	-5.17847569	-5.25946412	-8.09884299999997E-02	5.44857086376414E-07	-1175622959854.96	-2.89270515419285	0
-32.8	-0.000000000418043	-0.0000002	-13.5101	-5.08630916	-5.16852161	-8.22124500000001E-02	5.36744982055637E-07	-1182835370651.62	-2.83226127960878	0
-33	-0.000000000391567	-0.0000002	-13.2221	-4.99250687	-5.07643201	-8.39251400000007E-02	5.25791437464383E-07	-1190047781448.27	-2.75764739928872	0
-33.2	-0.000000000575089	-0.0000002	-13.0266	-4.90719763	-4.99038319	-8.31855600000004E-02	5.30466104934556E-07	-1197260192244.93	-2.76540485658654	0
-33.4	-0.000000000422275	-0.0000002	-12.8848	-4.82228905	-4.90365172	-8.13626699999999E-02	5.42350933173654E-07	-1204472603041.59	-2.81043205813156	0
-33.6	-0.000000000520587	-0.0000002	-12.7466	-4.75472172	-4.84216431	-8.74425900000002E-02	5.04641045055961E-07	-1211685013838.24	-2.59945593263716	0
-33.8	-0.00000000054599	-0.0000002	-12.6121	-4.70066421	-4.78546665	-8.48024399999998E-02	5.20352008739372E-07	-1218897424634.9	-2.66452439613925	0
-34	-0.000000000253153	-0.0000002	-12.4687	-4.65229494	-4.74169386	-8.93989199999998E-02	4.93597909236488E-07	-1226109835431.56	-2.51265904023099	0
-34.2	-0.000000000604653	-0.0000002	-12.3258	-4.60367432	-4.69137367	-8.76993500000003E-02	5.03163592432553E-07	-1233322246228.21	-2.54637445563033	0
-34.4	-0.000000000357676	-0.0000002	-12.2027	-4.55330196	-4.6388963	-8.55943400000001E-02	5.15537826449739E-07	-1240534657024.87	-2.59382850964202	0
-34.6	-0.000000000628507	-0.0000002	-12.0674	-4.49958265	-4.58081026	-0.08122761	5.43252719118536E-07	-1247747067821.52	-2.71747136064185	0
-34.8	-0.000000000515413	-0.0000002	-12.046	-4.44279153	-4.52286359	-0.08007206	5.51092603337544E-07	-1254959478618.18	-2.74084517575038	0
-35	-0.000000000348437	-0.0000002	-11.8901	-4.39213854	-4.47192135	-7.97828099999993E-02	5.53090571766028E-07	-1262171889414.84	-2.73506326697486	0
-35.2	-0.000000000479221	-0.0000002	-11.703	-4.34148405	-4.42052797	-7.90439200000002E-02	5.58260774516242E-07	-1269384300211.49	-2.74494480476736	0
-35.4	-0.000000000296962	-0.0000002	-11.6426	-4.30034696	-4.3831401	-8.27931400000006E-02	5.32980389438058E-07	-1276596711008.15	-2.6058363238497	0
-35.6	-0.000000000501215	-0.0000002	-11.6008	-4.26163965	-4.34277283	-8.11331800000001E-02	5.43885004877165E-07	-1283809121804.8	-2.644211886287	0
-35.8	-0.000000000423551	-0.0000002	-11.4894	-4.22414391	-4.30844313	-8.42992200000001E-02	5.23458224168621E-07	-1291021532601.46	-2.53068544129652	0
-36	-0.000000000300264	-0.0000002	-11.3875	-4.18943321	-4.2686244	-7.91911900000004E-02	5.57222590038106E-07	-1298233943398.12	-2.67895475979859	0
-36.2	-0.000000000648809	-0.0000002	-11.3655	-4.14864885	-4.22913482	-8.04859699999998E-02	5.48258534996846E-07	-1305446354194.77	-2.62129558806397	0
-36.4	-0.000000000520897	-0.0000002	-11.2095	-4.11528292	-4.19211743	-7.68345099999994E-02	5.74313807688763E-07	-1312658764991.43	-2.73078205261986	0
-36.6	-0.000000000413167	-0.0000002	-11.1281	-4.07936446	-4.15483239	-7.54679300000003E-02	5.84713533284931E-07	-1319871175788.09	-2.76503877656808	0
-36.8	-0.000000000551736	-0.0000002	-11.0263	-4.04078144	-4.11368987	-0.07290843	6.05240299372788E-07	-1327083586584.74	-2.84655241134777	0
-37	-0.000000000607324	-0.0000002	-10.9541	-3.99809008	-4.07290486	-7.48147800000005E-02	5.89818215063918E-07	-1334295997381.4	-2.75902491454016	0
-37.2	-0.000000000610983	-0.0000002	-10.8403	-3.96033041	-4.03568023	-7.53498199999996E-02	5.85630065207856E-07	-1341508408178.05	-2.72470563837402	0
-37.4	-0.000000000537896	-0.0000002	-10.7811	-3.92437108	-3.99905765	-7.46865700000003E-02	5.90830720971653E-07	-1348720818974.71	-2.73420222580465	0
-37.6	-0.000000000328815	-0.0000002	-10.7359	-3.89204607	-3.96576227	-7.37161999999998E-02	5.9860817567916E-07	-1355933229771.37	-2.75545907380956	0
-37.8	-0.000000000543201	-0.0000002	-10.5882	-3.86220408	-3.93696375	-7.47596699999997E-02	5.90253006734783E-07	-1363145640568.02	-2.70262365721055	0
-38	-0.000000000530803	-0.0000002	-10.5736	-3.83704884	-3.91099759	-0.07394875	5.96725705302659E-07	-1370358051364.68	-2.71788023670239	0
-38.2	-0.000000000551379	-0.0000002	-10.4986	-3.81505973	-3.88863431	-7.35745799999998E-02	5.99760406379487E-07	-1377570462161.34	-2.71740014972583	0
-38.4	-0.00000000061605	-0.0000002	-10.443	-3.79105735	-3.86413889	-0.07308154	6.03806652131304E-07	-1384782872957.99	-2.72148430948605	0
-38.6	-0.000000000666225	-0.0000002	-10.3397	-3.76358702	-3.83507786	-7.14908400000001E-02	6.17241593468477E-07	-1391995283754.65	-2.76762372519744	0
-38.8	-0.000000000446939	-0.0000002	-10.2981	-3.73447021	-3.80461644	-7.01462300000002E-02	6.29073294459301E-07	-1399207694551.3	-2.80613582976492	0
-39	-0.000000000367177	-0.0000002	-10.2691	-3.7057053	-3.77522256	-0.06951726	6.34764949021293E-07	-1406420105347.96	-2.81700421163296	0
-39.2	-0.000000000408959	-0.0000002	-10.1894	-3.67752615	-3.75013739	-7.26112400000001E-02	6.07717482858025E-07	-1413632516144.62	-2.68321102125305	0
-39.4	-0.000000000432539	-0.0000002	-10.1344	-3.65594639	-3.72621725	-7.02708599999999E-02	6.27957591525136E-07	-1420844926941.27	-2.75850171989761	0
-39.6	-0.00000000058589	-0.0000002	-10.0651	-3.63259883	-3.70184388	-6.92450500000001E-02	6.37260280698763E-07	-1428057337737.93	-2.78522849955753	0
-39.8	-0.000000000652218	-0.0000002	-9.98259	-3.6080694	-3.67764158	-6.95721799999998E-02	6.34263868115102E-07	-1435269748534.58	-2.7582019776942	0
-40	-0.000000000420594	-0.0000002	-9.94688	-3.58537459	-3.65358795	-6.82133600000001E-02	6.46898496130376E-07	-1442482159331.24	-2.79908003133336	0
-40.2	-0.000000000387561	-0.0000002	-9.89498	-3.56420017	-3.63155207	-6.73519000000002E-02	6.55172608345122E-07	-1449694570127.9	-2.82077759046407	0
-40.4	-0.000000000651145	-0.0000002	-9.85019	-3.54237132	-3.61097916	-6.86078399999999E-02	6.43178971965887E-07	-1456906980924.55	-2.75543162018897	0
-40.6	-0.000000000767875	-0.0000002	-9.78217	-3.5197685	-3.58703989	-6.72713899999997E-02	6.5595671503146E-07	-1464119391721.21	-2.79632930811062	0
-40.8	-0.000000000467849	-0.0000002	-9.70485	-3.49544974	-3.56033525	-6.48855099999999E-02	6.80076645771916E-07	-1471331802517.87	-2.88494052222249	0
-41	-0.000000000786734	-0.0000002	-9.65832	-3.46883259	-3.53423081	-6.53982200000001E-02	6.74744970123039E-07	-1478544213314.52	-2.84836056806161	0
-41.2	-0.000000000278008	-0.0000002	-9.60103	-3.44795721	-3.51357829	-6.56210799999997E-02	6.72453425027449E-07	-1485756624111.18	-2.82490703194877	0
-41.4	-0.000000000532675	-0.0000002	-9.56563	-3.43091293	-3.50004394	-0.06913101	6.38311518955097E-07	-1492969034907.83	-2.66852641703636	0
-41.6	-0.000000000682843	-0.0000002	-9.50067	-3.41977411	-3.4860489	-0.06627479	6.65820593320627E-07	-1500181445704.49	-2.77014854839388	0
-41.8	-0.00000000078553	-0.0000002	-9.44299	-3.40690984	-3.47183437	-6.49245299999999E-02	6.79667915963351E-07	-1507393856501.15	-2.81423042126894	0
-42	-0.000000000788522	-0.0000002	-9.37469	-3.38877221	-3.45316488	-6.43926700000002E-02	6.85281725388928E-07	-1514606267297.8	-2.82396315407525	0
-42.2	-0.000000000778496	-0.0000002	-9.35607	-3.37122117	-3.43668728	-0.06546611	6.74045242645393E-07	-1521818678094.46	-2.76449470643845	0
-42.4	-0.000000000384915	-0.0000002	-9.29637	-3.35541841	-3.42016206	-0.06474365	6.81566763690338E-07	-1529031088891.12	-2.78215750780708	0
-42.6	-0.000000000446904	-0.0000002	-9.26765	-3.3417648	-3.40729396	-6.55291600000001E-02	6.73396698507961E-07	-1536243499687.77	-2.73590207952855	0
-42.8	-0.000000000508118	-0.0000002	-9.23148	-3.33111887	-3.39576575	-6.46468799999997E-02	6.82587001878516E-07	-1543455910484.43	-2.76028172937933	0
-43	-0.000000000645721	-0.0000002	-9.16118	-3.31772312	-3.38101104	-6.32879200000001E-02	6.97243960616812E-07	-1550668321281.08	-2.80643812412849	0
-43.2	-0.000000000691068	-0.0000002	-9.10145	-3.30354557	-3.36605969	-6.25141200000003E-02	7.05874448844513E-07	-1557880732077.74	-2.82802263158859	0
-43.4	-0.000000000592113	-0.0000002	-9.05262	-3.28703269	-3.34670284	-5.96701499999996E-02	7.39517497442193E-07	-1565093142874.4	-2.94915698200095	0
-43.6	-0.00000000046711	-0.0000002	-8.99961	-3.26562708	-3.32561105	-5.99839700000002E-02	7.35648540768473E-07	-1572305553671.05	-2.92027031885862	0
-43.8	-0.00000000061121	-0.0000002	-8.97646	-3.24746222	-3.3084081	-6.09458799999998E-02	7.24037785655079E-07	-1579517964467.71	-2.86105552814178	0
-44	-0.000000000451112	-0.0000002	-8.93184	-3.23161209	-3.29245863	-0.06084654	7.25219872814461E-07	-1586730375264.37	-2.85270054865828	0
-44.2	-0.000000000422752	-0.0000002	-8.85418	-3.21571885	-3.27534404	-5.96251899999998E-02	7.40075125966058E-07	-1593942786061.02	-2.89796211873239	0
-44.4	-0.000000000274122	-0.0000002	-8.82109	-3.19723445	-3.25716349	-5.99290400000001E-02	7.36322824460394E-07	-1601155196857.68	-2.87028128038095	0
-44.6	-0.000000000624299	-0.0000002	-8.78984	-3.1781059	-3.23793416	-5.98282600000002E-02	7.37563151594244E-07	-1608367607654.33	-2.86222333750785	0
-44.8	-0.000000000506485	-0.0000002	-8.72981	-3.15895956	-3.21829767	-5.93381100000001E-02	7.43655637161344E-07	-1615580018450.99	-2.87298280153335	0
-45	-0.000000000701082	-0.0000002	-8.65057	-3.14342194	-3.20242192	-5.89999799999998E-02	7.47917541666965E-07	-1622792429247.65	-2.87660592948833	0
-45.2	-0.000000000671458	-0.0000002	-8.62212	-3.12852966	-3.18749059	-0.05896093	7.48412889688137E-07	-1630004840044.3	-2.86577433934362	0
-45.4	-0.000000000435603	-0.0000002	-8.61062	-3.11511223	-3.17384316	-5.87309300000003E-02	7.51343797893202E-07	-1637217250840.96	-2.86432318749526	0
-45.6	-0.000000000733292	-0.0000002	-8.5811	-3.10223082	-3.15971496	-5.74841400000001E-02	7.6763990902534E-07	-1644429661637.62	-2.91361301502533	0
-45.8	-0.000000000385284	-0.0000002	-8.53329	-3.08949087	-3.14653154	-5.70406699999997E-02	7.73608023888924E-07	-1651642072434.27	-2.92344315376231	0
-46	-0.000000000494778	-0.0000002	-8.48241	-3.07568227	-3.13298719	-0.05730492	7.70040687605881E-07	-1658854483230.93	-2.89731027945357	0
-46.2	-0.000000000424206	-0.0000002	-8.35873	-3.06323501	-3.11967238	-5.64373699999998E-02	7.81877681401528E-07	-1666066894027.58	-2.92911219306267	0
-46.4	-0.00000000085367	-0.0000002	-8.35145	-3.04931634	-3.10473824	-5.54219000000002E-02	7.96203666781539E-07	-1673279304824.24	-2.96992415493777	0
-46.6	-0.000000000565791	-0.0000002	-8.33474	-3.03784207	-3.09276355	-0.05492148	8.03458319040201E-07	-1680491715620.9	-2.984122181975	0
-46.8	-0.000000000521326	-0.0000002	-8.28412	-3.0254884	-3.08209538	-5.66069800000002E-02	7.79534961942853E-07	-1687704126417.55	-2.88289556931529	0
-47	-0.000000000360084	-0.0000002	-8.23846	-3.01566516	-3.07210251	-5.64373499999999E-02	7.81877958479625E-07	-1694916537214.21	-2.87925598458127	0
-47.2	-0.000000000766897	-0.0000002	-8.22717	-3.00599319	-3.06251561	-5.65224200000003E-02	7.80701180168856E-07	-1702128948010.86	-2.86274063784212	0
-47.4	-0.000000000768614	-0.0000002	-8.18677	-2.99638432	-3.05176758	-5.53832599999997E-02	7.96759165134017E-07	-1709341358807.52	-2.90929588047962	0
-47.6	-0.000000000447989	-0.0000002	-8.15453	-2.98562837	-3.04159758	-5.59692099999998E-02	7.88417774701486E-07	-1716553769604.18	-2.86674207026235	0
-47.8	-0.00000000057503	-0.0000002	-8.12263	-2.9740498	-3.03147382	-0.05742402	7.68443588588886E-07	-1723766180400.83	-2.78242367931283	0
-48	-0.000000000700235	-0.0000002	-8.0787	-2.96386874	-3.01939848	-5.55297399999999E-02	7.94657421410583E-07	-1730978591197.49	-2.8653512791247	0
-48.2	-0.000000000688851	-0.0000002	-8.03502	-2.95180925	-3.00763343	-5.58241799999997E-02	7.90466066854905E-07	-1738191001994.15	-2.83841150721918	0
-48.4	-0.000000000850058	-0.0000002	-8.0478	-2.94027051	-2.99336142	-5.30909099999999E-02	8.311614926171E-07	-1745403412790.8	-2.972208134756	0
-48.6	-0.000000000730479	-0.0000002	-7.98937	-2.92707209	-2.97963648	-5.25643900000001E-02	8.39486960659106E-07	-1752615823587.46	-2.98962592827317	0
-48.8	-0.000000000728798	-0.0000002	-7.99472	-2.91677643	-2.96785953	-0.0510831	8.63830112111441E-07	-1759828234384.11	-3.06371020216069	0
-49	-0.000000000662911	-0.0000002	-7.97086	-2.9059204	-2.957918	-0.0519976	8.48637629429051E-07	-1767040645180.77	-2.99754264711988	0
-49.2	-0.000000000880802	-0.0000002	-7.92207	-2.89860412	-2.95075856	-5.21544400000002E-02	8.46085587344046E-07	-1774253055977.43	-2.97637988043168	0
-49.4	-0.000000000783372	-0.0000002	-7.85057	-2.88788904	-2.9406194	-0.05273036	8.36844656474942E-07	-1781465466774.08	-2.93195340558801	0
-49.6	-0.000000000792217	-0.0000002	-7.82476	-2.87774337	-2.92963904	-5.18956699999999E-02	8.50304466634693E-07	-1788677877570.74	-2.96709840249389	0
-49.8	-0.000000000682211	-0.0000002	-7.81151	-2.86705048	-2.91861246	-5.15619799999998E-02	8.55807321596265E-07	-1795890288367.4	-2.97430718812418	0
-50	-0.000000000801873	-0.0000002	-7.79446	-2.85887173	-2.91076476	-0.05189303	8.50347724925679E-07	-1803102699164.05	-2.94351135551196	0
-50.2	-0.000000000620127	-0.0000002	-7.77895	-2.8503514	-2.90278644	-5.24350399999998E-02	8.41557859019468E-07	-1810315109960.71	-2.90147898068312	0
-50.4	-0.000000000590265	-0.0000002	-7.73796	-2.84484102	-2.89502278	-5.01817600000001E-02	8.79345802140059E-07	-1817527520757.36	-3.01973146339306	0
-50.6	-0.00000000101106	-0.0000002	-7.69431	-2.83665225	-2.88742836	-5.07761099999997E-02	8.69052788801668E-07	-1824739931554.02	-2.97258859045873	0
-50.8	-0.000000000606	-0.0000002	-7.67946	-2.83005388	-2.88059042	-0.05053654	8.73172559894287E-07	-1831952342350.68	-2.97492165318314	0
-51	-0.000000000463724	-0.0000002	-7.66436	-2.82250345	-2.87356771	-0.05106426	8.64148819546196E-07	-1839164753147.33	-2.93263174054139	0
-51.2	-0.00000000049144	-0.0000002	-7.64023	-2.81835914	-2.87002946	-5.16703199999999E-02	8.54012903345674E-07	-1846377163943.99	-2.886912608966	0
-51.4	-0.000000000596809	-0.0000002	-7.59904	-2.81320007	-2.86238377	-4.91836999999999E-02	8.97189922677636E-07	-1853589574740.65	-3.02106753370949	0
-51.6	-0.000000000804293	-0.0000002	-7.57993	-2.80589017	-2.85588701	-4.99968399999999E-02	8.8259818020499E-07	-1860801985537.3	-2.96041428959634	0
-51.8	-0.00000000076046	-0.0000002	-7.55319	-2.79898004	-2.84662458	-4.76445399999998E-02	9.26173702170283E-07	-1868014396333.96	-3.09458097695744	0
-52	-0.000000000659049	-0.0000002	-7.52281	-2.78842807	-2.83669896	-0.04827089	9.14155922958952E-07	-1875226807130.61	-3.04267873765923	0
-52.2	-0.000000000627232	-0.0000002	-7.4834	-2.77862522	-2.82673453	-4.81093100000001E-02	9.17226208399163E-07	-1882439217927.27	-3.04120095623065	0
-52.4	-0.000000000798881	-0.0000002	-7.44803	-2.76742212	-2.81597697	-4.85548499999999E-02	9.08809727555539E-07	-1889651628723.93	-3.00179372724598	0
-52.6	-0.00000000103291	-0.0000002	-7.43299	-2.75866526	-2.80812098	-4.94557200000001E-02	8.92255132470014E-07	-1896864039520.58	-2.93590823056088	0
-52.8	-0.000000000819707	-0.0000002	-7.38781	-2.75066489	-2.79941434	-4.87494499999999E-02	9.05181904616362E-07	-1904076450317.24	-2.96716096355888	0
-53	-0.000000000836444	-0.0000002	-7.3665	-2.74100926	-2.78763222	-4.66229600000001E-02	9.46467577348154E-07	-1911288861113.89	-3.09078671848091	0
-53.2	-0.000000000700879	-0.0000002	-7.3471	-2.73388597	-2.78267714	-4.87911699999999E-02	9.04407908234217E-07	-1918501271910.55	-2.94233342036869	0
-53.4	-0.000000000468171	-0.0000002	-7.3262	-2.72883565	-2.77541477	-4.65791199999996E-02	9.47358387191521E-07	-1925713682707.21	-3.07052199824391	0
-53.6	-0.000000000838411	-0.0000002	-7.29388	-2.72284519	-2.76923669	-4.63914999999999E-02	9.51189765366502E-07	-1932926093503.86	-3.07143652708758	0
-53.8	-0.000000000910544	-0.0000002	-7.28551	-2.71548791	-2.76119497	-4.57070600000002E-02	9.65433348808691E-07	-1940138504300.52	-3.10584077040257	0
-54	-0.000000000412822	-0.0000002	-7.25931	-2.70417612	-2.75015286	-0.04597674	9.59770527444965E-07	-1947350915097.18	-3.07618758796463	0
-54.2	-0.000000000760007	-0.0000002	-7.22404	-2.69659212	-2.74237994	-4.57878200000001E-02	9.63730529210604E-07	-1954563325893.83	-3.07748182049937	0
-54.4	-0.000000000857985	-0.0000002	-7.20964	-2.69164736	-2.73812165	-4.64742899999999E-02	9.49495301595787E-07	-1961775736690.49	-3.02087730287121	0
-54.6	-0.00000000063411	-0.0000002	-7.18318	-2.68882708	-2.73499111	-4.61640300000004E-02	9.55876685809269E-07	-1968988147487.14	-3.03004021283581	0
-54.8	-0.000000000509036	-0.0000002	-7.16511	-2.68772554	-2.73438653	-4.66609899999999E-02	9.45696180042474E-07	-1976200558283.8	-2.98682819356481	0
-55	-0.000000000807083	-0.0000002	-7.13768	-2.6862887	-2.73130294	-0.04501424	9.80292458564224E-07	-1983412969080.46	-3.08483640806924	0
