-15	0.000000000361252	0	0	-0.292418088	-1.01016993	-0.717751842	0	-540930809749.216	0	0
-15.2	2.00987E-11	0	0	-3.58416188	-4.45818283	-0.87402095	0	-548143220545.872	0	0
-15.4	7.75814E-11	0	0	-6.85094736	-7.91554928	-1.06460192	0	-555355631342.528	0	0
-15.6	1.95622E-11	0	0	-9.11162604	-9.23445374	-0.122827699999998	0	-562568042139.184	0	0
-15.8	3.67284E-11	0	0	-9.21069269	-9.33757615	-0.12688346	0	-569780452935.84	0	0
-16	7.13825E-11	0	0	-9.3181889	-9.45057439	-0.132385489999999	0	-576992863732.497	0	0
-16.2	0.000000000105238	0	0	-9.43565916	-9.57177412	-0.13611496	0	-584205274529.153	0	0
-16.4	0.000000000095427	0	0	-9.56015668	-9.70070402	-0.140547339999999	0	-591417685325.809	0	0
-16.6	4.70877E-12	0	0	-9.69096207	-9.83121124	-0.140249170000001	0	-598630096122.465	0	0
-16.8	4.97222E-11	0	0	-9.81877548	-9.96185055	-0.14307507	0	-605842506919.121	0	0
-17	-0.000000000120926	0	0	-9.94728567	-10.0902939	-0.143008230000001	0	-613054917715.778	0	0
-17.2	8.44359E-11	0	0	-10.0719565	-10.2200225	-0.148066	0	-620267328512.434	0	0
-17.4	4.26412E-11	0	0	-10.2019174	-10.3492509	-0.1473335	0	-627479739309.09	0	0
-17.6	8.18729E-11	0	0	-10.3228545	-10.4706908	-0.1478363	0	-634692150105.746	0	0
-17.8	-6.93202E-11	0	0	-10.4407699	-10.5903399	-0.149570000000001	0	-641904560902.402	0	0
-18	6.35147E-11	0	0	-10.5553795	-10.703889	-0.148509499999999	0	-649116971699.059	0	0
-18.2	-0.000000000048542	0	0	-10.6612683	-10.8099227	-0.1486544	0	-656329382495.715	0	0
-18.4	-3.70264E-11	0	0	-10.764744	-10.9155279	-0.1507839	0	-663541793292.371	0	0
-18.6	0.000000000108743	0	0	-10.8656517	-11.016703	-0.151051299999999	0	-670754204089.027	0	0
-18.8	-0.00000000028708	0	0	-10.9632668	-11.1156092	-0.1523424	0	-677966614885.683	0	0
-19	1.13368E-11	0	0	-11.0558836	-11.208623	-0.1527394	0	-685179025682.34	0	0
-19.2	-0.00000000020051	0	0	-11.143611	-11.2957944	-0.1521834	0	-692391436478.996	0	0
-19.4	-0.000000000136602	0	0	-11.2202864	-11.3769554	-0.156668999999999	0	-699603847275.652	0	0
-19.6	-8.99792E-11	0	0	-11.3028348	-11.4605468	-0.157712	0	-706816258072.308	0	0
-19.8	-8.50678E-11	0	0	-11.3772096	-11.5331576	-0.155947999999999	0	-714028668868.964	0	0
-20	-4.37975E-11	0	0	-11.4425126	-11.5973263	-0.1548137	0	-721241079665.621	0	0
-20.2	-0.000000000275993	0	0	-11.50107	-11.6542857	-0.153215700000001	0	-728453490462.277	0	0
-20.4	-8.12888E-11	0	0	-11.5581802	-11.7127986	-0.154618399999999	0	-735665901258.933	0	0
-20.6	-0.000000000184441	0	0	-11.614232	-11.7735456	-0.159313600000001	0	-742878312055.589	0	0
-20.8	9.92179E-11	0	0	-11.6773218	-11.8389429	-0.1616211	0	-750090722852.245	0	0
-21	-0.00000000015521	0	0	-11.0096999	-7.53251911	3.47718079	0	-757303133648.902	0	0
-21.2	0.000000000427079	0	0	-10.5072954	-7.66263332	2.84466208	0	-764515544445.558	0	0
-21.4	0.000000000292408	0	0	-10.0108527	-7.76125042	2.24960228	0	-771727955242.214	0	0
-21.6	0.000000000100315	0	0	-8.76820729	-7.77024839	0.9979589	0	-778940366038.87	0	0
-21.8	0.000000000339949	0	0	-0.949983183	-7.14361223	-6.193629047	0	-786152776835.527	0	0
-22	-0.000000000246382	0	0	-7.3687242	-7.36558431	3.13988999999992E-03	0	-793365187632.183	0	0
-22.2	-0.000000000162685	0	0	-4.30798292	-7.94372164	-3.63573872	0	-800577598428.839	0	0
-22.4	5.74827E-11	0	0	-5.3441166	-8.02682227	-2.68270567	0	-807790009225.495	0	0
-22.6	2.63691E-11	0	0	-6.39374402	-8.10798829	-1.71424427	0	-815002420022.151	0	0
-22.8	-4.90904E-11	-0.0000003	-50.2502	-4.34180496	-8.17606479	-3.83425983	1.72629615453056E-08	-822214830818.808	-0.131044748572664	0
-23	6.27637E-11	0	0	-4.39647921	-8.23488045	-3.83840124	0	-829427241615.464	0	0
-23.2	1.92761E-11	-0.0000003	-49.9393	-4.41214502	-8.30205902	-3.889914	1.70159751603763E-08	-836639652412.12	-0.126942785513417	0
-23.4	0.000000000216246	0	0	-4.46300773	-8.37103024	-3.90802251	0	-843852063208.776	0	0
-23.6	-0.000000000185382	-0.0000003	-48.0957	-4.47169805	-8.44831987	-3.97662182	1.66449521719921E-08	-851064474005.433	-0.122070216385209	0
-23.8	0.000000000161397	-0.0000003	-45.5216	-4.47918357	-8.48393321	-4.00474964	1.65280444347577E-08	-858276884802.089	-0.120194246859098	0
-24	-0.000000000277603	-0.0000003	-42.8623	-4.49000161	-8.55648192	-4.06648031	1.62771426280434E-08	-865489295598.745	-0.117383240106082	0
-24.2	0.000000000217283	-0.0000003	-40.2377	-4.47585133	-8.62393066	-4.14807933	1.59569465128817E-08	-872701706395.401	-0.114123107609611	0
-24.4	-0.000000000252032	-0.0000003	-37.298	-4.45992886	-8.69287191	-4.23294305	1.56370353246307E-08	-879914117192.057	-0.110918440984928	0
-24.6	0.000000000139225	-0.0000003	-35.5084	-4.41722096	-8.75378937	-4.33656841	1.52633773394111E-08	-887126527988.714	-0.107387739254768	0
-24.8	-0.000000000426781	-0.0000003	-32.802	-4.36107539	-8.82327645	-4.46220106	1.48336390740761E-08	-894338938785.37	-0.103522605200593	0
-25	0.000000000196838	-0.0000003	-30.8787	-4.3245233	-8.87057716	-4.54605386	1.45600298717094E-08	-901551349582.026	-0.100800206804142	0
-25.2	3.88622E-12	-0.0000003	-29.3189	-4.27626145	-8.88302543	-4.60676398	1.43681508945027E-08	-908763760378.682	-9.86823550446617E-02	0
-25.4	-9.65595E-11	-0.0000003	-26.8447	-4.23779622	-8.94745235	-4.70965613	1.40542490094707E-08	-915976171175.338	-9.57663848313417E-02	0
-25.6	0.000000000151968	-0.0000003	-25.5272	-4.18682527	-8.98036562	-4.79354035	1.38083076738887E-08	-923188581971.995	-0.093355445511567	0
-25.8	-4.20332E-11	-0.0000003	-25.0844	-4.13232916	-8.95218702	-4.81985786	1.37329112024893E-08	-930400992768.651	-9.21259696052501E-02	0
-26	-0.000000000340247	-0.0000003	-25.5307	-4.09921533	-8.95430561	-4.85509028	1.36332542100535E-08	-937613403565.307	-9.07539111615989E-02	0
-26.2	0.000000000191092	-0.0000003	-25.1997	-4.07568346	-8.9281951	-4.85251164	1.36404989643672E-08	-944825814361.963	-9.01089919842228E-02	0
-26.4	-3.89338E-11	-0.0000003	-24.4979	-4.02612154	-8.87813135	-4.85200981	1.36419097635749E-08	-952038225158.619	-8.94355972262338E-02	0
-26.6	-5.61237E-11	-0.0000003	-24.3007	-3.99630979	-8.81599655	-4.81968676	1.37333987240283E-08	-959250635955.276	-8.93584358850886E-02	0
-26.8	-0.000000000318539	-0.0000003	-23.4478	-3.93485437	-8.72199449	-4.78714012	1.3826768872602E-08	-966463046751.932	-8.92945750957359E-02	0
-27	-0.000000000280404	-0.0000003	-23.1356	-3.88870736	-8.64503954	-4.75633218	1.3916328274616E-08	-973675457548.588	-8.92072325295898E-02	0
-27.2	3.06487E-11	-0.0000003	-22.7614	-3.85171136	-8.58145107	-4.72973971	1.39945713841407E-08	-980887868345.244	-8.90491674613026E-02	0
-27.4	1.10984E-11	-0.0000003	-22.2594	-3.82641809	-8.52539526	-4.69897717	1.40861888886342E-08	-988100279141.9	-8.89778916323051E-02	0
-27.6	-8.29101E-11	-0.0000003	-22.306	-3.79845207	-8.49408018	-4.69562811	1.4096235572625E-08	-995312689938.557	-8.83961260825148E-02	0
-27.8	6.23465E-12	-0.0000003	-21.7958	-3.77144374	-8.46676397	-4.69532023	1.40971598863663E-08	-1002525100735.21	-8.77659373113561E-02	0
-28	0.00000000017786	-0.0000003	-21.3645	-3.72878491	-8.35571337	-4.62692846	1.43055334812763E-08	-1009737511531.87	-8.84270613540428E-02	0
-28.2	0.000000000537932	-0.0000003	-21.0107	-3.71121124	-8.27172104	-4.5605098	1.45138773739725E-08	-1016949922328.53	-8.90786254540049E-02	0
-28.4	-0.00000000030967	-0.0000003	-20.7831	-3.6752522	-8.19189581	-4.51664361	1.46548379096043E-08	-1024162333125.18	-0.089310361041738	0
-28.6	0.000000000224829	-0.0000003	-20.6583	-3.65845709	-8.15012318	-4.49166609	1.47363313910095E-08	-1031374743921.84	-8.91789823285945E-02	0
-28.8	-0.000000000407493	-0.0000003	-20.1699	-3.63162341	-8.04176777	-4.41014436	1.50087331835097E-08	-1038587154718.49	-9.01967138432071E-02	0
-29	6.00815E-11	-0.0000003	-20.1526	-3.58843205	-7.95441053	-4.36597848	1.51605602966692E-08	-1045799565515.15	-9.04807975265401E-02	0
-29.2	-0.000000000390565	-0.0000003	-19.8691	-3.56729749	-7.84814107	-4.28084358	1.54620646055E-08	-1053011976311.81	-9.16481700800186E-02	0
-29.4	3.19123E-11	-0.0000003	-19.5287	-3.53283148	-7.73558935	-4.20275787	1.57493441324518E-08	-1060224387108.46	-9.27159191470866E-02	0
-29.6	2.76923E-11	-0.0000003	-19.3237	-3.51227313	-7.63957521	-4.12730208	1.60372753719059E-08	-1067436797905.12	-9.37730498617159E-02	0
-29.8	-0.00000000024308	-0.0000003	-19.0598	-3.48830957	-7.52124607	-4.0329365	1.64125271994736E-08	-1074649208701.77	-0.095323144550376	0
-30	-0.000000000462925	-0.0000003	-18.9212	-3.46576934	-7.36480803	-3.89903869	1.69761536785366E-08	-1081861619498.43	-9.79393481454034E-02	0
-30.2	-0.000000000235867	-0.0000003	-18.6909	-3.45031564	-7.32338295	-3.87306731	1.70899895876067E-08	-1089074030295.09	-9.79431395112459E-02	0
-30.4	1.17064E-11	-0.0000003	-18.4554	-3.42344223	-7.19099255	-3.76755032	1.75686253342464E-08	-1096286441091.74	-0.10002380314285	0
-30.6	-6.88434E-11	-0.0000003	-18.3297	-3.4032055	-7.10341208	-3.70020658	1.78883742215279E-08	-1103498851888.4	-0.101178587225837	0
-30.8	1.53184E-11	-0.0000003	-18.1419	-3.38366941	-7.01164952	-3.62798011	1.82444991408732E-08	-1110711262685.06	-0.102522784882529	0
-31	-0.000000000113559	-0.0000003	-18.2104	-3.36168272	-6.88944113	-3.52775841	1.87628154502791E-08	-1117923673481.71	-0.104755173109499	0
-31.2	-0.0000000006055	-0.0000003	-17.9803	-3.3349021	-6.73594983	-3.40104773	1.94618497753338E-08	-1125136084278.37	-0.107961444759618	0
-31.4	-2.96831E-11	-0.0000003	-18.1818	-3.31072984	-6.6269055	-3.31617566	1.9959943858945E-08	-1132348495075.02	-0.110019288786444	0
-31.6	-0.00000000113605	-0.0000003	-17.893	-3.29920022	-6.54154987	-3.24234965	2.04144176739236E-08	-1139560905871.68	-0.111812170804109	0
-31.8	-0.000000000356019	-0.0000003	-19.5085	-4.38669825	-6.37749889	-1.99080064	3.32482714090347E-08	-1146773316668.34	-0.18095938720447	0
-32	-0.000000000494611	-0.0000003	-19.3837	-5.45624108	-6.31611367	-0.85987259	7.69773112549151E-08	-1153985727464.99	-0.416343630585478	0
-32.2	6.57916E-11	-0.0000003	-19.112	-6.48805372	-6.19347016	0.29458356	-2.24692375908554E-07	-1161198138261.65	1.20773493978559	0
-32.4	0.000000000264156	0	0	-7.25502432	-6.0780481	1.17697622	0	-1168410549058.31	0	0
-32.6	0.00000000623674	0	0	-7.93596237	-7.7350562	0.200906170000001	0	-1175622959854.96	0	0
-32.8	-0.00000000030781	0	0	-9.36572735	-9.41604509	-5.03177400000006E-02	0	-1182835370651.62	0	0
-33	-0.00000000263615	-0.0000003	-42.2317	-10.705059	-10.8763999	-0.171340899999999	3.86309865303617E-07	-1190047781448.27	-2.02610069215184	0
-33.2	-0.00000000476136	-0.0000003	-30.0696	-10.6791423	-10.6056058	7.35365000000012E-02	-9.00106477735531E-07	-1197260192244.93	4.69239938578532	0
-33.4	-0.00000000189748	-0.0000003	-27.7157	-9.5196332	-9.38874593	0.130887269999999	-5.05707545126433E-07	-1204472603041.59	2.6205480804571	0
-33.6	-0.00000000145779	-0.0000003	-26.8455	-8.2925427	-8.16880779	0.12373491	-5.34939412005878E-07	-1211685013838.24	2.75552581733797	0
-33.8	-0.00000000115306	-0.0000003	-26.6147	-7.43042716	-7.49318229	-6.27551300000002E-02	1.05474532520289E-06	-1218897424634.9	-5.40094897975992	0
-34	-0.000000000134492	-0.0000003	-26.3831	-7.09649511	-7.20113116	-0.10463605	6.32580071591006E-07	-1226109835431.56	-3.22014742325738	0
-34.2	-0.000000000579846	-0.0000003	-26.0887	-6.88237724	-6.992526	-0.11014876	6.00920791119213E-07	-1233322246228.21	-3.04109712104865	0
-34.4	-0.0000000012625	-0.0000003	-25.8367	-6.68273384	-6.80327012	-0.12053628	5.49134916060129E-07	-1240534657024.87	-2.7628657449358	0
-34.6	-0.000000000500214	-0.0000003	-25.2657	-6.52821858	-6.65278422	-0.12456564	5.31371893565512E-07	-1247747067821.52	-2.65804081930281	0
-34.8	-0.000000000322914	-0.0000003	-25.0126	-6.38358896	-6.51084298	-0.12725402	5.20146082614916E-07	-1254959478618.18	-2.58693343475588	0
-35	5.82695E-11	-0.0000003	-24.8965	-6.25626056	-6.37906708	-0.122806519999999	5.38983435081463E-07	-1262171889414.84	-2.66530270095229	0
-35.2	-0.000000000587642	-0.0000003	-24.6132	-6.12916879	-6.25905644	-0.129887650000001	5.09599488481004E-07	-1269384300211.49	-2.50567930306438	0
-35.4	-0.000000000237012	-0.0000003	-23.9425	-6.01876185	-6.15086483	-0.13210298	5.01053647692126E-07	-1276596711008.15	-2.44974078076333	0
-35.6	-0.000000000533724	-0.0000003	-24.1102	-5.92412299	-6.05567582	-0.13155283	5.03149039059059E-07	-1283809121804.8	-2.4461653800408	0
-35.8	-0.000000000475812	-0.0000003	-23.7959	-5.84743543	-5.97305978	-0.12562435	5.26893711290845E-07	-1291021532601.46	-2.54729447873743	0
-36	-0.000000000550222	-0.0000003	-23.6727	-5.77737078	-5.90576022	-0.12838944	5.15546138373996E-07	-1298233943398.12	-2.47858720372113	0
-36.2	-4.00662E-11	-0.0000003	-23.4807	-5.70600656	-5.83206717	-0.126060610000001	5.25070281668474E-07	-1305446354194.77	-2.51042952348931	0
-36.4	-0.000000000428081	-0.0000003	-23.4512	-5.62866485	-5.75667678	-0.12801193	5.17066495286805E-07	-1312658764991.43	-2.45857906676946	0
-36.6	-0.000000000196302	-0.0000003	-23.0525	-5.55651817	-5.68153506	-0.125016889999999	5.29453900189009E-07	-1319871175788.09	-2.50372273103251	0
-36.8	-0.00000000028019	-0.0000003	-23.1945	-5.4871279	-5.61284047	-0.12571257	5.26523958582661E-07	-1327083586584.74	-2.47633550754805	0
-37	-0.000000000347412	-0.0000003	-22.8373	-5.42787664	-5.55084118	-0.12296454	5.38290795053599E-07	-1334295997381.4	-2.51799228455426	0
-37.2	-0.000000000536931	-0.0000003	-22.7292	-5.37027331	-5.49451731	-0.124244	5.32747496861015E-07	-1341508408178.05	-2.47866391219455	0
-37.4	-0.000000000693762	-0.0000003	-22.485	-5.32137424	-5.44527218	-0.12389794	5.34235516748705E-07	-1348720818974.71	-2.47229517211967	0
-37.6	-0.000000000871444	-0.0000003	-22.4206	-5.27113643	-5.39298247	-0.121846039999999	5.43232098474438E-07	-1355933229771.37	-2.50055691810042	0
-37.8	-0.000000000842464	-0.0000003	-22.1176	-5.21991655	-5.34200047	-0.122083920000001	5.42173613036014E-07	-1363145640568.02	-2.48247991316856	0
-38	-0.000000000607038	-0.0000003	-21.8145	-5.17263936	-5.29371754	-0.12107818	5.46677196502291E-07	-1370358051364.68	-2.48992650228776	0
-38.2	-0.000000000178039	-0.0000003	-21.8752	-5.12666848	-5.24707332	-0.12040484	5.49734379448534E-07	-1377570462161.34	-2.49074175142811	0
-38.4	-0.000000000860524	-0.0000003	-21.8498	-5.08372123	-5.2017246	-0.11800337	5.60921946551186E-07	-1384782872957.99	-2.52819386967181	0
-38.6	-0.000000000252986	-0.0000003	-21.4913	-5.0368767	-5.15442614	-0.11754944	5.63088007905438E-07	-1391995283754.65	-2.52480673134164	0
-38.8	-0.000000000646842	-0.0000003	-21.2873	-4.98712064	-5.10289755	-0.11577691	5.71708814823266E-07	-1399207694551.3	-2.55024748880323	0
-39	-0.000000000667238	-0.0000003	-21.2886	-4.94147589	-5.0605728	-0.11909691	5.55771598104436E-07	-1406420105347.96	-2.46644200342205	0
-39.2	-0.000000000719154	-0.0000003	-21.2807	-4.90139207	-5.02081037	-0.1194183	5.54275852193506E-07	-1413632516144.62	-2.44725405697682	0
-39.4	-0.000000000663435	-0.0000003	-21.1968	-4.86406852	-4.98331303	-0.11924451	5.5508366800283E-07	-1420844926941.27	-2.43838003320259	0
-39.6	-0.000000000190365	-0.0000003	-21.0478	-4.82956501	-4.94633412	-0.116769110000001	5.66850941999982E-07	-1428057337737.93	-2.47749537587405	0
-39.8	-0.000000000328207	-0.0000003	-20.8735	-4.78998321	-4.9048765	-0.11489329	5.76105706434203E-07	-1435269748534.58	-2.50529153358515	0
-40	-0.000000000502813	-0.0000003	-20.577	-4.75169902	-4.86575014	-0.11405112	5.80359754467996E-07	-1442482159331.24	-2.51117201452498	0
-40.2	-0.00000000065403	-0.0000003	-20.5827	-4.71824055	-4.83031038	-0.11206983	5.90619973279159E-07	-1449694570127.9	-2.5428529274361	0
-40.4	4.69685E-11	-0.0000003	-20.3675	-4.68379442	-4.79356256	-0.10976814	6.03004478348636E-07	-1456906980924.55	-2.58332078500463	0
-40.6	-0.000000000328743	-0.0000003	-20.3407	-4.65027692	-4.75782647	-0.107549550000001	6.15443579261833E-07	-1464119391721.21	-2.62362268537159	0
-40.8	-0.000000000654221	-0.0000003	-20.2986	-4.612515	-4.71993017	-0.107415169999999	6.16213519933919E-07	-1471331802517.87	-2.61402794089615	0
-41	-0.000000000199544	-0.0000003	-19.888	-4.5736026	-4.68349391	-0.10989131	6.0232860996925E-07	-1478544213314.52	-2.54266298767507	0
-41.2	-0.00000000106241	-0.0000003	-19.8908	-4.54049503	-4.6492422	-0.10874717	6.08665770336828E-07	-1485756624111.18	-2.55694171631416	0
-41.4	-0.000000000845516	-0.0000003	-19.8909	-4.50339956	-4.61005634	-0.10665678	6.20595146412634E-07	-1492969034907.83	-2.59446131443409	0
-41.6	-0.000000000695562	-0.0000003	-19.8641	-4.46589495	-4.57548486	-0.10958991	6.03985166152612E-07	-1500181445704.49	-2.5128820707163	0
-41.8	-0.000000000292349	-0.0000003	-19.5583	-4.43824156	-4.54493876	-0.1066972	6.20360046936563E-07	-1507393856501.15	-2.5686604814267	0
-42	-0.000000000451744	-0.0000003	-19.4542	-4.41260042	-4.51822149	-0.10562107	6.26680642413489E-07	-1514606267297.8	-2.58247517478086	0
-42.2	-0.000000000443375	-0.0000003	-20.6363	-4.38972121	-4.49664816	-0.10692695	6.19027102147774E-07	-1521818678094.46	-2.53884611708438	0
-42.4	-3.00884E-11	-0.0000003	-20.5485	-4.35900765	-4.46519354	-0.10618589	6.23347226265185E-07	-1529031088891.12	-2.5445051870404	0
-42.6	-0.000000000951338	-0.0000003	-20.4514	-4.33154154	-4.43677432	-0.10523278	6.28992981084413E-07	-1536243499687.77	-2.55549694373407	0
-42.8	-0.00000000109503	-0.0000003	-20.0636	-4.30437664	-4.40885163	-0.10447499	6.33555265236207E-07	-1543455910484.43	-2.56200457724922	0
-43	-0.000000000635374	-0.0000003	-20.0532	-4.27626908	-4.37891792	-0.102648840000001	6.44826380892367E-07	-1550668321281.08	-2.59545502148091	0
-43.2	-0.00000000049243	-0.0000003	-19.9162	-4.25135532	-4.35210535	-0.10075003	6.56979258467712E-07	-1557880732077.74	-2.63212843937385	0
-43.4	-0.000000000834084	-0.0000003	-19.7088	-4.22979498	-4.32964821	-9.98532299999999E-02	6.62879708548237E-07	-1565093142874.4	-2.64352950059116	0
-43.6	-0.000000000554752	-0.0000003	-19.518	-4.20628599	-4.30568161	-9.93956200000001E-02	6.65931557145072E-07	-1572305553671.05	-2.64351800207553	0
-43.8	-0.000000000749481	-0.0000003	-19.4586	-4.1836786	-4.28215952	-9.84809200000001E-02	6.72116791760271E-07	-1579517964467.71	-2.65588827091783	0
-44	-0.000000000563323	-0.0000003	-19.3506	-4.15382935	-4.24902448	-9.51951300000005E-02	6.9531582130304E-07	-1586730375264.37	-2.73507097540532	0
-44.2	-0.000000000554752	-0.0000003	-19.2882	-4.12439034	-4.21931888	-9.49285400000006E-02	6.97268492699873E-07	-1593942786061.02	-2.73034129581398	0
-44.4	-0.000000000485969	-0.0000003	-19.3258	-4.09631948	-4.190507	-9.41875200000002E-02	7.02754250244617E-07	-1601155196857.68	-2.73942665116145	0
-44.6	-0.00000000029155	-0.0000003	-19.1705	-4.07237976	-4.1705111	-9.81313400000001E-02	6.74511119485375E-07	-1608367607654.33	-2.61754056371523	0
-44.8	-0.00000000020076	-0.0000003	-19.1572	-4.05240631	-4.14882273	-9.64164199999997E-02	6.86508376892652E-07	-1615580018450.99	-2.6522044093552	0
-45	-8.64506E-11	-0.0000003	-19.0655	-4.03514599	-4.13215399	-9.70079999999998E-02	6.82321870361209E-07	-1622792429247.65	-2.62431488600465	0
-45.2	-0.000000000933468	-0.0000003	-18.9689	-4.01979748	-4.11401066	-9.42131799999997E-02	7.02562847363821E-07	-1630004840044.3	-2.69020831614806	0
-45.4	-0.000000000294971	-0.0000003	-18.6437	-4.00063452	-4.09541752	-9.47829999999996E-02	6.98339153645699E-07	-1637217250840.96	-2.66225532989296	0
-45.6	-0.000000000452399	-0.0000003	-18.6862	-3.97997579	-4.07274082	-9.27650299999998E-02	7.13530518989754E-07	-1644429661637.62	-2.70823830588216	0
-45.8	-0.000000000580335	-0.0000003	-18.6702	-3.9558253	-4.0464977	-9.06723999999999E-02	7.29998103061131E-07	-1651642072434.27	-2.75864247881684	0
-46	-0.000000000424635	-0.0000003	-18.5858	-3.93158004	-4.02061153	-0.08903149	7.43452457102538E-07	-1658854483230.93	-2.79727095063664	0
-46.2	-0.000000000837421	-0.0000003	-18.5813	-3.90830338	-3.9978463	-0.08954292	7.39206181795278E-07	-1666066894027.58	-2.76925392780449	0
-46.4	-0.000000000548041	-0.0000003	-18.6188	-3.88807176	-3.97629836	-0.0882266	7.50234963151702E-07	-1673279304824.24	-2.79845601308244	0
-46.6	-0.000000000375664	-0.0000003	-20.0574	-3.86773942	-3.9551733	-8.74338799999999E-02	7.57036974683042E-07	-1680491715620.9	-2.81170880329621	0
-46.8	-0.000000000473416	-0.0000003	-19.8588	-3.84702492	-3.93595385	-8.89289300000002E-02	7.44309866316842E-07	-1687704126417.55	-2.75262524525459	0
-47	-0.000000000203574	-0.0000003	-19.5549	-3.82826069	-3.91748244	-8.92217500000001E-02	7.41867089582976E-07	-1694916537214.21	-2.73191645100114	0
-47.2	-0.000000000660336	-0.0000003	-19.3355	-3.81296895	-3.90184942	-8.88804699999999E-02	7.44715683884211E-07	-1702128948010.86	-2.73078599859758	0
-47.4	-0.000000000941074	-0.0000003	-19.3446	-3.79626193	-3.88349785	-8.72359199999999E-02	7.58754879870586E-07	-1709341358807.52	-2.77052658180594	0
-47.6	-0.000000000887287	-0.0000003	-19.5405	-3.77664769	-3.86237947	-8.57317800000001E-02	7.72067021120988E-07	-1716553769604.18	-2.80728958875602	0
-47.8	-0.000000000447166	-0.0000003	-19.5185	-3.755593	-3.84081457	-8.52215699999999E-02	7.76689281833227E-07	-1723766180400.83	-2.81228014825356	0
-48	-0.000000000583446	-0.0000003	-19.1477	-3.74067871	-3.82729085	-8.66121399999997E-02	7.64219426976405E-07	-1730978591197.49	-2.75559889534762	0
-48.2	-0.000000000258327	-0.0000003	-19.0032	-3.72804999	-3.81330741	-0.08525742	7.76362690778116E-07	-1738191001994.15	-2.78776899816591	0
-48.4	-0.000000000389147	-0.0000003	-18.9799	-3.71376388	-3.79766168	-8.38977999999999E-02	7.88944167785092E-07	-1745403412790.8	-2.82124026941586	0
-48.6	-0.000000000246871	-0.0000003	-19.102	-3.69306902	-3.773447	-8.03779800000002E-02	8.23492702852197E-07	-1752615823587.46	-2.93266632069871	0
-48.8	-0.000000000595701	-0.0000003	-19.0413	-3.6655337	-3.74686144	-8.13277399999999E-02	8.13875806705069E-07	-1759828234384.11	-2.88653935227996	0
-49	-0.000000000843477	-0.0000003	-18.9023	-3.64261949	-3.72380976	-0.08119027	8.15253847536164E-07	-1767040645180.77	-2.87962505016698	0
-49.2	-0.000000000296521	-0.0000003	-18.9905	-3.62500301	-3.70881912	-8.38161099999999E-02	7.89713099307521E-07	-1774253055977.43	-2.77807140938387	0
-49.4	-0.000000000233686	-0.0000003	-18.7403	-3.61546482	-3.70056762	-0.0851028	7.77773234253162E-07	-1781465466774.08	-2.72499186712802	0
-49.6	-0.000000000404847	-0.0000003	-18.4642	-3.60740258	-3.69171797	-0.08431539	7.85036753076751E-07	-1788677877570.74	-2.739349712194	0
-49.8	-0.000000000692475	-0.0000003	-18.2376	-3.59704935	-3.67950029	-8.24509400000002E-02	8.02788664386359E-07	-1795890288367.4	-2.79004401431775	0
-50	-0.000000000721753	-0.0000003	-18.2608	-3.58186152	-3.66165076	-7.97892400000002E-02	8.29568999529258E-07	-1803102699164.05	-2.87158499837051	0
-50.2	-0.000000000194871	-0.0000003	-18.145	-3.56486366	-3.64498228	-8.01186199999999E-02	8.26158513464162E-07	-1810315109960.71	-2.84838592597972	0
-50.4	-0.000000000813997	-0.0000003	-18.2254	-3.55074948	-3.63025728	-0.0795078	8.32505490027393E-07	-1817527520757.36	-2.85887874322594	0
-50.6	-0.000000000766075	-0.0000003	-18.1738	-3.53932012	-3.61811109	-0.07879097	8.40079516726345E-07	-1824739931554.02	-2.8734857291491	0
-50.8	-0.000000000720441	-0.0000003	-18.0653	-3.52660125	-3.60461736	-7.80161100000001E-02	8.48423229509904E-07	-1831952342350.68	-2.89060003997166	0
-51	-5.58853E-11	-0.0000003	-18.0594	-3.51477377	-3.59434587	-0.0795721	8.31832765504492E-07	-1839164753147.33	-2.82296187388402	0
-51.2	-0.000000000994599	-0.0000003	-17.9131	-3.5021976	-3.58001109	-0.07781349	8.50632454603951E-07	-1846377163943.99	-2.87548531078559	0
-51.4	-0.000000000709343	-0.0000003	-17.8457	-3.48918745	-3.5660229	-7.68354499999999E-02	8.61460172355339E-07	-1853589574740.65	-2.90075634211241	0
-51.6	-7.33972E-11	-0.0000003	-17.7237	-3.47514832	-3.55224161	-7.70932899999996E-02	8.58579002141435E-07	-1860801985537.3	-2.87984906800571	0
-51.8	-0.000000000753593	-0.0000003	-17.876	-3.45978679	-3.53585152	-7.60647300000001E-02	8.70188850995723E-07	-1868014396333.96	-2.90752140591086	0
-52	-0.00000000041827	-0.0000003	-17.9791	-3.44544169	-3.52139855	-7.59568599999998E-02	8.71424648148965E-07	-1875226807130.61	-2.90045186144256	0
-52.2	-0.000000000481904	-0.0000003	-18.1051	-3.43129783	-3.50742605	-7.61282199999997E-02	8.69463124187065E-07	-1882439217927.27	-2.88283529239743	0
-52.4	-0.000000000841022	-0.0000003	-18.3587	-3.41949445	-3.49425733	-7.47628799999998E-02	8.85341495672722E-07	-1889651628723.93	-2.92427828136175	0
-52.6	-0.000000000413275	-0.0000003	-18.016	-3.40708663	-3.48120735	-7.41207200000003E-02	8.93011832588779E-07	-1896864039520.58	-2.93839810372149	0
-52.8	-0.000000000599003	-0.0000003	-17.9939	-3.39538487	-3.46797491	-7.25900400000001E-02	9.11842451113126E-07	-1904076450317.24	-2.98899404866628	0
-53	-0.000000000615382	-0.0000003	-17.9608	-3.37900096	-3.4514427	-7.24417399999999E-02	9.13709140614238E-07	-1911288861113.89	-2.98381069141079	0
-53.2	-0.000000000697768	-0.0000003	-17.7482	-3.36362734	-3.43718773	-7.35603900000004E-02	8.99814152698207E-07	-1918501271910.55	-2.92738843778335	0
-53.4	-0.000000000739264	-0.0000003	-17.6693	-3.35014852	-3.42286981	-7.27212900000001E-02	9.10196725058094E-07	-1925713682707.21	-2.95007581587541	0
-53.6	-0.00000000102735	-0.0000003	-17.704	-3.33560567	-3.40884563	-0.07323996	9.03750903195469E-07	-1932926093503.86	-2.91825420807951	0
-53.8	1.83582E-11	-0.0000003	-18.8587	-3.32081052	-3.39423891	-7.34283899999997E-02	9.01431721436358E-07	-1940138504300.52	-2.89994477156392	0
-54	-0.000000000935268	-0.0000003	-18.9861	-3.30744501	-3.37925118	-7.18061699999999E-02	9.21796553137427E-07	-1947350915097.18	-2.95447613185073	0
-54.2	-0.000000000800216	-0.0000003	-18.7985	-3.29479332	-3.3687341	-0.07394078	8.95185038621448E-07	-1954563325893.83	-2.85859542562909	0
-54.4	-0.000000000717294	-0.0000003	-19.2565	-3.28519337	-3.35646932	-0.07127595	9.28653774520017E-07	-1961775736690.49	-2.95456871135469	0
-54.6	-0.000000000556636	-0.0000003	-18.7647	-3.2729906	-3.34485195	-7.18613499999998E-02	9.21088735460719E-07	-1968988147487.14	-2.91976564495156	0
-54.8	-0.000000000612032	-0.0000003	-18.6476	-3.2625593	-3.33510516	-0.07254586	9.12397757776943E-07	-1976200558283.8	-2.88166052077221	0
-55	-0.000000000676954	-0.0000003	-18.6632	-3.25157723	-3.32449561	-7.29183799999999E-02	9.07736567927044E-07	-1983412969080.46	-2.8565136752949	0
