-15	0.000000000532913	0	0	-8.0009826	-7.85991489	0.141067710000001	0	-540930809749.216	0	0
-15.2	-0.00000000012542	0	0	-8.29023718	-8.27310661	1.71305700000008E-02	0	-548143220545.872	0	0
-15.4	2.10285E-11	0	0	-8.58732067	-8.6978946	-0.110573929999999	0	-555355631342.528	0	0
-15.6	-0.000000000168383	0	0	-8.91021003	-9.02165802	-0.11144799	0	-562568042139.184	0	0
-15.8	-1.78576E-11	0	0	-8.98383829	-9.10424804	-0.12040975	0	-569780452935.84	0	0
-16	-0.000000000106263	0	0	-9.08718762	-9.21612615	-0.128938529999999	0	-576992863732.497	0	0
-16.2	-1.49131E-11	0	0	-9.2099673	-9.34018589	-0.13021859	0	-584205274529.153	0	0
-16.4	-3.03864E-11	0	0	-9.33304002	-9.46552929	-0.132489269999999	0	-591417685325.809	0	0
-16.6	-0.000000000128651	0	0	-9.45191079	-9.57955795	-0.12764716	0	-598630096122.465	0	0
-16.8	0.000000000055337	0	0	-9.55813167	-9.68499259	-0.12686092	0	-605842506919.121	0	0
-17	-0.000000000165308	0	0	-9.65411452	-9.77963062	-0.1255161	0	-613054917715.778	0	0
-17.2	-4.69565E-11	0	0	-9.7440522	-9.8702532	-0.126201	0	-620267328512.434	0	0
-17.4	-5.46217E-11	0	0	-9.83310287	-9.96004448	-0.126941610000001	0	-627479739309.09	0	0
-17.6	-0.000000000129592	0	0	-9.92597043	-10.0562546	-0.130284170000001	0	-634692150105.746	0	0
-17.8	-0.000000000108683	0	0	-10.027554	-10.1605239	-0.132969899999999	0	-641904560902.402	0	0
-18	-0.000000000374246	0	0	-10.1349508	-10.267765	-0.1328142	0	-649116971699.059	0	0
-18.2	-0.000000000119758	0	0	-10.2356762	-10.3678432	-0.132166999999999	0	-656329382495.715	0	0
-18.4	-0.000000000284147	0	0	-10.3246765	-10.455662	-0.1309855	0	-663541793292.371	0	0
-18.6	-6.47545E-11	0	0	-10.4045664	-10.5358058	-0.1312394	0	-670754204089.027	0	0
-18.8	-0.000000000356531	0	0	-10.4813027	-10.6149798	-0.1336771	0	-677966614885.683	0	0
-19	-0.000000000198841	0	0	-10.5487562	-10.6833052	-0.134549	0	-685179025682.34	0	0
-19.2	-0.000000000215912	0	0	-10.6117667	-10.7483164	-0.1365497	0	-692391436478.996	0	0
-19.4	-0.000000000299764	0	0	-10.6707732	-10.8016585	-0.130885300000001	0	-699603847275.652	0	0
-19.6	-0.000000000409329	0	0	-10.7142598	-10.8421412	-0.1278814	0	-706816258072.308	0	0
-19.8	-0.000000000189567	0	0	-10.7474652	-10.8737221	-0.1262569	0	-714028668868.964	0	0
-20	5.45979E-12	0	0	-10.7841108	-10.9168912	-0.1327804	0	-721241079665.621	0	0
-20.2	-0.000000000294614	0	0	-10.8373175	-10.9760253	-0.138707800000001	0	-728453490462.277	0	0
-20.4	-7.71761E-11	0	0	-10.9075446	-11.0501822	-0.1426376	0	-735665901258.933	0	0
-20.6	-0.000000000195694	0	0	-10.9726011	-11.1073413	-0.1347402	0	-742878312055.589	0	0
-20.8	1.35779E-11	0	0	-11.0236882	-11.1668262	-0.143137999999999	0	-750090722852.245	0	0
-21	-0.000000000397086	0	0	-11.0812858	-11.216765	-0.135479200000001	0	-757303133648.902	0	0
-21.2	-0.000000000316215	0	0	-11.1278381	-11.2647791	-0.136941	0	-764515544445.558	0	0
-21.4	-0.000000000520468	0	0	-11.1700705	-11.3087948	-0.1387243	0	-771727955242.214	0	0
-21.6	-0.00000000039413	0	0	-11.1994559	-11.3378466	-0.1383907	0	-778940366038.87	0	0
-21.8	-0.000000000124729	0	0	-11.2174773	-11.3577764	-0.1402991	0	-786152776835.527	0	0
-22	-0.000000000134253	0	0	-11.2470681	-11.389144	-0.1420759	0	-793365187632.183	0	0
-22.2	-0.000000000390005	0	0	-11.2828095	-11.4231182	-0.140308699999999	0	-800577598428.839	0	0
-22.4	-0.000000000528753	0	0	-11.3248121	-11.4740634	-0.1492513	0	-807790009225.495	0	0
-22.6	-0.000000000269425	0	0	-11.379317	-11.525391	-0.146074	0	-815002420022.151	0	0
-22.8	-0.00000000042752	0	0	-11.4093292	-11.5544113	-0.1450821	0	-822214830818.808	0	0
-23	-0.000000000115979	0	0	-11.4404648	-11.5796084	-0.139143599999999	0	-829427241615.464	0	0
-23.2	-9.64522E-11	0	0	-11.4368457	-11.5780193	-0.1411736	0	-836639652412.12	0	0
-23.4	-0.000000000573444	0	0	-11.4348759	-11.5759559	-0.141080000000001	0	-843852063208.776	0	0
-23.6	-0.000000000600708	0	0	-11.4159336	-11.5480043	-0.1320707	0	-851064474005.433	0	0
-23.8	-0.000000000220573	0	0	-11.3932008	-11.5341318	-0.140931	0	-858276884802.089	0	0
-24	-0.000000000614131	0	0	-11.3720027	-11.5142855	-0.1422828	0	-865489295598.745	0	0
-24.2	-0.000000000278723	0	0	-11.3547893	-11.500683	-0.1458937	0	-872701706395.401	0	0
-24.4	-0.000000000291038	0	0	-11.3485438	-11.4899324	-0.141388600000001	0	-879914117192.057	0	0
-24.6	-0.000000000253272	0	0	-11.3088689	-11.4580363	-0.1491674	0	-887126527988.714	0	0
-24.8	-0.000000000409663	0	0	-11.2772102	-11.4166542	-0.139443999999999	0	-894338938785.37	0	0
-25	-0.000000000263798	0	0	-11.2323996	-11.3769016	-0.144501999999999	0	-901551349582.026	0	0
-25.2	-0.000000000371587	0	0	-11.2169663	-11.3656977	-0.148731400000001	0	-908763760378.682	0	0
-25.4	-0.000000000192976	0	0	-11.2093122	-11.366295	-0.1569828	0	-915976171175.338	0	0
-25.6	0.000000000119114	0	0	-11.223622	-11.3889048	-0.1652828	0	-923188581971.995	0	0
-25.8	-0.000000000747204	0	0	-11.2382244	-11.3940352	-0.155810799999999	0	-930400992768.651	0	0
-26	-0.000000000383985	0	0	-11.2346292	-11.4000952	-0.165466	0	-937613403565.307	0	0
-26.2	-0.000000000571966	0	0	-11.2360651	-11.3983381	-0.162273000000001	0	-944825814361.963	0	0
-26.4	-0.000000000633514	0	0	-11.2195911	-11.3860641	-0.166473	0	-952038225158.619	0	0
-26.6	-0.000000000187171	0	0	-11.2086152	-11.3711058	-0.1624906	0	-959250635955.276	0	0
-26.8	-1.61886E-11	0	0	-11.1740193	-11.3438063	-0.169787000000001	0	-966463046751.932	0	0
-27	-0.000000000585473	0	0	-11.1465387	-11.3126721	-0.1661334	0	-973675457548.588	0	0
-27.2	-5.86033E-11	0	0	-11.1123842	-11.2773515	-0.164967300000001	0	-980887868345.244	0	0
-27.4	-0.000000000761306	0	0	-11.0845312	-11.246827	-0.162295799999999	0	-988100279141.9	0	0
-27.6	-0.000000000550485	0	0	-11.0485412	-11.2236004	-0.1750592	0	-995312689938.557	0	0
-27.8	-3.09229E-11	0	0	-11.0222648	-11.1893157	-0.1670509	0	-1002525100735.21	0	0
-28	-0.000000000340629	0	0	-10.9905114	-11.1593103	-0.168798899999999	0	-1009737511531.87	0	0
-28.2	-5.126E-13	0	0	-10.9470864	-11.1114902	-0.164403800000001	0	-1016949922328.53	0	0
-28.4	-0.000000000195324	0	0	-10.9057878	-11.0742875	-0.1684997	0	-1024162333125.18	0	0
-28.6	-0.000000000434911	0	0	-10.8831504	-11.044077	-0.1609266	0	-1031374743921.84	0	0
-28.8	-7.35879E-11	0	0	-10.8599896	-11.0306014	-0.1706118	0	-1038587154718.49	0	0
-29	-0.000000000844586	0	0	-10.8258135	-10.9942201	-0.168406599999999	0	-1045799565515.15	0	0
-29.2	-0.000000000841296	0	0	-10.7672163	-10.9356379	-0.1684216	0	-1053011976311.81	0	0
-29.4	-0.000000000660908	0	0	-10.6833103	-10.8428581	-0.1595478	0	-1060224387108.46	0	0
-29.6	-0.000000000537896	0	0	-10.599329	-10.7724508	-0.173121799999999	0	-1067436797905.12	0	0
-29.8	-0.000000000324726	0	0	-10.5370385	-10.7156281	-0.1785896	0	-1074649208701.77	0	0
-30	-0.000000000330162	0	0	-10.4975501	-10.6725479	-0.1749978	0	-1081861619498.43	0	0
-30.2	-0.000000000331128	0	0	-10.4452909	-10.6120962	-0.1668053	0	-1089074030295.09	0	0
-30.4	-0.000000000200272	0	0	-10.3800487	-10.5584292	-0.178380500000001	0	-1096286441091.74	0	0
-30.6	-7.71761E-11	0	0	-10.3152463	-10.502121	-0.186874700000001	0	-1103498851888.4	0	0
-30.8	-0.00000000064193	0	0	-10.2667919	-10.4653883	-0.198596400000001	0	-1110711262685.06	0	0
-31	-0.000000000379276	0	0	-10.2362232	-10.4273255	-0.191102300000001	0	-1117923673481.71	0	0
-31.2	-0.000000000627911	0	0	-10.1957135	-10.3973772	-0.201663699999999	0	-1125136084278.37	0	0
-31.4	-0.00000000113931	0	0	-10.1789396	-10.3759518	-0.1970122	0	-1132348495075.02	0	0
-31.6	-0.0000000003986	0	0	-10.1340554	-10.3302405	-0.196185100000001	0	-1139560905871.68	0	0
-31.8	-0.000000000296116	0	0	-10.0759451	-10.2695081	-0.193562999999999	0	-1146773316668.34	0	0
-32	-0.000000000464988	0	0	-9.99338573	-10.1694648	-0.17607907	0	-1153985727464.99	0	0
-32.2	-0.000000000604439	0	0	-9.88101566	-10.0613896	-0.180373940000001	0	-1161198138261.65	0	0
-32.4	-0.000000000859964	0	0	-9.76228743	-9.94584742	-0.183559989999999	0	-1168410549058.31	0	0
-32.6	2.95997E-11	0	0	-9.65724573	-9.84152594	-0.184280210000001	0	-1175622959854.96	0	0
-32.8	-0.00000000151044	-0.0000003	-28.8435	-9.53703774	-9.70458157	-0.16754383	3.95064861535039E-07	-1182835370651.62	-2.08465276372851	0
-33	-0.00000000299026	-0.0000003	-24.9521	-9.23638816	-9.30885946	-7.24713000000001E-02	9.13336451809197E-07	-1190047781448.27	-4.79022614585243	0
-33.2	-0.00000000181524	-0.0000003	-23.1252	-8.67195218	-8.69696622	-2.50140400000003E-02	2.64614112714297E-06	-1197260192244.93	-13.7947579612411	0
-33.4	-0.00000000180498	-0.0000003	-22.1724	-8.02299004	-8.03968492	-1.66948799999993E-02	3.96472930623058E-06	-1204472603041.59	-20.5450044657273	0
-33.6	-0.000000000990593	-0.0000003	-21.6175	-7.43831933	-7.51529022	-7.69708900000001E-02	8.59944324406277E-07	-1211685013838.24	-4.42965826445541	0
-33.8	-0.000000000859606	-0.0000003	-21.1027	-7.1381823	-7.24559545	-0.107413149999999	6.16225108378261E-07	-1218897424634.9	-3.15545401422642	0
-34	-0.000000000597	-0.0000003	-20.4054	-6.9283465	-7.03649643	-0.10814993	6.12027025814997E-07	-1226109835431.56	-3.11552219023472	0
-34.2	-0.000000000786293	-0.0000003	-19.9709	-6.7282429	-6.83500661	-0.10676371	6.19973584657183E-07	-1233322246228.21	-3.13751814097765	0
-34.4	-0.000000000407374	-0.0000003	-19.5779	-6.54278931	-6.66064138	-0.117852070000001	5.61642065345137E-07	-1240534657024.87	-2.82579303896815	0
-34.6	-0.000000000556946	-0.0000003	-19.2901	-6.38344949	-6.5041302	-0.120680709999999	5.48477714458262E-07	-1247747067821.52	-2.74360795360402	0
-34.8	-0.000000000568104	-0.0000003	-18.9055	-6.24360875	-6.37515285	-0.1315441	5.03182430834982E-07	-1254959478618.18	-2.50256514009441	0
-35	-0.000000000335228	-0.0000003	-18.753	-6.1391977	-6.27063673	-0.131439029999999	5.03584665833279E-07	-1262171889414.84	-2.4902538420327	0
-35.2	-0.00000000047822	-0.0000003	-18.4954	-6.05146162	-6.1814623	-0.130000679999999	5.09156413643377E-07	-1269384300211.49	-2.50350072267832	0
-35.4	-0.000000000471115	-0.0000003	-18.3062	-5.98285072	-6.12307975	-0.14022903	4.7201838306947E-07	-1276596711008.15	-2.30778218580249	0
-35.6	-0.00000000064466	-0.0000003	-18.0639	-5.92695206	-6.06510596	-0.138153900000001	4.79108298788522E-07	-1283809121804.8	-2.32928624086901	0
-35.8	-0.000000000522208	-0.0000003	-17.8758	-5.86525281	-5.99730415	-0.132051339999999	5.01249589742901E-07	-1291021532601.46	-2.42331666721428	0
-36	-0.000000000260603	-0.0000003	-17.721	-5.79634483	-5.93175805	-0.13541322	4.88805155065361E-07	-1298233943398.12	-2.35002478396808	0
-36.2	-9.77516E-11	-0.0000003	-17.4134	-5.73482962	-5.86506066	-0.13023104	5.08255789096056E-07	-1305446354194.77	-2.4300372406845	0
-36.4	-0.000000000493872	-0.0000003	-17.2851	-5.66753669	-5.79885235	-0.131315659999999	5.04057779551961E-07	-1312658764991.43	-2.39672443785273	0
-36.6	-0.000000000517976	-0.0000003	-17.052	-5.61199661	-5.73405663	-0.12206002	5.42279773508147E-07	-1319871175788.09	-2.56437471709401	0
-36.8	-0.000000000998902	-0.0000003	-16.8544	-5.53976014	-5.65883932	-0.11907918	5.55854348342003E-07	-1327083586584.74	-2.61428152961853	0
-37	-0.000000000704062	-0.0000003	-16.6289	-5.46375173	-5.58487666	-0.12112493	5.46466198164161E-07	-1334295997381.4	-2.55623481469722	0
-37.2	-0.00000000048306	-0.0000003	-16.5135	-5.39272535	-5.51482564	-0.12210029	5.42100923757021E-07	-1341508408178.05	-2.5221817172318	0
-37.4	-0.000000000224137	-0.0000003	-16.3756	-5.33208095	-5.45552788	-0.12344693	5.36187331673618E-07	-1348720818974.71	-2.48132763526459	0
-37.6	-0.000000000195944	-0.0000003	-16.1541	-5.27918737	-5.40532576	-0.12613839	5.24746510558759E-07	-1355933229771.37	-2.41546572986335	0
-37.8	-0.000000000594986	-0.0000003	-16.0503	-5.23358794	-5.35569287	-0.122104930000001	5.42080323865708E-07	-1363145640568.02	-2.48205276495287	0
-38	-0.000000000311232	-0.0000003	-15.9576	-5.18775564	-5.30807961	-0.12032397	5.50103857111761E-07	-1370358051364.68	-2.50553376214871	0
-38.2	-0.000000000688994	-0.0000003	-15.7791	-5.14715662	-5.26635494	-0.119198320000001	5.55298765955759E-07	-1377570462161.34	-2.51595292670249	0
-38.4	-0.000000000527799	-0.0000003	-15.7229	-5.10783004	-5.22423584	-0.116405800000001	5.6862012030328E-07	-1384782872957.99	-2.56289116723233	0
-38.6	-0.000000000396705	-0.0000003	-15.5522	-5.06650765	-5.1829522	-0.11644455	5.68430896937642E-07	-1391995283754.65	-2.5487634876638	0
-38.8	-0.000000000542724	-0.0000003	-15.426	-5.02946871	-5.14618378	-0.116715070000001	5.67113398466879E-07	-1399207694551.3	-2.52974850624599	0
-39	-0.00000000068599	-0.0000003	-15.2991	-4.9898211	-5.1058979	-0.1160768	5.70231777581738E-07	-1406420105347.96	-2.53061439755209	0
-39.2	-0.000000000529754	-0.0000003	-15.1934	-4.94972497	-5.06715103	-0.11742606	5.63679646579304E-07	-1413632516144.62	-2.48877394977126	0
-39.4	-0.000000000221252	-0.0000003	-15.0952	-4.91584165	-5.03055796	-0.11471631	5.76994500607627E-07	-1420844926941.27	-2.53463027404756	0
-39.6	-0.000000000584769	-0.0000003	-14.9984	-4.88248391	-4.99483704	-0.11235313	5.89130716696545E-07	-1428057337737.93	-2.57487201353385	0
-39.8	-0.000000000437975	-0.0000003	-14.796	-4.84881865	-4.95861761	-0.10979896	6.02835218111355E-07	-1435269748534.58	-2.6215292631437	0
-40	-0.000000000612354	-0.0000003	-14.7477	-4.81181271	-4.9232089	-0.11139619	5.94191596678487E-07	-1442482159331.24	-2.57102133178192	0
-40.2	-0.00000000045104	-0.0000003	-14.6147	-4.77664307	-4.88637241	-0.109729339999999	6.03217699113112E-07	-1449694570127.9	-2.59709112706564	0
-40.4	-0.00000000050807	-0.0000003	-14.47	-4.74021278	-4.84989512	-0.10968234	6.03476184042025E-07	-1456906980924.55	-2.58534161099497	0
-40.6	-0.000000000583625	-0.0000003	-14.3938	-4.70580999	-4.81336183	-0.10755184	6.15430475201539E-07	-1464119391721.21	-2.62356682304559	0
-40.8	-0.000000000663543	-0.0000003	-14.2634	-4.66849738	-4.77388924	-0.10539186	6.28043569968306E-07	-1471331802517.87	-2.66421197667551	0
-41	-0.000000000540447	-0.0000003	-14.1398	-4.62938526	-4.73502526	-0.105639999999999	6.26568345323745E-07	-1478544213314.52	-2.64498832453739	0
-41.2	-0.000000000495672	-0.0000003	-14.0417	-4.59364617	-4.69684147	-0.103195299999999	6.41411769722074E-07	-1485756624111.18	-2.69450426040827	0
-41.4	-0.000000000633156	-0.0000003	-13.966	-4.55927019	-4.66190649	-0.102636299999999	6.44905165131638E-07	-1492969034907.83	-2.6960918274734	0
-41.6	-0.000000000690401	-0.0000003	-13.9206	-4.52486779	-4.6277088	-0.10284101	6.43621450236634E-07	-1500181445704.49	-2.67778894791499	0
-41.8	-0.000000000564015	-0.0000003	-13.7757	-4.49163799	-4.59497937	-0.10334138	6.40505090990657E-07	-1507393856501.15	-2.65207297520975	0
-42	-0.00000000040164	-0.0000003	-13.6562	-4.46143944	-4.56310817	-0.101668729999999	6.51042655888399E-07	-1514606267297.8	-2.68286808745219	0
-42.2	-0.000000000348151	-0.0000003	-13.5771	-4.43058467	-4.53451129	-0.10392662	6.36898226845055E-07	-1521818678094.46	-2.61214183449029	0
-42.4	-0.000000000615621	-0.0000003	-13.5242	-4.40566949	-4.50918044	-0.10351095	6.3945582568801E-07	-1529031088891.12	-2.61026053664373	0
-42.6	-0.000000000563073	-0.0000003	-13.4864	-4.38010649	-4.4831256	-0.10301911	6.42508753958368E-07	-1536243499687.77	-2.61040934706812	0
-42.8	-0.000000000846887	-0.0000003	-13.3788	-4.358034	-4.45849177	-0.10045777	6.58890596516326E-07	-1543455910484.43	-2.66445694134028	0
-43	-0.000000000750113	-0.0000003	-13.3165	-4.32647627	-4.4267303	-0.10025403	6.60229618699615E-07	-1550668321281.08	-2.65745374252976	0
-43.2	-0.000000000473654	-0.0000003	-13.2488	-4.30116701	-4.40021447	-9.90474599999995E-02	6.68272361552738E-07	-1557880732077.74	-2.67737324340039	0
-43.4	-0.000000000441301	-0.0000003	-13.1571	-4.27261448	-4.37213157	-0.09951709	6.65118724834096E-07	-1565093142874.4	-2.65245858007217	0
-43.6	-0.000000000416708	-0.0000003	-13.0527	-4.2476062	-4.34700134	-9.93951400000004E-02	6.65934773068379E-07	-1572305553671.05	-2.64353076817899	0
-43.8	-0.000000000659573	-0.0000003	-13.0147	-4.22600378	-4.32380032	-0.09779654	6.76820263784383E-07	-1579517964467.71	-2.67447417196147	0
-44	-0.00000000037775	-0.0000003	-12.9144	-4.207288	-4.30512775	-9.78397499999994E-02	6.76521352517769E-07	-1586730375264.37	-2.66114168385486	0
-44.2	-0.000000000562251	-0.0000003	-12.8456	-4.19058449	-4.28565048	-9.50659900000002E-02	6.96260355569851E-07	-1593942786061.02	-2.72639366521435	0
-44.4	-0.00000000100054	-0.0000003	-12.7336	-4.16948501	-4.26256298	-9.30779700000004E-02	7.11131538429552E-07	-1601155196857.68	-2.7720824003231	0
-44.6	-0.00000000076741	-0.0000003	-12.6737	-4.14451379	-4.23587095	-9.13571599999994E-02	7.24526462950473E-07	-1608367607654.33	-2.81163253128417	0
-44.8	-0.00000000020833	-0.0000003	-12.6186	-4.11925025	-4.2105678	-9.13175499999994E-02	7.24840734338585E-07	-1615580018450.99	-2.8002947325924	0
-45	-0.000000000348508	-0.0000003	-12.5609	-4.09544025	-4.18693846	-9.14982100000001E-02	7.23409561782683E-07	-1622792429247.65	-2.78234446839493	0
-45.2	-0.000000000342858	-0.0000003	-12.4543	-4.07352641	-4.16593129	-9.24048799999992E-02	7.16311519478198E-07	-1630004840044.3	-2.74285384415579	0
-45.4	-0.00000000063889	-0.0000003	-12.4027	-4.05027193	-4.14273074	-9.24588100000001E-02	7.15893704450662E-07	-1637217250840.96	-2.72917796512028	0
-45.6	-0.00000000038445	-0.0000003	-12.3046	-4.02339996	-4.115698	-9.22980400000002E-02	7.17140689011379E-07	-1644429661637.62	-2.72194087428408	0
-45.8	-0.000000000625396	-0.0000003	-12.267	-3.99975115	-4.09096419	-9.12130400000004E-02	7.25671241743502E-07	-1651642072434.27	-2.74229139053221	0
-46	-0.000000000509787	-0.0000003	-12.1659	-3.97646764	-4.06890477	-9.24371299999995E-02	7.16061608576557E-07	-1658854483230.93	-2.69421173795527	0
-46.2	-0.000000000771022	-0.0000003	-12.0913	-3.95554519	-4.04661794	-9.10727499999999E-02	7.26789077962399E-07	-1666066894027.58	-2.72273630605294	0
-46.4	-0.00000000050745	-0.0000003	-12.0241	-3.93600837	-4.02554723	-8.95388599999998E-02	7.39239699947042E-07	-1673279304824.24	-2.75744251472288	0
-46.6	-0.000000000629222	-0.0000003	-11.9841	-3.9159405	-4.00407568	-8.81351799999996E-02	7.51013159557855E-07	-1680491715620.9	-2.78933576923931	0
-46.8	-0.000000000707245	-0.0000003	-11.908	-3.89702486	-3.98467239	-8.76475299999999E-02	7.55191618063852E-07	-1687704126417.55	-2.79286840999945	0
-47	-0.000000000604141	-0.0000003	-11.8791	-3.88130262	-3.967931	-8.66283800000001E-02	7.64076160722386E-07	-1694916537214.21	-2.81370108285658	0
-47.2	-0.000000000498056	-0.0000003	-11.8126	-3.8647497	-3.95049792	-8.57482200000002E-02	7.7191899726898E-07	-1702128948010.86	-2.83053739220209	0
-47.4	-0.000000000588214	-0.0000003	-11.7631	-3.84746303	-3.93360626	-8.61432299999998E-02	7.68379360746052E-07	-1709341358807.52	-2.80566952560633	0
-47.6	-0.000000000560963	-0.0000003	-11.6876	-3.82867229	-3.91523922	-0.08656693	7.64618544287062E-07	-1716553769604.18	-2.78020640699077	0
-47.8	-0.000000000594294	-0.0000003	-11.6689	-3.81384944	-3.89973469	-0.08588525	7.70687399757234E-07	-1723766180400.83	-2.79054819673926	0
-48	-0.000000000573516	-0.0000003	-11.5941	-3.79977416	-3.88538605	-0.08561189	7.73148215744332E-07	-1730978591197.49	-2.78779404715504	0
-48.2	-0.000000000375104	-0.0000003	-11.5515	-3.78624372	-3.87050093	-8.42572100000001E-02	7.85578824648952E-07	-1738191001994.15	-2.82086236109183	0
-48.4	-0.00000000055294	-0.0000003	-11.4784	-3.76719177	-3.85020142	-8.30096499999997E-02	7.97385364231752E-07	-1745403412790.8	-2.85142573032651	0
-48.6	-0.000000000795245	-0.0000003	-11.4115	-3.74726664	-3.83086174	-8.35951000000001E-02	7.91800954840653E-07	-1752615823587.46	-2.81980397023025	0
-48.8	-0.000000000743151	-0.0000003	-11.3679	-3.72857174	-3.81106428	-8.24925400000001E-02	8.02383827677023E-07	-1759828234384.11	-2.845781229939	0
-49	-0.000000000225759	-0.0000003	-11.302	-3.70796498	-3.78868471	-8.07197300000002E-02	8.20006211616414E-07	-1767040645180.77	-2.89641126552109	0
-49.2	-0.00000000030973	-0.0000003	-11.2197	-3.68757984	-3.76744479	-7.98649499999997E-02	8.28782588607396E-07	-1774253055977.43	-2.9155109824369	0
-49.4	-0.000000000639594	-0.0000003	-11.1876	-3.66643611	-3.74672429	-8.02881800000002E-02	8.24413755549072E-07	-1781465466774.08	-2.88840073183652	0
-49.6	-0.00000000082525	-0.0000003	-11.1502	-3.65000617	-3.73154028	-8.15341099999998E-02	8.11815815491212E-07	-1788677877570.74	-2.83279402117746	0
-49.8	-0.000000000588155	-0.0000003	-11.0957	-3.6375791	-3.71867125	-8.10921499999999E-02	8.16240289596466E-07	-1795890288367.4	-2.83679433362998	0
-50	-0.000000000776505	-0.0000003	-11.0768	-3.62603139	-3.70693338	-8.09019900000001E-02	8.18158861110832E-07	-1803102699164.05	-2.83208836538365	0
-50.2	-0.000000000831175	-0.0000003	-11.0047	-3.6112579	-3.69022748	-7.89695799999999E-02	8.3817946100258E-07	-1810315109960.71	-2.88983111746216	0
-50.4	-0.000000000412083	-0.0000003	-10.9683	-3.59577628	-3.67570614	-0.07992986	8.28109545043617E-07	-1817527520757.36	-2.84378277830912	0
-50.6	-0.000000000839901	-0.0000003	-10.9105	-3.58008303	-3.66046059	-8.03775600000001E-02	8.23497005880745E-07	-1824739931554.02	-2.81676537432605	0
-50.8	-0.000000000652087	-0.0000003	-10.8659	-3.56984463	-3.64927521	-7.94305799999999E-02	8.33314826607083E-07	-1831952342350.68	-2.8391253177861	0
-51	-0.000000000578582	-0.0000003	-10.8062	-3.5591593	-3.63761914	-7.84598399999998E-02	8.43624967881659E-07	-1839164753147.33	-2.86298066023188	0
-51.2	-0.000000000762987	-0.0000003	-10.7627	-3.54811725	-3.62592574	-7.78084900000002E-02	8.50687116534453E-07	-1846377163943.99	-2.8756700904485	0
-51.4	-0.000000000738215	-0.0000003	-10.708	-3.53616854	-3.6123388	-0.07617026	8.68983248842789E-07	-1853589574740.65	-2.92608846138323	0
-51.6	-0.000000000611317	-0.0000003	-10.6728	-3.52233226	-3.59681266	-7.44803999999997E-02	8.8869930881145E-07	-1860801985537.3	-2.98087871917973	0
-51.8	-0.000000000940645	-0.0000003	-10.6263	-3.50267275	-3.57699882	-7.43260700000001E-02	8.90544596263463E-07	-1868014396333.96	-2.9755351078004	0
-52	-0.000000000999713	-0.0000003	-10.5915	-3.4852735	-3.560285	-0.0750115	8.82407097578371E-07	-1875226807130.61	-2.93700587211736	0
-52.2	-0.000000000575066	-0.0000003	-10.5647	-3.47154291	-3.5460203	-7.44773899999998E-02	8.88735225549663E-07	-1882439217927.27	-2.94673483272435	0
-52.4	-0.000000000813377	-0.0000003	-10.5145	-3.45995348	-3.53411225	-7.41587700000004E-02	8.92553638632351E-07	-1889651628723.93	-2.94809995144273	0
-52.6	-0.000000000710702	-0.0000003	-10.4393	-3.44857145	-3.5211634	-7.25919499999996E-02	9.11818459209325E-07	-1896864039520.58	-3.00028010122986	0
-52.8	-0.000000000428879	-0.0000003	-10.4291	-3.43281843	-3.50545964	-0.07264121	9.11200130063913E-07	-1904076450317.24	-2.98688853823398	0
-53	-0.000000000738633	-0.0000003	-10.3798	-3.41725523	-3.49059213	-7.33369000000001E-02	9.02556284762512E-07	-1911288861113.89	-2.94738989944217	0
-53.2	-0.000000000850701	-0.0000003	-10.333	-3.40081135	-3.47385786	-7.30465099999997E-02	9.06144318188511E-07	-1918501271910.55	-2.94798252736285	0
-53.4	-0.00000000097965	-0.0000003	-10.2996	-3.38419368	-3.45680224	-7.26085599999999E-02	9.11609870792095E-07	-1925713682707.21	-2.95465602028553	0
-53.6	-0.000000000678659	-0.0000003	-10.2502	-3.3685901	-3.44097818	-7.23880800000001E-02	9.14386456996786E-07	-1932926093503.86	-2.95259691194427	0
-53.8	-0.000000000683796	-0.0000003	-10.2205	-3.35613363	-3.42863852	-7.25048899999998E-02	9.12913322122138E-07	-1940138504300.52	-2.93688157674408	0
-54	-0.000000000936282	-0.0000003	-10.1856	-3.34586335	-3.41796004	-0.07209669	9.1808209225694E-07	-1947350915097.18	-2.94257080851583	0
-54.2	-0.000000000718105	-0.0000003	-10.1127	-3.33467851	-3.40533227	-7.06537600000003E-02	9.36831670388096E-07	-1954563325893.83	-2.99158566331708	0
-54.4	-0.000000000433719	-0.0000003	-10.0809	-3.31951786	-3.38983834	-7.03204799999999E-02	9.41271731933572E-07	-1961775736690.49	-2.99471351364612	0
-54.6	-0.00000000071938	-0.0000003	-10.0482	-3.30222302	-3.37342009	-7.11970700000002E-02	9.29682640029987E-07	-1968988147487.14	-2.94700752334104	0
-54.8	-0.00000000077908	-0.0000003	-9.99627	-3.28983094	-3.35933786	-6.95069200000003E-02	9.52289067045407E-07	-1976200558283.8	-3.00765075919731	0
-55	-0.000000000683129	-0.0000003	-9.95749	-3.28140476	-3.35186825	-7.04634899999999E-02	9.39361362884525E-07	-1983412969080.46	-2.95603226082543	0
