0	9.12189E-11	3	-0.000000000433099	0.000000001	1000000000
0.05	0.000000000034368	3	-0.000000000389206	0.000000001	1000000000
0.1	4.66347E-11	3	-0.000000000380969	0.000000001	1000000000
0.15	6.91056E-11	3	-0.000000000376451	0.000000001	1000000000
0.2	0.000000000139308	3	-0.000000000364208	0.000000001	1000000000
0.25	0.000000000410938	3	-0.000000000342762	0.000000001	1000000000
0.3	0.00000000133537	3	-0.000000000351059	0.000000001	1000000000
0.35	0.0000000045442	3	-0.000000000365937	1.51473333333333E-09	660182210.29004
0.4	0.0000000156907	3	-0.000000000402331	5.23023333333333E-09	191196058.811908
0.45	0.0000000540818	3	-0.00000000049603	1.80272666666667E-08	55471526.4654653
0.5	0.000000182296	3	-0.000000000733745	6.07653333333333E-08	16456751.6566463
0.55	0.000000559023	3	-0.000000000309396	0.000000186341	5366505.49261837
0.6	0.00000150041	3	-0.000000000328541	5.00136666666667E-07	1999453.48271472
0.65	0.00000340958	3	-0.00000000037868	1.13652666666667E-06	879873.767443497
0.7	0.00000664233	3	-0.00000000046407	0.00000221411	451648.743739019
0.75	0.0000114974	3	-0.000000000588977	3.83246666666667E-06	260928.557760885
0.8	0.0000180391	3	-0.000000000263619	6.01303333333333E-06	166305.41434994
0.85	0.0000264132	3	-0.000000000259912	0.0000088044	113579.573849439
0.9	0.0000366453	3	-0.000000000248992	0.0000122151	81865.8873034195
0.95	0.0000487563	3	-0.000000000248301	0.0000162521	61530.5099033356
1	0.0000627288	3	-0.000000000241268	0.0000209096	47824.9225236255
1.05	0.0000785869	3	-0.000000000235152	2.61956333333333E-05	38174.3013148502
1.1	0.0000962914	3	-0.00000000023253	3.20971333333333E-05	31155.4302876477
1.15	0.000115804	3	-0.000000000230908	3.86013333333333E-05	25905.8409035957
1.2	0.000137146	3	-0.000000000217462	4.57153333333333E-05	21874.4987094046
1.25	0.000160272	3	-0.000000000213706	0.000053424	18718.1790955376
1.3	0.000185118	3	-0.000000000213718	0.000061706	16205.8794930801
1.35	0.000211712	3	-0.000000000215089	7.05706666666667E-05	14170.1934703748
1.4	0.000239976	3	-0.000000000208616	0.000079992	12501.2501250125
1.45	0.000269929	3	-0.000000000204825	8.99763333333333E-05	11114.0336903408
1.5	0.000301519	3	-0.00000000020529	1.00506333333333E-04	9949.62174854653
1.55	0.000334693	3	-0.000000000207424	1.11564333333333E-04	8963.43813584389
1.6	0.00036946	3	-0.000000000208175	1.23153333333333E-04	8119.95885887511
1.65	0.000405774	3	-0.000000000211203	0.000135258	7393.27803161366
1.7	0.000443573	3	-0.000000000212586	1.47857666666667E-04	6763.2610641315
1.75	0.000482894	3	-0.000000000214994	1.60964666666667E-04	6212.54353957597
1.8	0.000523656	3	-0.000000000219274	0.000174552	5728.95183097301
1.85	0.000565841	3	-0.00000000022198	1.88613666666667E-04	5301.84274380966
1.9	0.000609458	3	-0.000000000227213	2.03152666666667E-04	4922.40646607313
1.95	0.0006544	3	-0.000000000231922	2.18133333333333E-04	4584.35207823961
2	0.000700728	3	-0.000000000241935	0.000233576	4281.26177346988
2.05	0.000750031	3	-0.000000000203776	2.50010333333333E-04	3999.83467350016
2.1	0.000799075	3	-0.000000000221539	2.66358333333333E-04	3754.34095673122
2.15	0.000849432	3	-0.000000000221825	0.000283144	3531.7718192863
2.2	0.000900959	3	-0.000000000230026	3.00319666666667E-04	3329.78526214844
2.25	0.000953662	3	-0.000000000241303	3.17887333333333E-04	3145.76862662033
2.3	0.00100899	3	-0.000000000249338	0.00033633	2973.27030000297
2.35	0.00106405	3	4.29273E-11	3.54683333333333E-04	2819.41638080917
2.4	0.00112023	3	3.91006E-11	0.00037341	2678.02147773225
2.45	0.00117745	3	3.57032E-11	3.92483333333333E-04	2547.87889082339
2.5	0.00123583	3	3.46184E-11	4.11943333333333E-04	2427.51834799285
2.55	0.0012951	3	3.71695E-11	0.0004317	2316.42344220524
2.6	0.00135502	3	0.000000000031507	4.51673333333333E-04	2213.98946141016
2.65	0.00141628	3	3.28898E-11	4.72093333333333E-04	2118.2252097043
2.7	0.00147851	3	3.71337E-11	4.92836666666667E-04	2029.06980676492
2.75	0.00154145	3	3.89218E-11	5.13816666666667E-04	1946.21946868209
2.8	0.00160515	3	4.14133E-11	0.00053505	1868.98420708345
2.85	0.00166947	3	4.50134E-11	0.00055649	1796.97748387213
2.9	0.00173424	3	5.09977E-11	0.00057808	1729.86437863272
2.95	0.0017993	3	0.000000000058949	5.99766666666667E-04	1667.31506697049
3	0.00186439	3	6.45041E-11	6.21463333333333E-04	1609.10539103943
3.05	0.00192912	3	7.29203E-11	0.00064304	1555.11321224185
3.1	0.00199307	3	0.000000000074923	6.64356666666667E-04	1505.21557195683
3.15	0.00205592	3	7.56264E-11	6.85306666666667E-04	1459.20074711078
3.2	0.00211712	3	8.59976E-11	7.05706666666667E-04	1417.01934703748
3.25	0.00217629	3	8.46386E-11	0.00072543	1378.49275602057
3.3	0.0022334	3	8.94547E-11	7.44466666666667E-04	1343.2434852691
3.35	0.00228831	3	8.86679E-11	0.00076277	1311.01118292539
3.4	0.00234106	3	9.03964E-11	7.80353333333333E-04	1281.47078673763
3.45	0.0023916	3	9.37819E-11	0.0007972	1254.39036628199
3.5	0.00244008	3	1.91927E-11	0.00081336	1229.46788629881
3.55	0.00248661	3	0.000000000096941	0.00082887	1206.46180945142
3.6	0.00253115	3	9.54151E-11	8.43716666666667E-04	1185.23200916579
3.65	0.002574	3	9.22918E-11	0.000858	1165.50116550117
3.7	0.00261519	3	0.000000000091815	0.00087173	1147.14418455256
3.75	0.00265481	3	7.91907E-11	8.84936666666667E-04	1130.02437085893
3.8	0.00269293	3	7.26938E-11	8.97643333333333E-04	1114.02821462125
3.85	0.00272968	3	7.16329E-11	9.09893333333333E-04	1099.02992292137
3.9	0.00276517	3	6.82116E-11	9.21723333333333E-04	1084.92425420499
3.95	0.00279947	3	6.01768E-11	9.33156666666667E-04	1071.63141594659
4	0.00283259	3	5.53012E-11	9.44196666666667E-04	1059.10138777585
4.05	0.00286462	3	4.87566E-11	9.54873333333333E-04	1047.2593223534
4.1	0.00289573	3	4.36425E-11	9.65243333333333E-04	1036.00819137143
4.15	0.0029257	3	4.57764E-11	9.75233333333333E-04	1025.39563181461
4.2	0.00295493	3	4.36068E-11	9.84976666666667E-04	1015.25247637
4.25	0.00298319	3	4.52042E-11	9.94396666666667E-04	1005.63490759891
4.3	0.00301069	3	4.57287E-11	1.00356333333333E-03	996.449318926891
4.35	0.00303739	3	3.35336E-11	1.01246333333333E-03	987.690089188415
4.4	0.00306335	3	2.96354E-11	1.02111666666667E-03	979.320025462321
4.45	0.00308862	3	2.34842E-11	0.00102954	971.307574256464
4.5	0.00311324	3	2.15054E-11	1.03774666666667E-03	963.626318562013
4.55	0.00313719	3	1.82033E-11	0.00104573	956.269782831132
4.6	0.00316058	3	1.97649E-11	1.05352666666667E-03	949.192869663163
4.65	0.00318334	3	1.72853E-11	1.06111333333333E-03	942.406403337375
4.7	0.00320556	3	1.36375E-11	0.00106852	935.873919065623
4.75	0.0032272	3	1.26004E-11	1.07573333333333E-03	929.598413485374
4.8	0.00324839	3	1.15991E-11	1.08279666666667E-03	923.534427824245
4.85	0.00326915	3	8.84533E-12	1.08971666666667E-03	917.669730663934
4.9	0.00328927	3	1.67966E-11	1.09642333333333E-03	912.056474536903
4.95	0.00330903	3	0.000000000011611	0.00110301	906.610094196789
5	0.00332835	3	1.30892E-11	0.00110945	901.347514534229
5.05	0.00334728	3	1.73569E-11	0.00111576	896.250089625009
5.1	0.0033658	3	1.49012E-11	1.12193333333333E-03	891.318557252362
5.15	0.0033839	3	0.000000000019908	1.12796666666667E-03	886.551021011259
5.2	0.00340155	3	8.98838E-12	0.00113385	881.950875336244
5.25	0.00341889	3	1.68562E-11	0.00113963	877.477777875275
5.3	0.00343597	3	-6.31809E-13	1.14532333333333E-03	873.115888671903
5.35	0.0034526	3	5.50866E-11	1.15086666666667E-03	868.910386375485
5.4	0.003469	3	0.000000000015986	1.15633333333333E-03	864.802536754108
5.45	0.00348507	3	1.12295E-11	0.00116169	860.814847334487
5.5	0.00350086	3	1.73211E-11	1.16695333333333E-03	856.932296635684
5.55	0.00351632	3	2.23875E-11	1.17210666666667E-03	853.164672157255
5.6	0.00353151	3	2.54154E-11	0.00117717	849.494975237222
5.65	0.0035463	3	1.80721E-11	0.0011821	845.952119110058
5.7	0.00356092	3	2.10643E-11	1.18697333333333E-03	842.478909944621
5.75	0.00357531	3	2.55942E-11	0.00119177	839.088079075661
5.8	0.00358945	3	1.83821E-11	1.19648333333333E-03	835.782640794551
5.85	0.00360326	3	2.38895E-11	1.20108666666667E-03	832.579386444497
5.9	0.00361685	3	2.35319E-11	1.20561666666667E-03	829.451041652266
5.95	0.00363032	3	2.16484E-11	1.21010666666667E-03	826.373432645056
6	0.00364352	3	3.04699E-11	1.21450666666667E-03	823.379588968909
6.05	0.00365634	3	2.88963E-11	0.00121878	820.492623771312
6.1	0.00366913	3	3.26276E-11	1.22304333333333E-03	817.632517790321
6.15	0.00368163	3	3.57628E-11	0.00122721	814.856463034037
6.2	0.00369396	3	3.74556E-11	0.00123132	812.136568885424
6.25	0.00370603	3	4.03047E-11	1.23534333333333E-03	809.491558352199
6.3	0.00371786	3	4.07577E-11	1.23928666666667E-03	806.91580640476
6.35	0.00372961	3	4.68135E-11	1.24320333333333E-03	804.373647646805
6.4	0.00374114	3	4.42028E-11	1.24704666666667E-03	801.894609664434
6.45	0.00375242	3	4.31657E-11	1.25080666666667E-03	799.484066282559
6.5	0.00376368	3	4.94003E-11	0.00125456	797.092207626578
6.55	0.00377464	3	5.10931E-11	1.25821333333333E-03	794.777780132675
6.6	0.00378549	3	5.23925E-11	0.00126183	792.49978206256
6.65	0.00379611	3	5.54442E-11	0.00126537	790.282684116108
6.7	0.00380661	3	5.46575E-11	0.00126887	788.102800129249
6.75	0.00381702	3	5.90801E-11	0.00127234	785.953440118207
6.8	0.00382719	3	6.11305E-11	0.00127573	783.864924396228
6.85	0.00383729	3	6.44445E-11	1.27909666666667E-03	781.801740290674
6.9	0.00384722	3	0.000000000068593	1.28240666666667E-03	779.783843918466
6.95	0.00385697	3	0.00000000007236	1.28565666666667E-03	777.81263530699
7	0.00386666	3	0.000000000065732	1.28888666666667E-03	775.863406661046
7.05	0.00387615	3	6.52552E-11	0.00129205	773.96385588793
7.1	0.00388552	3	7.20382E-11	1.29517333333333E-03	772.097428400832
7.15	0.00389477	3	7.31707E-11	1.29825666666667E-03	770.263712619744
7.2	0.00390389	3	7.27773E-11	1.30129666666667E-03	768.464275376611
7.25	0.00391286	3	7.33137E-11	1.30428666666667E-03	766.702616500463
7.3	0.00392175	3	7.70927E-11	0.00130725	764.964620386307
7.35	0.0039305	3	8.29458E-11	1.31016666666667E-03	763.261671543061
7.4	0.00393914	3	8.97765E-11	1.31304666666667E-03	761.587554643907
7.45	0.0039476	3	0.000000000218523	1.31586666666667E-03	759.955415948931
7.5	0.00395606	3	0.000000000137591	1.31868666666667E-03	758.330257882843
7.55	0.0039643	3	0.000000000214267	1.32143333333333E-03	756.754029715208
7.6	0.00397251	3	0.000000000213134	0.00132417	755.190043574465
7.65	0.00398055	3	0.000000000217354	0.00132685	753.664694577383
7.7	0.00398842	3	0.000000000217819	1.32947333333333E-03	752.177554018885
7.75	0.00399634	3	0.000000000213504	1.33211333333333E-03	750.686878493822
7.8	0.00400401	3	0.00000000021894	0.00133467	749.248877999805
7.85	0.00401168	3	0.000000000216424	1.33722666666667E-03	747.81637618155
7.9	0.0040193	3	0.000000000216508	1.33976666666667E-03	746.398626626527
7.95	0.00402679	3	0.000000000212371	1.34226333333333E-03	745.010293558889
8	0.00403418	3	0.000000000212073	1.34472666666667E-03	743.645548785627
8.05	0.00404148	3	0.000000000132418	0.00134716	742.302324890882
8.1	0.00404869	3	0.000000000138319	1.34956333333333E-03	740.980415887608
8.15	0.00405569	3	0.0000000001436	1.35189666666667E-03	739.701505785699
8.2	0.00406275	3	0.000000000147998	0.00135425	738.416097470925
8.25	0.00406964	3	0.000000000154233	1.35654666666667E-03	737.165940967751
8.3	0.00407643	3	0.000000000159228	0.00135881	735.93806345258
8.35	0.00408319	3	0.000000000157189	1.36106333333333E-03	734.719667710785
8.4	0.00408988	3	0.000000000164723	1.36329333333333E-03	733.517853824562
8.45	0.00409643	3	0.000000000167418	1.36547666666667E-03	732.34499307934
8.5	0.004103	3	0.000000000169694	1.36766666666667E-03	731.17231294175
8.55	0.00410942	3	0.000000000174427	1.36980666666667E-03	730.030028568508
8.6	0.00411572	3	0.000000000180995	1.37190666666667E-03	728.912559649345
8.65	0.00412201	3	0.000000000179219	1.37400333333333E-03	727.800272197302
8.7	0.00412824	3	0.000000000184655	0.00137608	726.701935933957
8.75	0.00413429	3	0.000000000191283	1.37809666666667E-03	725.638501411367
8.8	0.00414045	3	0.000000000184441	0.00138015	724.558924754556
8.85	0.00414643	3	0.000000000184107	1.38214333333333E-03	723.513962613622
8.9	0.00415233	3	0.000000000181699	0.00138411	722.485929586521
8.95	0.00415821	3	0.000000000179327	0.00138607	721.464283910625
9	0.00416401	3	0.000000000174189	1.38800333333333E-03	720.459364891055
9.05	0.00416978	3	0.000000000167942	1.38992666666667E-03	719.462417681508
9.1	0.00417535	3	0.000000000162971	1.39178333333333E-03	718.502640497204
9.15	0.00418097	3	0.000000000158918	1.39365666666667E-03	717.536839537237
9.2	0.0041865	3	0.000000000151718	0.0013955	716.589036187746
9.25	0.00419196	3	0.000000000150669	0.00139732	715.65568373744
9.3	0.00419735	3	0.000000000148284	1.39911666666667E-03	714.736679095143
9.35	0.00420272	3	0.00000000013895	1.40090666666667E-03	713.823428636692
9.4	0.00420789	3	0.000000000142574	0.00140263	712.946393560668
9.45	0.00421308	3	0.000000000133789	0.00140436	712.068130678743
9.5	0.00421835	3	0.000000000135684	1.40611666666667E-03	711.178541372812
9.55	0.00422345	3	0.000000000135553	1.40781666666667E-03	710.319762279653
9.6	0.00422852	3	0.000000000280619	1.40950666666667E-03	709.468088125396
9.65	0.00423347	3	0.000000000285447	1.41115666666667E-03	708.638540015637
9.7	0.00423836	3	0.000000000141644	1.41278666666667E-03	707.820949612586
9.75	0.00424331	3	0.00000000014509	1.41443666666667E-03	706.995246635292
9.8	0.00424809	3	0.000000000142455	0.00141603	706.199727406905
9.85	0.00425281	3	0.000000000142252	1.41760333333333E-03	705.415948514041
9.9	0.00425752	3	0.000000000292456	1.41917333333333E-03	704.635562487082
9.95	0.00426222	3	0.00000000029074	0.00142074	703.858552585272
10	0.00426676	3	0.000000000144553	1.42225333333333E-03	703.109619477074
