-10	-9.03606E-12	0	0	-1.68742916	2.82058953	4.50801869	0	-360620539832.81	0	0
-10.1	0.000000000116467	0	0	-1.61194292	0.829914078	2.441856998	0	-364226745231.138	0	0
-10.2	9.04799E-11	0	0	-1.55519139	-1.12783295	0.42735844	0	-367832950629.467	0	0
-10.3	0.000000000124943	0	0	-1.51709842	-1.61313526	-0.09603684	0	-371439156027.795	0	0
-10.4	3.84927E-11	0	0	-1.57957811	-1.67833674	-9.87586300000001E-02	0	-375045361426.123	0	0
-10.5	4.40598E-11	0	0	-1.64194547	-1.74357995	-0.10163448	0	-378651566824.451	0	0
-10.6	2.19226E-11	0	0	-1.70453605	-1.80904255	-0.1045065	0	-382257772222.779	0	0
-10.7	0.000000000106156	0	0	-1.76691046	-1.87382068	-0.10691022	0	-385863977621.107	0	0
-10.8	1.48296E-11	0	0	-1.82789723	-1.93662283	-0.1087256	0	-389470183019.435	0	0
-10.9	-7.24792E-12	0	0	-1.88706429	-1.99734726	-0.11028297	0	-393076388417.763	0	0
-11	9.50217E-11	0	0	-1.94457851	-2.05657787	-0.11199936	0	-396682593816.091	0	0
-11.1	8.02875E-11	0	0	-2.00182391	-2.11590307	-0.11407916	0	-400288799214.419	0	0
-11.2	3.07679E-11	0	0	-2.05946998	-2.17566497	-0.11619499	0	-403895004612.748	0	0
-11.3	-1.25885E-11	0	0	-2.11752918	-2.23581604	-0.11828686	0	-407501210011.076	0	0
-11.4	0.000000000086534	0	0	-2.17574483	-2.29613003	-0.1203852	0	-411107415409.404	0	0
-11.5	0.000000000035882	0	0	-2.23423323	-2.35673838	-0.12250515	0	-414713620807.732	0	0
-11.6	3.39985E-11	0	0	-2.2928289	-2.41718721	-0.12435831	0	-418319826206.06	0	0
-11.7	3.11255E-11	0	0	-2.34893802	-2.47298154	-0.12404352	0	-421926031604.388	0	0
-11.8	2.98023E-13	0	0	-2.398152	-2.52062342	-0.12247142	0	-425532237002.716	0	0
-11.9	-3.56197E-11	0	0	-2.43965455	-2.56038254	-0.12072799	0	-429138442401.044	0	0
-12	5.47528E-11	0	0	-2.47552221	-2.59581611	-0.1202939	0	-432744647799.372	0	0
-12.1	-4.17352E-11	0	0	-2.51166485	-2.63279853	-0.12113368	0	-436350853197.701	0	0
-12.2	-2.72751E-11	0	0	-2.55066925	-2.67315248	-0.12248323	0	-439957058596.029	0	0
-12.3	-0.000000000021553	0	0	-2.59254883	-2.71646954	-0.12392071	0	-443563263994.357	0	0
-12.4	9.04799E-12	0	0	-2.63691969	-2.76241234	-0.12549265	0	-447169469392.685	0	0
-12.5	3.73244E-11	0	0	-2.68362374	-2.81058303	-0.12695929	0	-450775674791.013	0	0
-12.6	3.97086E-11	0	0	-2.7320229	-2.86035004	-0.12832714	0	-454381880189.341	0	0
-12.7	-3.67284E-11	0	0	-2.78167531	-2.91157135	-0.12989604	0	-457988085587.669	0	0
-12.8	1.84536E-11	0	0	-2.83293807	-2.96426306	-0.13132499	0	-461594290985.997	0	0
-12.9	6.27875E-11	0	0	-2.88538285	-3.01828588	-0.13290303	0	-465200496384.325	0	0
-13	1.63913E-11	0	0	-2.93876524	-3.0732652	-0.13449996	0	-468806701782.654	0	0
-13.1	-4.04358E-11	0	0	-2.99273239	-3.12875427	-0.13602188	0	-472412907180.982	0	0
-13.2	2.82526E-12	0	0	-3.04737548	-3.18493603	-0.13756055	0	-476019112579.31	0	0
-13.3	4.29153E-13	0	0	-3.10271829	-3.24180543	-0.13908714	0	-479625317977.638	0	0
-13.4	3.93868E-11	0	0	-3.15878944	-3.29952882	-0.14073938	0	-483231523375.966	0	0
-13.5	-4.62294E-11	0	0	-3.2150481	-3.35744135	-0.14239325	0	-486837728774.294	0	0
-13.6	6.67334E-11	0	0	-3.27192704	-3.41597124	-0.1440442	0	-490443934172.622	0	0
-13.7	-2.84076E-11	0	0	-3.3290921	-3.47455465	-0.14546255	0	-494050139570.95	0	0
-13.8	3.17574E-11	0	0	-3.38688531	-3.5339542	-0.14706889	0	-497656344969.278	0	0
-13.9	-6.13928E-12	0	0	-3.44511973	-3.59368826	-0.14856853	0	-501262550367.606	0	0
-14	9.59635E-12	0	0	-3.50389279	-3.65405251	-0.15015972	0	-504868755765.935	0	0
-14.1	5.03063E-12	0	0	-3.5627161	-3.71441591	-0.15169981	0	-508474961164.263	0	0
-14.2	-8.86917E-12	0	0	-3.6217396	-3.77507164	-0.15333204	0	-512081166562.591	0	0
-14.3	3.88622E-11	0	0	-3.68083302	-3.83588406	-0.15505104	0	-515687371960.919	0	0
-14.4	-4.89116E-11	0	0	-3.74032568	-3.89696038	-0.1566347	0	-519293577359.247	0	0
-14.5	5.51343E-11	0	0	-3.80014055	-3.95846784	-0.15832729	0	-522899782757.575	0	0
-14.6	-0.000000000051868	0	0	-3.86022384	-4.02008683	-0.15986299	0	-526505988155.903	0	0
-14.7	-3.0756E-12	0	0	-3.92036125	-4.08195261	-0.16159136	0	-530112193554.231	0	0
-14.8	-1.61767E-11	0	0	-3.98080811	-4.14411641	-0.1633083	0	-533718398952.559	0	0
-14.9	-2.66314E-11	0	0	-4.0414568	-4.20651437	-0.16505757	0	-537324604350.887	0	0
-15	3.84688E-11	0	0	-4.1022113	-4.26879493	-0.166583630000001	0	-540930809749.216	0	0
-15.1	-8.17299E-11	0	0	-4.16312695	-4.33116707	-0.168040120000001	0	-544537015147.544	0	0
-15.2	3.92914E-11	0	0	-4.22378169	-4.39353502	-0.16975333	0	-548143220545.872	0	0
-15.3	-2.75254E-11	0	0	-4.28476965	-4.45629538	-0.17152573	0	-551749425944.2	0	0
-15.4	-3.65615E-11	0	0	-4.34602566	-4.51903934	-0.17301368	0	-555355631342.528	0	0
-15.5	0.000000000043571	0	0	-4.407451	-4.58214895	-0.17469795	0	-558961836740.856	0	0
-15.6	-6.41704E-11	0	0	-4.46932268	-4.64558292	-0.17626024	0	-562568042139.184	0	0
-15.7	-4.57525E-11	0	0	-4.53050608	-4.7083936	-0.17788752	0	-566174247537.512	0	0
-15.8	-8.88109E-12	0	0	-4.59204644	-4.77155732	-0.17951088	0	-569780452935.84	0	0
-15.9	-7.31945E-12	0	0	-4.65338999	-4.83459541	-0.18120542	0	-573386658334.168	0	0
-16	-7.43866E-11	0	0	-4.71570514	-4.89868028	-0.18297514	0	-576992863732.497	0	0
-16.1	3.71933E-11	0	0	-4.77826471	-4.96278659	-0.18452188	0	-580599069130.825	0	0
-16.2	-7.33852E-11	0	0	-4.84073843	-5.02702779	-0.18628936	0	-584205274529.153	0	0
-16.3	-2.34485E-11	0	0	-4.90328797	-5.09113122	-0.18784325	0	-587811479927.481	0	0
-16.4	-3.03388E-11	0	0	-4.96572715	-5.15531753	-0.189590379999999	0	-591417685325.809	0	0
-16.5	-4.37737E-11	0	0	-5.02800135	-5.2191286	-0.19112725	0	-595023890724.137	0	0
-16.6	2.05398E-11	0	0	-5.08992848	-5.28287962	-0.19295114	0	-598630096122.465	0	0
-16.7	-8.69036E-11	0	0	-5.15230765	-5.34699421	-0.19468656	0	-602236301520.793	0	0
-16.8	3.19242E-11	0	0	-5.21478182	-5.41130442	-0.1965226	0	-605842506919.121	0	0
-16.9	-4.09245E-11	0	0	-5.27807586	-5.47596215	-0.19788629	0	-609448712317.449	0	0
-17	-1.29342E-11	0	0	-5.34082972	-5.54025847	-0.19942875	0	-613054917715.778	0	0
-17.1	1.52946E-11	0	0	-5.40317089	-5.60436281	-0.201191919999999	0	-616661123114.106	0	0
-17.2	-0.000000000105977	0	0	-5.46569422	-5.66850206	-0.20280784	0	-620267328512.434	0	0
-17.3	-7.78079E-11	0	0	-5.52814686	-5.73264357	-0.20449671	0	-623873533910.762	0	0
-17.4	-2.76566E-11	0	0	-5.59084364	-5.7970587	-0.20621506	0	-627479739309.09	0	0
-17.5	-0.000000000092876	0	0	-5.65371611	-5.86164349	-0.207927379999999	0	-631085944707.418	0	0
-17.6	-8.31485E-11	0	0	-5.71645542	-5.92616213	-0.20970671	0	-634692150105.746	0	0
-17.7	7.59363E-12	0	0	-5.77932584	-5.99071698	-0.21139114	0	-638298355504.074	0	0
-17.8	-8.91447E-11	0	0	-5.84271425	-6.05555547	-0.21284122	0	-641904560902.402	0	0
-17.9	-9.08375E-11	0	0	-5.90548488	-6.11990431	-0.21441943	0	-645510766300.73	0	0
-18	-1.56999E-11	0	0	-5.96807086	-6.1841192	-0.21604834	0	-649116971699.059	0	0
-18.1	0.000000000010848	0	0	-6.03029947	-6.24787268	-0.21757321	0	-652723177097.387	0	0
-18.2	-8.26597E-11	0	0	-6.09248041	-6.31208715	-0.21960674	0	-656329382495.715	0	0
-18.3	-6.59227E-12	0	0	-6.15529338	-6.37646424	-0.22117086	0	-659935587894.043	0	0
-18.4	-7.20024E-11	0	0	-6.21721595	-6.44029941	-0.22308346	0	-663541793292.371	0	0
-18.5	-7.38144E-11	0	0	-6.27940436	-6.50433032	-0.22492596	0	-667147998690.699	0	0
-18.6	4.19617E-12	0	0	-6.34171429	-6.56832391	-0.226609620000001	0	-670754204089.027	0	0
-18.7	4.64916E-12	0	0	-6.4038089	-6.63236736	-0.22855846	0	-674360409487.355	0	0
-18.8	5.00679E-13	0	0	-6.46605409	-6.69643481	-0.23038072	0	-677966614885.683	0	0
-18.9	3.32594E-11	0	0	-6.52864227	-6.76083462	-0.23219235	0	-681572820284.011	0	0
-19	1.43886E-11	0	0	-6.59183693	-6.82559479	-0.23375786	0	-685179025682.34	0	0
-19.1	-8.9407E-12	0	0	-6.65466003	-6.89020258	-0.235542550000001	0	-688785231080.668	0	0
-19.2	-0.000000000019145	0	0	-6.71767074	-6.95471984	-0.2370491	0	-692391436478.996	0	0
-19.3	4.22359E-11	0	0	-6.78004579	-7.01847859	-0.2384328	0	-695997641877.324	0	0
-19.4	-1.18494E-11	0	0	-6.84149354	-7.08166607	-0.24017253	0	-699603847275.652	0	0
-19.5	-0.000000000067246	0	0	-6.90233755	-7.14442092	-0.24208337	0	-703210052673.98	0	0
-19.6	-9.06348E-11	0	0	-6.96316042	-7.20746048	-0.24430006	0	-706816258072.308	0	0
-19.7	-9.11713E-11	0	0	-7.02496308	-7.27144912	-0.24648604	0	-710422463470.636	0	0
-19.8	-0.000000000116444	0	0	-7.08814	-7.33628726	-0.24814726	0	-714028668868.964	0	0
-19.9	-4.70638E-11	0	0	-7.15194712	-7.40173602	-0.2497889	0	-717634874267.292	0	0
-20	-4.81248E-11	0	0	-7.21547617	-7.46691239	-0.25143622	0	-721241079665.621	0	0
-20.1	-3.22938E-11	0	0	-7.27766179	-7.5301417	-0.25247991	0	-724847285063.949	0	0
-20.2	-0.000000000102639	0	0	-7.33907731	-7.59322983	-0.25415252	0	-728453490462.277	0	0
-20.3	-0.000000000104809	0	0	-7.40083505	-7.65676426	-0.25592921	0	-732059695860.605	0	0
-20.4	-7.76172E-11	0	0	-7.46307701	-7.72116426	-0.25808725	0	-735665901258.933	0	0
-20.5	-4.34876E-11	0	0	-7.52645005	-7.78679101	-0.26034096	0	-739272106657.261	0	0
-20.6	-0.000000000055182	0	0	-7.58981053	-7.8519021	-0.26209157	0	-742878312055.589	0	0
-20.7	-1.03593E-11	0	0	-7.65261339	-7.91638078	-0.26376739	0	-746484517453.917	0	0
-20.8	-4.99249E-11	0	0	-7.71510283	-7.98003374	-0.264930909999999	0	-750090722852.245	0	0
-20.9	-6.14524E-11	0	0	-7.77694665	-8.04398819	-0.26704154	0	-753696928250.574	0	0
-21	-0.000000000145638	0	0	-7.84000761	-8.10889349	-0.26888588	0	-757303133648.902	0	0
-21.1	-0.000000000151062	0	0	-7.9028875	-8.17363697	-0.27074947	0	-760909339047.23	0	0
-21.2	-7.77245E-12	0	0	-7.9659091	-8.23847112	-0.27256202	0	-764515544445.558	0	0
-21.3	-0.000000000112176	0	0	-8.02828632	-8.30256677	-0.274280450000001	0	-768121749843.886	0	0
-21.4	-0.000000000166869	0	0	-8.09079885	-8.36703063	-0.27623178	0	-771727955242.214	0	0
-21.5	-9.72271E-11	0	0	-8.15422195	-8.43184647	-0.27762452	0	-775334160640.542	0	0
-21.6	-4.99845E-11	0	0	-8.21720919	-8.49664182	-0.279432630000001	0	-778940366038.87	0	0
-21.7	-8.98123E-11	0	0	-8.28024589	-8.56147185	-0.28122596	0	-782546571437.198	0	0
-21.8	-0.000000000148189	0	0	-8.34280607	-8.62557651	-0.28277044	0	-786152776835.527	0	0
-21.9	-6.76513E-11	0	0	-8.4055595	-8.69026179	-0.284702289999998	0	-789758982233.855	0	0
-22	-4.58956E-12	0	0	-8.46834497	-8.75517534	-0.286830369999999	0	-793365187632.183	0	0
-22.1	-1.87993E-11	0	0	-8.5315416	-8.82014348	-0.28860188	0	-796971393030.511	0	0
-22.2	-0.000000000107276	0	0	-8.59492864	-8.88517109	-0.290242450000001	0	-800577598428.839	0	0
-22.3	-8.49247E-11	0	0	-8.65680973	-8.94857357	-0.29176384	0	-804183803827.167	0	0
-22.4	-4.24027E-11	0	0	-8.71893724	-9.01290402	-0.29396678	0	-807790009225.495	0	0
-22.5	-7.61628E-11	0	0	-8.78202114	-9.07753923	-0.29551809	0	-811396214623.823	0	0
-22.6	-6.20246E-11	0	0	-8.84530212	-9.14275414	-0.29745202	0	-815002420022.151	0	0
-22.7	-0.000000000126863	0	0	-8.90794743	-9.20712428	-0.29917685	0	-818608625420.479	0	0
-22.8	-9.35435E-11	0	0	-8.96936255	-9.27045169	-0.30108914	0	-822214830818.808	0	0
-22.9	-8.19087E-11	0	0	-9.03113442	-9.33468499	-0.303550569999999	0	-825821036217.136	0	0
-23	-6.18458E-11	0	0	-9.09435146	-9.39972188	-0.305370419999999	0	-829427241615.464	0	0
-23.1	-0.000000000117028	0	0	-9.15793678	-9.4645231	-0.306586319999999	0	-833033447013.792	0	0
-23.2	-7.21455E-11	0	0	-9.22008341	-9.52822552	-0.308142109999999	0	-836639652412.12	0	0
-23.3	-5.47647E-11	0	0	-9.28232303	-9.59239085	-0.310067819999999	0	-840245857810.448	0	0
-23.4	-2.90513E-11	0	0	-9.34485808	-9.65727608	-0.312418000000001	0	-843852063208.776	0	0
-23.5	-0.000000000108457	0	0	-9.40831118	-9.72250361	-0.31419243	0	-847458268607.104	0	0
-23.6	1.40786E-11	0	0	-9.47185517	-9.7878852	-0.31603003	0	-851064474005.433	0	0
-23.7	-0.000000000045228	0	0	-9.53506324	-9.85255883	-0.31749559	0	-854670679403.761	0	0
-23.8	-7.91073E-11	0	0	-9.59862952	-9.91791809	-0.319288570000001	0	-858276884802.089	0	0
-23.9	-0.000000000134897	0	0	-9.66089827	-9.98170376	-0.32080549	0	-861883090200.417	0	0
-24	-0.000000000135112	0	0	-9.72286248	-10.0456458	-0.322783320000001	0	-865489295598.745	0	0
-24.1	-0.000000000208402	0	0	-9.78497336	-10.1096795	-0.32470614	0	-869095500997.073	0	0
-24.2	-0.000000000189948	0	0	-9.84787934	-10.1745797	-0.32670036	0	-872701706395.401	0	0
-24.3	-0.000000000172853	0	0	-9.91121508	-10.2399971	-0.32878202	0	-876307911793.729	0	0
-24.4	-6.46234E-11	0	0	-9.97487055	-10.3054654	-0.330594849999999	0	-879914117192.057	0	0
-24.5	-7.46846E-11	0	0	-10.0389291	-10.3714295	-0.332500399999999	0	-883520322590.385	0	0
-24.6	-0.000000000103748	0	0	-10.1033793	-10.4374885	-0.3341092	0	-887126527988.714	0	0
-24.7	-8.21829E-11	0	0	-10.1672663	-10.5030391	-0.335772800000001	0	-890732733387.042	0	0
-24.8	-8.20994E-11	0	0	-10.2302904	-10.5675555	-0.3372651	0	-894338938785.37	0	0
-24.9	-9.69768E-11	0	0	-10.2925126	-10.6315288	-0.3390162	0	-897945144183.698	0	0
-25	-0.000000000067997	0	0	-10.3545673	-10.695859	-0.341291700000001	0	-901551349582.026	0	0
-25.1	-0.000000000142694	0	0	-10.4179895	-10.761454	-0.343464500000001	0	-905157554980.354	0	0
-25.2	-0.000000000116909	0	0	-10.4816249	-10.8266791	-0.3450542	0	-908763760378.682	0	0
-25.3	-0.000000000145423	0	0	-10.5457511	-10.8923935	-0.3466424	0	-912369965777.01	0	0
-25.4	-4.69208E-11	0	0	-10.6083238	-10.9564955	-0.3481717	0	-915976171175.338	0	0
-25.5	-5.14507E-11	0	0	-10.6700947	-11.0199111	-0.3498164	0	-919582376573.666	0	0
-25.6	-8.49843E-11	0	0	-10.7318558	-11.08372	-0.3518642	0	-923188581971.995	0	0
-25.7	-0.000000000185907	0	0	-10.7950701	-11.1490556	-0.3539855	0	-926794787370.323	0	0
-25.8	-0.000000000232363	0	0	-10.858798	-11.2149678	-0.3561698	0	-930400992768.651	0	0
-25.9	-0.000000000051868	0	0	-10.9233075	-11.2809355	-0.357628	0	-934007198166.979	0	0
-26	-5.76019E-11	0	0	-10.9868758	-11.3465167	-0.3596409	0	-937613403565.307	0	0
-26.1	-0.000000000120342	0	0	-11.0509769	-11.412655	-0.361678100000001	0	-941219608963.635	0	0
-26.2	-0.000000000109601	0	0	-11.1145139	-11.4776949	-0.363180999999999	0	-944825814361.963	0	0
-26.3	6.96182E-12	0	0	-11.1781607	-11.5431858	-0.3650251	0	-948432019760.291	0	0
-26.4	-0.000000000184119	0	0	-11.2410381	-11.6077473	-0.366709199999999	0	-952038225158.619	0	0
-26.5	-1.07884E-11	0	0	-11.3048293	-11.6732453	-0.368416	0	-955644430556.947	0	0
-26.6	2.25186E-11	0	0	-11.3680816	-11.7383958	-0.370314199999999	0	-959250635955.276	0	0
-26.7	-0.000000000141311	0	0	-11.4307357	-11.8029471	-0.372211400000001	0	-962856841353.604	0	0
-26.8	-0.000000000197911	0	0	-11.4940513	-11.8680563	-0.374004999999999	0	-966463046751.932	0	0
-26.9	1.8239E-12	0	0	-11.5572979	-7.28161055	4.27568735	0	-970069252150.26	0	0
-27	-0.000000000560403	-0.0000003	-7.22674	-10.2136923	-7.2299086	2.9837837	-2.21834712750794E-08	-973675457548.588	0.142201738942816	0
-27.1	0.00000000450563	-0.0000003	-7.21499	-8.85284196	-7.19522089	1.65762107	-3.99311285298757E-08	-977281662946.916	0.255024238411071	0
-27.2	0.00000000396985	-0.0000003	-7.2031	-7.47219355	-7.17353903	0.29865452	-2.21629593953575E-07	-980887868345.244	1.41025618324532	0
-27.3	0.00000000304703	-0.0000003	-7.18607	-6.65433303	-7.15379877	-0.49946574	1.32522963436892E-07	-984494073743.572	-0.84017094317556	0
-27.4	0.00000000240726	-0.0000003	-7.16994	-6.6615671	-7.12959701	-0.46802991	1.41424038476515E-07	-988100279141.9	-0.893329833161593	0
-27.5	0.00000000138915	-0.0000003	-7.15089	-6.67094081	-7.11366686	-0.44272605	1.49507082314221E-07	-991706484540.228	-0.940953664914679	0
-27.6	0.000000000519824	-0.0000003	-7.12993	-6.67052317	-7.08557137	-0.4150482	1.59477092058224E-07	-995312689938.557	-1.00006537661929	0
-27.7	-8.61883E-12	-0.0000003	-7.11371	-6.66105486	-7.06613988	-0.40508502	1.63399475991485E-07	-998918895336.885	-1.02096312407898	0
-27.8	6.21319E-11	-0.0000003	-7.09978	-6.64230607	-7.04488241	-0.40257634	1.64417710191314E-07	-1002525100735.21	-1.02362990572899	0
-27.9	0.000000000170624	-0.0000003	-7.08282	-6.61623734	-7.02495533	-0.40871799	1.61947067707981E-07	-1006131306133.54	-1.00463441506192	0
-28	0.000000000253904	-0.0000003	-7.06888	-6.59084519	-7.00916543	-0.418320240000001	1.58229685467765E-07	-1009737511531.87	-0.978068110721073	0
-28.1	0.000000000521672	-0.0000003	-7.05018	-6.56505089	-6.98434644	-0.41929555	1.57861632445181E-07	-1013343716930.2	-0.972320484537796	0
-28.2	0.000000000224006	-0.0000003	-18.1606	-7.36449562	-6.9976663	0.36682932	-1.80439993182661E-07	-1016949922328.53	1.10744676666936	0
-28.3	0.000000000166118	-0.0000003	-17.9055	-8.15766893	-6.98520365	1.17246528	-5.6454277264398E-08	-1020556127726.85	0.345262636164434	0
-28.4	0.000000000424171	-0.0000003	-17.6137	-8.95122287	-6.95786207	1.9933608	-3.32055692075413E-08	-1024162333125.18	0.202363300966869	0
-28.5	0.000000000171053	-0.0000003	-17.3527	-9.74927686	-8.42596288	1.32331398	-5.00188776060539E-08	-1027768538523.51	0.303758366028667	0
-28.6	-0.000000000756216	-0.0000003	-17.1565	-10.3438341	-9.90314064	0.44069346	-1.50196646893739E-07	-1031374743921.84	0.908936136392986	0
-28.7	-0.000000000544238	-0.0000003	-16.9307	-10.930487	-11.3492683	-0.418781300000001	1.58055481464907E-07	-1034980949320.17	-0.953162244159855	0
-28.8	-0.000000000637674	-0.0000003	-16.7094	-11.4945289	-11.7918571	-0.297328199999999	2.22618238027877E-07	-1038587154718.49	-1.3378499881483	0
-28.9	-0.000000000620818	-0.0000003	-16.5094	-11.399222	-11.6906387	-0.291416699999999	2.27134134728724E-07	-1042193360116.82	-1.36026564583346	0
-29	-0.000000000679338	-0.0000003	-16.3307	-11.3014946	-11.5895786	-0.288084	2.29761736160287E-07	-1045799565515.15	-1.37125704604946	0
-29.1	-0.000000000389862	-0.0000003	-16.1651	-11.2108175	-11.4969681	-0.286150600000001	2.31314140176536E-07	-1049405770913.48	-1.3757779947058	0
-29.2	-0.000000000633049	-0.0000003	-16.0167	-11.1253668	-11.4102748	-0.284908	2.32322995493282E-07	-1053011976311.81	-1.37704620616408	0
-29.3	-0.000000000411212	-0.0000003	-15.8589	-11.0429071	-11.3246201	-0.281713	2.34957847170702E-07	-1056618181710.13	-1.38791062256256	0
-29.4	-0.000000000621331	-0.0000003	-15.7102	-10.9630216	-11.2402172	-0.277195600000001	2.38786907151484E-07	-1060224387108.46	-1.40573140002836	0
-29.5	-0.000000000687897	-0.0000003	-15.5733	-10.8829674	-11.1567428	-0.2737754	2.41770005632354E-07	-1063830592506.79	-1.41846809041147	0
-29.6	-0.000000000549042	-0.0000003	-15.4259	-10.8025482	-11.0734764	-0.2709282	2.44310780494611E-07	-1067436797905.12	-1.4285323703557	0
-29.7	-0.000000000643361	-0.0000003	-15.3104	-10.7245411	-10.9933424	-0.2688013	2.46243898374004E-07	-1071043003303.45	-1.43498775276226	0
-29.8	-0.000000000689709	-0.0000003	-15.1798	-10.6493914	-10.9150076	-0.265616199999998	2.49196698092964E-07	-1074649208701.77	-1.44732207204225	0
-29.9	-0.000000000501454	-0.0000003	-15.0525	-10.5732719	-10.838094	-0.2648221	2.49943943500184E-07	-1078255414100.1	-1.44680697935532	0
-30	-0.000000000394845	-0.0000003	-14.9392	-10.5000771	-10.7629214	-0.262844299999999	2.51824673390293E-07	-1081861619498.43	-1.45283465417477	0
-30.1	-0.000000000414622	-0.0000003	-14.8304	-10.4295095	-10.6903366	-0.2608271	2.53772249892745E-07	-1085467824896.76	-1.45920665029051	0
-30.2	-0.00000000051043	-0.0000003	-14.7303	-10.3609708	-10.6210839	-0.2601131	2.54468844514175E-07	-1089074030295.09	-1.45836704064415	0
-30.3	-0.000000000421655	-0.0000003	-14.6148	-10.2946088	-10.5519622	-0.2573534	2.57197612310543E-07	-1092680235693.42	-1.46914096902443	0
-30.4	-0.000000000570416	-0.0000003	-14.5089	-10.2275659	-10.4822279	-0.254662	2.59915809975576E-07	-1096286441091.74	-1.47978383715852	0
-30.5	-0.000000000529945	-0.0000003	-14.4042	-10.1593548	-10.4117416	-0.2523868	2.62258882001753E-07	-1099892646490.07	-1.48822820808056	0
-30.6	-0.000000000514877	-0.0000003	-14.3089	-10.0922326	-10.3448452	-0.252612599999999	2.62024459587527E-07	-1103498851888.4	-1.48203879857199	0
-30.7	-0.000000000532496	-0.0000003	-14.2145	-10.0274309	-10.2792403	-0.251809399999999	2.62860242707382E-07	-1107105057286.73	-1.48192319241195	0
-30.8	-0.000000000684619	-0.0000003	-14.1337	-9.96901147	-10.2191247	-0.25011323	2.64642857956774E-07	-1110711262685.06	-1.48712894705979	0
-30.9	-0.000000000364697	-0.0000003	-14.0405	-9.91025669	-10.1573176	-0.24706091	2.67912394558896E-07	-1114317468083.38	-1.5006295438325	0
-31	-0.000000000544918	-0.0000003	-13.9501	-9.85062291	-10.0962093	-0.24558639	2.69520961646124E-07	-1117923673481.71	-1.50476963698208	0
-31.1	-0.000000000596678	-0.0000003	-13.861	-9.7898153	-10.0328476	-0.243032299999999	2.72353427918841E-07	-1121529878880.04	-1.51569431812365	0
-31.2	-0.000000000495338	-0.0000003	-13.7779	-9.72991345	-9.97261223	-0.24269878	2.72727699743691E-07	-1125136084278.37	-1.51291253556042	0
-31.3	-0.000000000415015	-0.0000003	-13.7018	-9.67118781	-9.9137576	-0.242569790000001	2.72872726649101E-07	-1128742289676.7	-1.50888089201395	0
-31.4	-0.000000000444007	-0.0000003	-13.623	-9.61549283	-9.85583465	-0.240341819999999	2.75402258333569E-07	-1132348495075.02	-1.51801832741433	0
-31.5	-0.000000000576127	-0.0000003	-13.5324	-9.55767693	-9.79595613	-0.238279200000001	2.77786227249377E-07	-1135954700473.35	-1.52629795191965	0
-31.6	-0.000000000304604	-0.0000003	-13.4561	-9.49942434	-9.73554384	-0.236119500000001	2.80327037792303E-07	-1139560905871.68	-1.53538421380887	0
-31.7	-0.000000000642633	-0.0000003	-13.3546	-9.43641069	-9.66936348	-0.232952789999999	2.8413774310237E-07	-1143167111270.01	-1.55134657117285	0
-31.8	-0.000000000516295	-0.0000003	-13.2745	-9.37378459	-9.60687517	-0.233090580000001	2.83969776899606E-07	-1146773316668.34	-1.54555393813283	0
-31.9	-0.000000000299323	-0.0000003	-13.2168	-9.31630439	-9.54845186	-0.232147469999999	2.85123417455293E-07	-1150379522066.67	-1.54696814389778	0
-32	-0.000000000430048	-0.0000003	-13.1443	-9.26272961	-9.49658645	-0.233856840000001	2.83039315848104E-07	-1153985727464.99	-1.5308616842746	0
-32.1	-0.000000000431633	-0.0000003	-13.064	-9.21272177	-9.44606858	-0.23334681	2.83657959583848E-07	-1157591932863.32	-1.52942825081155	0
-32.2	-0.000000000368166	-0.0000003	-12.9966	-9.16140335	-9.39229468	-0.230891329999999	2.8667460142397E-07	-1161198138261.65	-1.54089310368833	0
-32.3	-0.000000000559437	-0.0000003	-12.9396	-9.10995005	-9.34122992	-0.23127987	2.86193000713811E-07	-1164804343659.98	-1.5335419185665	0
-32.4	-0.000000000374782	-0.0000003	-12.8716	-9.06018896	-9.29106127	-0.230872310000001	2.86698218595378E-07	-1168410549058.31	-1.53150757796676	0
-32.5	-0.000000000528216	-0.0000003	-12.8098	-9.01387921	-9.24345607	-0.22957686	2.88315991428753E-07	-1172016754456.63	-1.53541060524188	0
-32.6	-0.000000000417256	-0.0000003	-12.7559	-8.96878581	-9.19567943	-0.22689362	2.91725611323932E-07	-1175622959854.96	-1.54880279726014	0
-32.7	-0.000000000418329	-0.0000003	-12.6933	-8.92230253	-9.14875284	-0.226450310000001	2.92296707388035E-07	-1179229165253.29	-1.54708913578706	0
-32.8	-0.000000000491154	-0.0000003	-12.6215	-8.8756928	-9.10134841	-0.22565561	2.93326099891777E-07	-1182835370651.62	-1.54780423254338	0
-32.9	-0.000000000391877	-0.0000003	-12.5694	-8.8302795	-9.05585677	-0.22557727	2.93427968163636E-07	-1186441576049.95	-1.54363555849469	0
-33	-0.000000000525069	-0.0000003	-12.5111	-8.786715	-9.01118841	-0.224473410000002	2.9487091589155E-07	-1190047781448.27	-1.54652578264799	0
-33.1	-0.000000000319517	-0.0000003	-12.4612	-8.74267699	-8.96820028	-0.22552329	2.93498201449615E-07	-1193653986846.6	-1.53467569895802	0
-33.2	-0.000000000617421	-0.0000003	-12.3974	-8.70205546	-8.92550717	-0.223451709999999	2.96219169681003E-07	-1197260192244.93	-1.54423802544545	0
-33.3	-0.000000000606811	-0.0000003	-12.3414	-8.65858521	-8.88122129	-0.222636079999999	2.97304372229336E-07	-1200866397643.26	-1.54524101990299	0
-33.4	-0.000000000440466	-0.0000003	-12.2908	-8.61491322	-8.83706535	-0.22215213	2.97952038542237E-07	-1204472603041.59	-1.54397072022117	0
-33.5	-0.000000000475609	-0.0000003	-12.2285	-8.57095024	-8.79175655	-0.22080631	2.99768063693469E-07	-1208078808439.91	-1.5487443015162	0
-33.6	-0.000000000473642	-0.0000003	-12.1695	-8.52703148	-8.74670463	-0.21967315	3.01314384575447E-07	-1211685013838.24	-1.55210019527188	0
-33.7	-0.00000000030942	-0.0000003	-12.1137	-8.48389571	-8.70253488	-0.218639169999999	3.02739349037961E-07	-1215291219236.57	-1.55481290877748	0
-33.8	-0.00000000056076	-0.0000003	-12.063	-8.43974143	-8.65745087	-0.21770944	3.04032199981774E-07	-1218897424634.9	-1.55683306772642	0
-33.9	-0.000000000543559	-0.0000003	-12.0115	-8.39650544	-8.61458984	-0.2180844	3.03509466977005E-07	-1222503630033.23	-1.5495718191474	0
-34	-0.000000000368726	-0.0000003	-11.9581	-8.35488452	-8.57317227	-0.21828775	3.03226727106766E-07	-1226109835431.56	-1.54357496830367	0
-34.1	-0.000000000371778	-0.0000003	-11.9012	-8.31331949	-8.53051212	-0.21719263	3.04755644793288E-07	-1229716040829.88	-1.54680848361132	0
-34.2	-0.000000000325167	-0.0000003	-11.8536	-8.27220251	-8.4883392	-0.216136690000001	3.06244534419398E-07	-1233322246228.21	-1.54982051831679	0
-34.3	-0.000000000334907	-0.0000003	-11.7993	-8.2310789	-8.44648186	-0.21540296	3.07287699296239E-07	-1236928451626.54	-1.55056587444839	0
-34.4	-0.000000000370359	-0.0000003	-11.7485	-8.18803425	-8.4033125	-0.215278250000001	3.07465710075215E-07	-1240534657024.87	-1.54695404219417	0
-34.5	-0.000000000504231	-0.0000003	-11.6986	-8.14778336	-8.36182699	-0.214043630000001	3.09239195765834E-07	-1244140862423.2	-1.55136720283863	0
-34.6	-0.000000000367129	-0.0000003	-11.6479	-8.10541891	-8.32016389	-0.214744980000001	3.08229230783415E-07	-1247747067821.52	-1.54183141232255	0
-34.7	-0.000000000458205	-0.0000003	-11.6027	-8.06618989	-8.28056247	-0.214372579999999	3.08764675034467E-07	-1251353273219.85	-1.54005878702627	0
-34.8	-0.000000000426817	-0.0000003	-11.5549	-8.02781069	-8.24083824	-0.21302755	3.10714177579379E-07	-1254959478618.18	-1.54532913252344	0
-34.9	-0.000000000567627	-0.0000003	-11.5074	-7.99057063	-8.20388965	-0.213319020000001	3.10289630994928E-07	-1258565684016.51	-1.53879583367553	0
-35	-0.000000000533974	-0.0000003	-11.4675	-7.95396831	-8.16610059	-0.21213228	3.12025496543949E-07	-1262171889414.84	-1.54298322466788	0
-35.1	-0.000000000404322	-0.0000003	-11.4212	-7.91743102	-8.12973933	-0.212308309999999	3.11766788591555E-07	-1265778094813.16	-1.53731158082621	0
-35.2	-0.000000000434732	-0.0000003	-11.376	-7.88170807	-8.09334114	-0.21163307	3.12761516902817E-07	-1269384300211.49	-1.5378352557503	0
-35.3	-0.000000000322282	-0.0000003	-11.3288	-7.84359741	-8.05423207	-0.210634659999999	3.14244009034412E-07	-1272990505609.82	-1.54074748382529	0
-35.4	-0.000000000538552	-0.0000003	-11.2832	-7.80539426	-8.01570302	-0.21030876	3.14730969836919E-07	-1276596711008.15	-1.53877592814661	0
-35.5	-0.000000000565004	-0.0000003	-11.2409	-7.76804303	-7.97755274	-0.20950971	3.15931323660369E-07	-1280202916406.48	-1.54029356064102	0
-35.6	-0.000000000382507	-0.0000003	-11.1965	-7.73229372	-7.94180171	-0.20950799	3.15933917365157E-07	-1283809121804.8	-1.53597950317978	0
-35.7	-0.000000000506461	-0.0000003	-11.1608	-7.6981462	-7.9079971	-0.2098509	3.154176608249E-07	-1287415327203.13	-1.52917417982337	0
-35.8	-0.000000000446236	-0.0000003	-11.1246	-7.66543972	-7.87532578	-0.20988606	3.15364822227832E-07	-1291021532601.46	-1.5246472926786	0
-35.9	-0.000000000404739	-0.0000003	-11.0823	-7.63417337	-7.84439758	-0.21022421	3.14857551373365E-07	-1294627737999.79	-1.51795476878095	0
-36	-0.000000000379467	-0.0000003	-11.041	-7.60280276	-7.81198533	-0.209182569999999	3.164254077192E-07	-1298233943398.12	-1.52127599865	0
-36.1	-0.000000000412285	-0.0000003	-11.0075	-7.57065361	-7.77920809	-0.20855448	3.17378365595407E-07	-1301840148796.45	-1.52163077474891	0
-36.2	-0.000000000532985	-0.0000003	-10.962	-7.53734619	-7.74533103	-0.20798484	3.1824761843219E-07	-1305446354194.77	-1.52158338604426	0
-36.3	-0.000000000528908	-0.0000003	-10.9252	-7.5042059	-7.7118852	-0.207679300000001	3.18715827720913E-07	-1309052559593.1	-1.51962409911433	0
-36.4	-0.000000000414157	-0.0000003	-10.8779	-7.47000054	-7.6767958	-0.20679526	3.20078322878387E-07	-1312658764991.43	-1.52192778207179	0
-36.5	-0.000000000485313	-0.0000003	-10.8419	-7.43525564	-7.64235817	-0.207102529999999	3.19603435071509E-07	-1316264970389.76	-1.51550627799978	0
-36.6	-0.000000000539112	-0.0000003	-10.8121	-7.40225938	-7.60908561	-0.20682623	3.20030394597436E-07	-1319871175788.09	-1.51338458983655	0
-36.7	-0.000000000558758	-0.0000003	-10.7747	-7.3712676	-7.57825172	-0.20698412	3.19786271526531E-07	-1323477381186.41	-1.50810964354369	0
-36.8	-0.000000000540733	-0.0000003	-10.7338	-7.34148112	-7.54756106	-0.20607994	3.21189340408388E-07	-1327083586584.74	-1.51061040116821	0
-36.9	-0.000000000481939	-0.0000003	-10.6993	-7.31140259	-7.51676068	-0.20535809	3.22318346455209E-07	-1330689791983.07	-1.51181213159104	0
-37	-0.000000000655317	-0.0000003	-10.6669	-7.28110296	-7.48638812	-0.20528516	3.22432853889682E-07	-1334295997381.4	-1.50826179054425	0
-37.1	-0.000000000347626	-0.0000003	-10.6304	-7.25085453	-7.45626696	-0.20541243	3.22233080052653E-07	-1337902202779.73	-1.50326442073081	0
-37.2	-0.000000000479281	-0.0000003	-10.5909	-7.221366	-7.42601289	-0.20464689	3.23438484699181E-07	-1341508408178.05	-1.50483165958056	0
-37.3	-0.000000000472307	-0.0000003	-10.5646	-7.19196138	-7.39715023	-0.20518885	3.225841949989E-07	-1345114613576.38	-1.49683324138487	0
-37.4	-0.000000000344086	-0.0000003	-10.5316	-7.16449327	-7.36934798	-0.204854709999999	3.23110364413882E-07	-1348720818974.71	-1.49526598093631	0
-37.5	-0.000000000307214	-0.0000003	-10.498	-7.13540624	-7.34072173	-0.20531549	3.22385222858733E-07	-1352327024373.04	-1.48793179780954	0
-37.6	-0.000000000374174	-0.0000003	-10.4649	-7.10855202	-7.31256898	-0.20401696	3.2443714483345E-07	-1355933229771.37	-1.49341975424563	0
-37.7	-0.00000000046351	-0.0000003	-10.4332	-7.07989175	-7.28361163	-0.20371988	3.24910264035105E-07	-1359539435169.7	-1.49163047149354	0
-37.8	-0.000000000414288	-0.0000003	-10.401	-7.05250558	-7.25685148	-0.2043459	3.23914891368019E-07	-1363145640568.02	-1.48312679197811	0
-37.9	-0.000000000698984	-0.0000003	-10.3692	-7.02553777	-7.22992808	-0.20439031	3.2384451102403E-07	-1366751845966.35	-1.4788921246277	0
-38	-0.000000000464702	-0.0000003	-10.3424	-6.99969946	-7.20438709	-0.20468763	3.23374109124231E-07	-1370358051364.68	-1.47285778447271	0
-38.1	-0.000000000551987	-0.0000003	-10.3156	-6.97613717	-7.18010764	-0.20397047	3.24511092218398E-07	-1373964256763.01	-1.47415699069533	0
-38.2	-0.000000000425136	-0.0000003	-10.2861	-6.95181782	-7.1550806	-0.20326278	3.25640926489345E-07	-1377570462161.34	-1.47541700483493	0
-38.3	-0.000000000499463	-0.0000003	-10.2532	-6.92702861	-7.12970073	-0.20267212	3.26589962151676E-07	-1381176667559.66	-1.47585341402143	0
-38.4	-0.000000000409746	-0.0000003	-10.2211	-6.90048084	-7.10270188	-0.20222104	3.27318463004642E-07	-1384782872957.99	-1.47529355320602	0
-38.5	-0.000000000366974	-0.0000003	-10.1938	-6.87436204	-7.07674547	-0.202383429999999	3.27055826655375E-07	-1388389078356.32	-1.47028093901018	0
-38.6	-0.000000000555897	-0.0000003	-10.1654	-6.84830388	-7.05105038	-0.202746500000001	3.26470148683207E-07	-1391995283754.65	-1.46384582410764	0
-38.7	-0.000000000408983	-0.0000003	-10.1402	-6.82384798	-7.02620808	-0.2023601	3.27093532766588E-07	-1395601489152.98	-1.46285121988635	0
-38.8	-0.000000000545955	-0.0000003	-10.1079	-6.79878089	-7.00095742	-0.20217653	3.27390523519223E-07	-1399207694551.3	-1.46040578492913	0
-38.9	-0.00000000043695	-0.0000003	-10.0805	-6.77450235	-6.97644246	-0.201940110000001	3.27773813731209E-07	-1402813899949.63	-1.45835689320787	0
-39	-0.000000000416064	-0.0000003	-10.0596	-6.75116452	-6.9532277	-0.202063180000001	3.27574177541895E-07	-1406420105347.96	-1.45373155713859	0
-39.1	-0.00000000035125	-0.0000003	-10.0296	-6.72805549	-6.93013997	-0.20208448	3.27539650744085E-07	-1410026310746.29	-1.44986074006333	0
-39.2	-0.000000000598872	-0.0000003	-10.0037	-6.70490862	-6.90655669	-0.20164807	3.28248517330218E-07	-1413632516144.62	-1.44929192306317	0
-39.3	-0.000000000498796	-0.0000003	-9.97547	-6.68133634	-6.88304799	-0.20171165	3.28145052603556E-07	-1417238721542.94	-1.44514849942846	0
-39.4	-0.000000000534022	-0.0000003	-9.95648	-6.65935841	-6.8613923	-0.20203389	3.27621667830085E-07	-1420844926941.27	-1.4391814771919	0
-39.5	-0.000000000393534	-0.0000003	-9.93418	-6.63891208	-6.84156425	-0.20265217	3.26622113150823E-07	-1424451132339.6	-1.4311582367855	0
-39.6	-0.00000000056386	-0.0000003	-9.9065	-6.61963882	-6.82160519	-0.20196637	3.27731196040212E-07	-1428057337737.93	-1.43239159108484	0
-39.7	-0.000000000422728	-0.0000003	-9.88165	-6.59868161	-6.8000602	-0.20137859	3.2868777162458E-07	-1431663543136.26	-1.43295385808042	0
-39.8	-0.000000000556767	-0.0000003	-9.85866	-6.57736591	-6.77804107	-0.200675159999999	3.29839926376539E-07	-1435269748534.58	-1.43436380817011	0
-39.9	-0.000000000435877	-0.0000003	-9.83673	-6.55600485	-6.7571088	-0.20110395	3.29136647987272E-07	-1438875953932.91	-1.42771825327041	0
-40	-0.000000000519085	-0.0000003	-9.81178	-6.53641439	-6.73730836	-0.20089397	3.29480670823519E-07	-1442482159331.24	-1.42563751798638	0
-40.1	-0.000000000474155	-0.0000003	-9.79188	-6.51729568	-6.71844311	-0.20114743	3.29065501856027E-07	-1446088364729.57	-1.42029038783054	0
-40.2	-0.000000000452399	-0.0000003	-9.77075	-6.49882731	-6.69988186	-0.201054549999999	3.29217518330225E-07	-1449694570127.9	-1.4174118182989	0
-40.3	-0.000000000607336	-0.0000003	-9.75084	-6.47972859	-6.68082577	-0.201097180000001	3.29147728476351E-07	-1453300775526.23	-1.41359494001105	0
-40.4	-0.000000000565505	-0.0000003	-9.72771	-6.46130323	-6.66163563	-0.2003324	3.30404268106408E-07	-1456906980924.55	-1.41547906176584	0
-40.5	-0.000000000463235	-0.0000003	-9.70647	-6.44210979	-6.64205126	-0.19994147	3.31050281864988E-07	-1460513186322.88	-1.41474479429482	0
-40.6	-0.000000000592589	-0.0000003	-9.68525	-6.42275597	-6.62303661	-0.20028064	3.30489656913419E-07	-1464119391721.21	-1.40887026914588	0
-40.7	-0.000000000562334	-0.0000003	-9.66683	-6.40424237	-6.60463096	-0.200388589999999	3.30311621035909E-07	-1467725597119.54	-1.40465157310678	0
-40.8	-0.000000000522828	-0.0000003	-9.64894	-6.38677281	-6.5878401	-0.20106729	3.29196658491791E-07	-1471331802517.87	-1.3964790377197	0
-40.9	-0.000000000555861	-0.0000003	-9.62958	-6.37037062	-6.57135052	-0.2009799	3.29339799651607E-07	-1474938007916.19	-1.39367039536602	0
-41	-0.000000000425887	-0.0000003	-9.60944	-6.35462913	-6.55493461	-0.20030548	3.30448672697322E-07	-1478544213314.52	-1.39495218305624	0
-41.1	-0.000000000413454	-0.0000003	-9.5899	-6.3379529	-6.53795037	-0.19999747	3.30957586613471E-07	-1482150418712.85	-1.39370123503708	0
-41.2	-0.000000000561237	-0.0000003	-9.57299	-6.32118443	-6.52103222	-0.199847790000001	3.31205463918314E-07	-1485756624111.18	-1.39135977187492	0
-41.3	-0.000000000564003	-0.0000003	-9.55139	-6.30415123	-6.5036128	-0.19946157	3.31846781312311E-07	-1489362829509.51	-1.39067844655001	0
-41.4	-0.000000000576532	-0.0000003	-9.53563	-6.28869893	-6.48855012	-0.19985119	3.3119982923294E-07	-1492969034907.83	-1.38461467070627	0
-41.5	-0.000000000494528	-0.0000003	-9.51795	-6.27356791	-6.47319784	-0.19962993	3.31566914840875E-07	-1496575240306.16	-1.38280919071727	0
-41.6	-0.000000000604796	-0.0000003	-9.50171	-6.25840345	-6.45863951	-0.20023606	3.30563236212299E-07	-1500181445704.49	-1.37530932225901	0
-41.7	-0.00000000060339	-0.0000003	-9.48174	-6.24325062	-6.44261907	-0.19936845	3.32001778616426E-07	-1503787651102.82	-1.37798192563542	0
-41.8	-0.000000000454009	-0.0000003	-9.46512	-6.22700914	-6.42649582	-0.199486680000001	3.31805010740566E-07	-1507393856501.15	-1.37387058182973	0
-41.9	-0.000000000419343	-0.0000003	-9.44842	-6.21190014	-6.41148889	-0.19958875	3.31635325137313E-07	-1511000061899.48	-1.36989073170361	0
-42	-0.000000000427365	-0.0000003	-9.43382	-6.19701605	-6.39628726	-0.19927121	3.32163788236143E-07	-1514606267297.8	-1.36880681965444	0
-42.1	-0.000000000409794	-0.0000003	-9.41545	-6.18257282	-6.38245288	-0.19988006	3.31151991849512E-07	-1518212472696.13	-1.36139591021634	0
-42.2	-0.000000000639999	-0.0000003	-9.39673	-6.16803097	-6.36732088	-0.19928991	3.32132620261608E-07	-1521818678094.46	-1.36219175280462	0
-42.3	-0.000000000432909	-0.0000003	-9.38244	-6.15280646	-6.35177783	-0.19897137	3.32664342613714E-07	-1525424883492.79	-1.36114706470423	0
-42.4	-0.000000000657856	-0.0000003	-9.36713	-6.1388513	-6.33756916	-0.19871786	3.33088731933807E-07	-1529031088891.12	-1.35966917062966	0
-42.5	-0.000000000557232	-0.0000003	-9.35257	-6.12472821	-6.32361974	-0.19889153	3.32797882343205E-07	-1532637294289.44	-1.35528549370536	0
-42.6	-0.000000000525808	-0.0000003	-9.33511	-6.11165659	-6.31049676	-0.19884017	3.32883843340105E-07	-1536243499687.77	-1.35245331801234	0
-42.7	-0.000000000645506	-0.0000003	-9.32353	-6.09868928	-6.29738485	-0.19869557	3.33126098382566E-07	-1539849705086.1	-1.35026791814227	0
-42.8	-0.000000000596476	-0.0000003	-9.3081	-6.08597874	-6.28442081	-0.19844207	3.33551650615214E-07	-1543455910484.43	-1.3488339573764	0
-42.9	-0.000000000606811	-0.0000003	-9.29097	-6.07280139	-6.27100348	-0.19820209	3.33955509752698E-07	-1547062115882.76	-1.34731916253106	0
-43	-0.000000000579441	-0.0000003	-9.28014	-6.05962217	-6.2580383	-0.19841613	3.33595257603301E-07	-1550668321281.08	-1.3427358311403	0
-43.1	-0.000000000581288	-0.0000003	-9.2652	-6.04700587	-6.24522162	-0.19821575	3.33932495273458E-07	-1554274526679.41	-1.34097468207261	0
-43.2	-0.000000000513613	-0.0000003	-9.2484	-6.03378973	-6.2323827	-0.19859297	3.33298202851793E-07	-1557880732077.74	-1.33532933834853	0
-43.3	-0.000000000617135	-0.0000003	-9.23487	-6.02123754	-6.21973265	-0.19849511	3.33462522074222E-07	-1561486937476.07	-1.33290224669924	0
-43.4	-0.000000000613177	-0.0000003	-9.22556	-6.00889086	-6.20762718	-0.19873632	3.33057792355217E-07	-1565093142874.4	-1.32821700248004	0
-43.5	-0.000000000644696	-0.0000003	-9.21154	-5.99737713	-6.19658713	-0.19921	3.32265850107926E-07	-1568699348272.73	-1.32201266621191	0
-43.6	-0.000000000573111	-0.0000003	-9.19922	-5.98745074	-6.18631991	-0.19886917	3.32835300715541E-07	-1572305553671.05	-1.32124104906487	0
-43.7	-0.000000000458992	-0.0000003	-9.18741	-5.97625872	-6.17449411	-0.198235390000001	3.33899411199987E-07	-1575911759069.38	-1.32243209857414	0
-43.8	-0.000000000641739	-0.0000003	-9.17637	-5.9650614	-6.16381872	-0.19875732	3.33022602639238E-07	-1579517964467.71	-1.31594811369562	0
-43.9	-0.000000000551367	-0.0000003	-9.16127	-5.95405385	-6.15255511	-0.19850126	3.33452190681309E-07	-1583124169866.04	-1.31464417212712	0
-44	-0.00000000048461	-0.0000003	-9.15737	-5.94417625	-6.14334117	-0.19916492	3.32341056848766E-07	-1586730375264.37	-1.3072856257163	0
-44.1	-0.000000000663018	-0.0000003	-9.13946	-5.9347431	-6.13351548	-0.198772379999999	3.32997371163942E-07	-1590336580662.69	-1.30689706108298	0
-44.2	-0.000000000493586	-0.0000003	-9.12562	-5.92422689	-6.12300358	-0.19877669	3.32990150907534E-07	-1593942786061.02	-1.30391200755648	0
-44.3	-0.000000000633228	-0.0000003	-9.11538	-5.91399851	-6.11207805	-0.19807954	3.34162124972624E-07	-1597548991459.35	-1.30554745821914	0
-44.4	-0.000000000490284	-0.0000003	-9.10462	-5.90284556	-6.10149783	-0.198652269999999	3.33198709483663E-07	-1601155196857.68	-1.29885151825752	0
-44.5	-0.000000000523031	-0.0000003	-9.09627	-5.89355263	-6.09236449	-0.198811859999999	3.32931244645064E-07	-1604761402256.01	-1.29489248133344	0
-44.6	-0.000000000601029	-0.0000003	-9.08471	-5.88496926	-6.0835671	-0.19859784	3.33290029740505E-07	-1608367607654.33	-1.293381453805	0
-44.7	-0.000000000651586	-0.0000003	-9.07294	-5.87592094	-6.07419944	-0.1982785	3.33826814304123E-07	-1611973813052.66	-1.29256639508566	0
-44.8	-0.000000000481808	-0.0000003	-9.06532	-5.8671745	-6.06559052	-0.19841602	3.33595442545416E-07	-1615580018450.99	-1.28878733813047	0
-44.9	-0.000000000480163	-0.0000003	-9.05653	-5.85818671	-6.05637591	-0.1981892	3.33977229838962E-07	-1619186223849.32	-1.28738867078579	0
-45	-0.000000000591016	-0.0000003	-9.04329	-5.8492077	-6.04757771	-0.19837001	3.3367281677306E-07	-1622792429247.65	-1.28335698758869	0
-45.1	-0.000000000607073	-0.0000003	-9.03658	-5.84079105	-6.03880656	-0.19801551	3.34270179138997E-07	-1626398634645.97	-1.28280385990575	0
-45.2	-0.000000000647545	-0.0000003	-9.02431	-5.83144763	-6.02921351	-0.19776588	3.3469211170299E-07	-1630004840044.3	-1.28158143521397	0
-45.3	-0.000000000533235	-0.0000003	-9.01393	-5.82202066	-6.02015513	-0.19813447	3.34069483215111E-07	-1633611045442.63	-1.27637347127526	0
-45.4	-0.000000000568175	-0.0000003	-9.00339	-5.81275915	-6.01058921	-0.19783006	3.34583530935591E-07	-1637217250840.96	-1.27552176313975	0
-45.5	-0.000000000692308	-0.0000003	-8.99309	-5.80358734	-6.00161503	-0.19802769	3.34249619333539E-07	-1640823456239.29	-1.27144825612927	0
-45.6	-0.000000000634766	-0.0000003	-8.9841	-5.79521146	-5.99362423	-0.19841277	3.33600906836793E-07	-1644429661637.62	-1.26619777392507	0
-45.7	-0.000000000588787	-0.0000003	-8.97498	-5.78671374	-5.98516219	-0.19844845	3.33540927127423E-07	-1648035867035.94	-1.26319994283235	0
-45.8	-0.000000000648844	-0.0000003	-8.96865	-5.77901889	-5.97750346	-0.198484570000001	3.33480229722642E-07	-1651642072434.27	-1.26021249055416	0
-45.9	-0.000000000671542	-0.0000003	-8.96006	-5.77169562	-5.97019095	-0.19849533	3.33462152484897E-07	-1655248277832.6	-1.25739876502601	0
-46	-0.000000000613439	-0.0000003	-8.95132	-5.76417173	-5.96239883	-0.1982271	3.33913375113696E-07	-1658854483230.93	-1.25636303345454	0
-46.1	-0.000000000525355	-0.0000003	-8.94286	-5.75717291	-5.95521331	-0.1980404	3.34228167586008E-07	-1662460688629.26	-1.2548195846296	0
-46.2	-0.000000000598872	-0.0000003	-8.93405	-5.74949411	-5.94744623	-0.19795212	3.3437722212826E-07	-1666066894027.58	-1.25266192105991	0
-46.3	-0.000000000528216	-0.0000003	-8.92911	-5.74269306	-5.94102831	-0.19833525	3.33731295874031E-07	-1669673099425.91	-1.24754181046115	0
-46.4	-0.000000000580001	-0.0000003	-8.92129	-5.73555509	-5.93384938	-0.19829429	3.33800231968354E-07	-1673279304824.24	-1.2451102817122	0
-46.5	-0.000000000648415	-0.0000003	-8.91206	-5.72841165	-5.92681783	-0.19840618	3.33611987287896E-07	-1676885510222.57	-1.24173196261003	0
-46.6	-0.000000000688255	-0.0000003	-8.90264	-5.72084501	-5.91905696	-0.19821195	3.33938897225924E-07	-1680491715620.9	-1.24028147698635	0
-46.7	-0.000000000577843	-0.0000003	-8.89672	-5.71404294	-5.91206185	-0.19801891	3.34264439694168E-07	-1684097921019.22	-1.23883213525264	0
-46.8	-0.000000000653982	-0.0000003	-8.88925	-5.70742293	-5.90542368	-0.19800075	3.34295097367055E-07	-1687704126417.55	-1.23629843700834	0
-46.9	-0.000000000599062	-0.0000003	-8.87963	-5.70109221	-5.89909798	-0.19800577	3.34286622051469E-07	-1691310331815.88	-1.23363112943383	0
-47	-0.000000000583768	-0.0000003	-8.87325	-5.69450528	-5.89234298	-0.1978377	3.34570610151655E-07	-1694916537214.21	-1.23205216504292	0
-47.1	-0.000000000605035	-0.0000003	-8.86723	-5.6876592	-5.88545258	-0.19779338	3.34645578128044E-07	-1698522742612.54	-1.22971182555626	0
-47.2	-0.000000000662267	-0.0000003	-8.85334	-5.68060654	-5.8782691	-0.197662559999999	3.34867058283573E-07	-1702128948010.86	-1.22791864592249	0
-47.3	-0.000000000718534	-0.0000003	-8.84945	-5.67322411	-5.87067728	-0.19745317	3.35222169388316E-07	-1705735153409.19	-1.22662202166809	0
-47.4	-0.000000000683332	-0.0000003	-8.83919	-5.66546883	-5.86270896	-0.19724013	3.35584244443562E-07	-1709341358807.52	-1.22535629665371	0
-47.5	-0.000000000603271	-0.0000003	-8.8324	-5.65736465	-5.85529137	-0.19792672	3.34420132865335E-07	-1712947564205.85	-1.21853489708017	0
-47.6	-0.000000000584281	-0.0000003	-8.82508	-5.65049101	-5.84845754	-0.19796653	3.34352882782761E-07	-1716553769604.18	-1.21573042382225	0
-47.7	-0.000000000655806	-0.0000003	-8.81687	-5.64372971	-5.84143024	-0.197700530000001	3.34802744332551E-07	-1720159975002.51	-1.21481402152595	0
-47.8	-0.000000000681961	-0.0000003	-8.80872	-5.63662457	-5.83414707	-0.1975225	3.35104507081472E-07	-1723766180400.83	-1.2133652090977	0
-47.9	-0.000000000580883	-0.0000003	-8.80054	-5.62958378	-5.82700909	-0.19742531	3.3526947482063E-07	-1727372385799.16	-1.21142816500147	0
-48	-0.000000000682664	-0.0000003	-8.79388	-5.62237674	-5.81991982	-0.19754308	3.35069595958512E-07	-1730978591197.49	-1.20818363927348	0
-48.1	-0.000000000742507	-0.0000003	-8.78606	-5.61544502	-5.81324267	-0.19779765	3.34638353893487E-07	-1734584796595.82	-1.20412009637029	0
-48.2	-0.00000000070523	-0.0000003	-8.78356	-5.60956002	-5.80742368	-0.19786366	3.34526714000943E-07	-1738191001994.15	-1.2012210445294	0
-48.3	-0.000000000611317	-0.0000003	-8.77357	-5.60371882	-5.80120682	-0.197488	3.3516304788139E-07	-1741797207392.47	-1.20101426617794	0
-48.4	-0.000000000616384	-0.0000003	-8.76625	-5.59763211	-5.79555168	-0.19791957	3.34432214055437E-07	-1745403412790.8	-1.19591939228343	0
-48.5	-0.0000000006531	-0.0000003	-8.75992	-5.5910726	-5.78844924	-0.19737664	3.35352147042325E-07	-1749009618189.13	-1.19673644860465	0
-48.6	-0.000000000640643	-0.0000003	-8.75411	-5.58422947	-5.78172829	-0.19749882	3.35144685927744E-07	-1752615823587.46	-1.19353520629538	0
-48.7	-0.000000000572741	-0.0000003	-8.74589	-5.57779851	-5.77522977	-0.19743126	3.35259370780493E-07	-1756222028985.79	-1.1914919985091	0
-48.8	-0.000000000706768	-0.0000003	-8.73955	-5.57166034	-5.76894399	-0.19728365	3.35510215874453E-07	-1759828234384.11	-1.18994007836935	0
-48.9	-0.000000000722456	-0.0000003	-8.73167	-5.56545078	-5.76296471	-0.19751393	3.35119047046453E-07	-1763434439782.44	-1.1861221580219	0
-49	-0.000000000655425	-0.0000003	-8.72864	-5.55969422	-5.75746786	-0.19777364	3.34678979463592E-07	-1767040645180.77	-1.18214710171599	0
-49.1	-0.000000000735998	-0.0000003	-8.72012	-5.5541912	-5.75223715	-0.19804595	3.34218801242843E-07	-1770646850579.1	-1.1781173473232	0
-49.2	-0.000000000739098	-0.0000003	-8.71805	-5.5491148	-5.74736554	-0.19825074	3.33873558302986E-07	-1774253055977.43	-1.17450829609399	0
-49.3	-0.000000000614953	-0.0000003	-8.71111	-5.54387132	-5.74170299	-0.19783167	3.3458080801724E-07	-1777859261375.75	-1.17460885947697	0
-49.4	-0.000000000728607	-0.0000003	-8.70416	-5.53827655	-5.73619074	-0.19791419	3.34441305092879E-07	-1781465466774.08	-1.17174234889284	0
-49.5	-0.00000000065918	-0.0000003	-8.69641	-5.53257616	-5.73017914	-0.19760298	3.34968025279781E-07	-1785071672172.41	-1.17121687160762	0
-49.6	-0.000000000701106	-0.0000003	-8.6911	-5.52667737	-5.72418984	-0.19751247	3.35121524225786E-07	-1788677877570.74	-1.16939117479531	0
-49.7	-0.000000000743425	-0.0000003	-8.68508	-5.52090787	-5.71845098	-0.19754311	3.35069545072972E-07	-1792284082969.07	-1.16685726112705	0
-49.8	-0.000000000723124	-0.0000003	-8.67928	-5.51521778	-5.71274229	-0.197524509999999	3.3510109707398E-07	-1795890288367.4	-1.16462383135072	0
-49.9	-0.000000000694585	-0.0000003	-8.67369	-5.51013393	-5.70773789	-0.197603959999999	3.34966364034406E-07	-1799496493765.72	-1.16182259762203	0
-50	-0.000000000730467	-0.0000003	-8.66715	-5.50449136	-5.7020705	-0.197579139999999	3.35008442692889E-07	-1803102699164.05	-1.15964460932154	0
