0	2.3501803E-09	0	-7.3594095E-11	0	0
-0.3	4.6735985E-10	0	-3.6579365E-11	3.40938333333333E-11	7332704350.24907
-0.6	0.000000000237477	0	-2.5385635E-11	5.33958333333333E-11	4682013265.70425
-0.9	1.798807E-10	0	-1.7446295E-11	3.37892222222222E-11	7398808956.17603
-1.2	6.92185E-11	0	-1.116397E-11	7.27029166666667E-11	3438651590.08981
-1.5	3.65795E-11	0	-4.6253E-12	4.43576666666667E-11	5636004298.39261
-1.8	-1.1728385E-10	0	1.7464E-12	6.51576944444444E-11	722879559312.373
-2.1	-0.00000000021646	0	8.994335E-12	1.0307619047619E-10	9704335912.4688
-2.4	-2.367975E-10	0	1.2707685E-11	9.8665625E-11	10415429043.2806
-2.7	-0.00000000031091	0	1.482365E-11	1.15151851851852E-10	8760041792.70776
-3	-2.794085E-10	0	1.64032E-11	9.31361666666667E-11	10946859887.0482
-3.3	-0.000000000276065	0	1.93298E-11	8.36560606060606E-11	12546811577.4573
-3.6	-3.732085E-10	0	2.017025E-11	1.03669027777778E-10	10076724507.1878
-3.9	-3.191885E-10	0	2.251265E-11	8.18432051282051E-11	13142451897.8429
-4.2	-3.640235E-10	0	2.435445E-11	8.66722619047619E-11	11736435153.2942
-4.5	-0.000000000368023	0	2.50459E-11	8.17828888888889E-11	13481057841.0252
-4.8	-4.086435E-10	0	2.605915E-11	8.51340625E-11	12281151490.5894
-5.1	-0.000000000405264	0	2.815725E-11	7.94635294117647E-11	13721362675.4381
-5.4	-0.00000000047251	0	2.96652E-11	8.75018518518518E-11	12454787357.6595
-5.7	-0.00000000042814	0	3.11136E-11	7.51122807017544E-11	14497959742.5856
-6	-0.000000000534695	0	3.21448E-11	8.91158333333333E-11	12449619532.9476
-6.3	-0.000000000517106	0	3.34501E-11	8.20803174603175E-11	12952394059.325
-6.6	-6.056845E-10	0	3.430245E-11	9.17703787878788E-11	12384008396.6983
-6.9	-6.113355E-10	0	0.000000000035733	8.8599347826087E-11	13912113546.482
-7.2	-6.153525E-10	0	3.697875E-11	8.5465625E-11	13167587271.5358
-7.5	-0.00000000074203	0	3.76582E-11	9.89373333333333E-11	11953518382.5205
-7.8	-7.198565E-10	0	3.93808E-11	9.22892948717949E-11	13456620350.0871
-8.1	-8.766395E-10	0	3.94702E-11	1.08227098765432E-10	11305509769.9586
-8.4	-9.261895E-10	0	4.113315E-11	1.10260654761905E-10	12378657354.8667
-8.7	-1.0648915E-09	0	4.15802E-11	1.2240132183908E-10	11840572553.8164
-9	-0.000000001226701	0	4.15802E-11	1.36300111111111E-10	10567589630.6233
-9.3	-0.00000000110837	0	3.789665E-11	1.19179569892473E-10	12167092496.6063
-9.6	-8.699845E-10	0	1.83585E-12	9.06233854166667E-11	13161970823.9444
-9.9	-8.953895E-10	0	-1.80423E-11	9.04433838383838E-11	12629243029.7255
-10.2	-7.484435E-10	0	-1.24216E-11	7.33768137254902E-11	15241687749.4871
-10.5	-7.627665E-10	0	-8.8215E-12	7.26444285714286E-11	14835235096.1272
-10.8	-6.983875E-10	0	-4.87565E-12	6.46655092592593E-11	16262357935.5989
-11.1	-0.000000000757045	0	-2.04445E-12	6.82022522522523E-11	14900539328.5683
-11.4	-0.000000000818324	0	-5.42400000000001E-13	7.17828070175439E-11	14482944298.7989
-11.7	-8.356605E-10	0	2.07425E-12	7.14239743589744E-11	14726303504.147
-12	-0.000000000790328	0	2.93255E-12	6.58606666666667E-11	15201714571.8321
-12.3	-8.628495E-10	0	4.5657E-12	7.01503658536585E-11	14732535428.7526
-12.6	-8.317885E-10	0	5.91875E-12	6.60149603174603E-11	15162071680.3739
-12.9	-0.000000000871253	0	7.39095E-12	6.7538992248062E-11	14862105187.25
-13.2	-0.000000000943738	0	8.6963E-12	7.1495303030303E-11	14004220334.3408
-13.5	-9.070575E-10	0	7.18235E-12	6.71894444444444E-11	15021804226.6511
-13.8	-0.00000000104409	0	9.95395E-12	7.56586956521739E-11	13223224160.5137
-14.1	-0.000000001072164	0	1.133085E-11	0.00000000007604	13359989440.9574
-14.4	-0.000000001075323	0	7.8976E-12	7.46752083333333E-11	14079202621.2972
-14.7	-0.000000001238795	0	1.137855E-11	8.4271768707483E-11	12565902578.1571
-15	-0.000000001317775	0	1.381635E-11	8.78516666666667E-11	11874147025.3081
-15.3	-1.4037925E-09	0	1.345875E-11	9.17511437908497E-11	12169599123.0126
-15.6	-0.000000001452749	0	1.271965E-11	9.31249358974359E-11	12665011084.6496
-15.9	-0.00000000173986	0	1.391175E-11	1.09425157232704E-10	10589660337.8382
-16.2	-1.8051285E-09	0	1.27673E-11	1.11427685185185E-10	11870800381.4187
-16.5	-0.000000002177385	0	1.313685E-11	1.31962727272727E-10	9758656741.67741
-16.8	-2.3601375E-09	0	1.23441E-11	1.40484375E-10	11590276625.2111
-17.1	-0.000000002647265	0	1.029375E-11	1.5481081871345E-10	10199474044.419
-17.4	-0.000000003007915	0	1.069905E-11	1.7286867816092E-10	9213111968.00521
-17.7	-1.9206105E-09	0	-1.1483405E-10	1.0850906779661E-10	12487082954.2772
-18	-0.000000001515085	0	-1.1420255E-10	8.41713888888889E-11	12399997120.5248
-18.3	-0.000000001427335	0	-8.21831E-11	7.79964480874317E-11	13047243133.4875
-18.6	-0.000000001151966	0	-6.718635E-11	6.19336559139785E-11	16583370537.5387
-18.9	-0.00000000124588	0	-5.307795E-11	6.59195767195767E-11	15261903292.2873
-19.2	-0.000000001223875	0	-4.81784E-11	6.37434895833333E-11	15718767046.5791
-19.5	-0.00000000122731	0	-4.45187E-11	6.29389743589744E-11	15893790926.8747
-19.8	-0.000000001186445	0	-4.26769E-11	5.99214646464646E-11	16774232729.6663
-20.1	-0.000000001237435	0	-3.82781E-11	6.15639303482587E-11	16244909973.0327
-20.4	-0.000000001125405	0	-3.83973E-11	5.51669117647059E-11	18130679047.7959
-20.7	-0.00000000116599	0	-3.79622E-11	5.63280193236715E-11	17925896277.351
-21	-0.000000001160885	0	-3.71933E-11	5.52802380952381E-11	18096008068.9068
-21.3	-0.0000000013011	0	-3.66926E-11	6.10845070422535E-11	16382658814.1812
-21.6	-0.000000001312905	0	-3.474355E-11	6.07826388888889E-11	16466997990.3409
-21.9	-0.000000001150045	0	-3.499985E-11	5.25134703196347E-11	19136272339.7436
-22.2	-0.00000000128118	0	-3.343225E-11	5.77108108108108E-11	17345678788.3248
-22.5	-0.00000000121257	0	-3.07024E-11	0.000000000053892	18564496463.1485
-22.8	-0.000000001279195	0	-3.224015E-11	5.61050438596491E-11	17829301722.9511
-23.1	-0.00000000131346	0	-3.08573E-11	5.68597402597403E-11	17701797287.4186
-23.4	-0.000000001240265	0	-2.951025E-11	5.30027777777778E-11	19030821551.6791
-23.7	-0.000000001354335	0	-3.067255E-11	5.71449367088608E-11	17506406261.9688
-24	-0.00000000135827	0	-2.705455E-11	5.65945833333333E-11	17702530734.727
-24.3	-0.000000001292725	0	-2.800225E-11	5.31985596707819E-11	18825276464.2603
-24.6	-0.000000001329565	0	-2.75016E-11	5.40473577235772E-11	18559824377.8893
-24.9	-0.00000000132843	0	-2.697705E-11	5.33506024096386E-11	18809662503.1418
-25.2	-0.00000000137158	0	-2.593995E-11	5.44277777777778E-11	18382331398.8272
-25.5	-0.000000001359815	0	-2.44439E-11	5.33260784313726E-11	18753756989.1684
-25.8	-0.00000000132917	0	-2.350805E-11	5.15182170542636E-11	19428213529.2521
-26.1	-0.00000000136324	0	-2.593395E-11	5.22314176245211E-11	19219794384.3978
-26.4	-0.00000000137001	0	-2.239945E-11	5.18943181818182E-11	19283823317.6386
-26.7	-0.00000000148666	0	-2.41518E-11	5.56801498127341E-11	17966062992.8477
-27	-0.00000000131126	0	-2.09689E-11	4.85651851851852E-11	20630194034.0209
-27.3	-0.000000001346615	0	-1.90735E-11	4.93265567765568E-11	20371655629.4566
-27.6	-0.000000001412655	0	-2.07901E-11	5.1183152173913E-11	19578336305.4769
-27.9	-0.000000001456165	0	-2.01702E-11	5.219229390681E-11	19183758464.0028
-28.2	-0.00000000143424	0	-2.111195E-11	5.08595744680851E-11	19708339346.538
-28.5	-0.000000001478995	0	-2.06828E-11	5.18945614035088E-11	19293834605.941
-28.8	-0.000000001492855	0	-2.017615E-11	5.18352430555556E-11	19319935995.7195
-29.1	-0.000000001434075	0	-1.6580235E-10	4.92809278350515E-11	20297977115.8538
-29.4	-0.00000000143866	0	-2.781155E-11	4.89340136054422E-11	20459465621.2364
-29.7	-0.00000000137779	0	-1.90556E-11	4.63902356902357E-11	21703936871.0813
-30	-0.00000000145705	0	-1.76847E-11	4.85683333333333E-11	20603635228.7763
