0	0.000000000156641	-2	-2.16007E-11	0	0
-0.1	-3.73244E-11	-2	-3.43323E-11	0.000000001	1000000000
-0.2	-3.37601E-11	-2	-3.95536E-11	0.000000001	1000000000
-0.3	-3.02076E-11	-2	-4.57525E-11	0.000000001	1000000000
-0.4	-2.84314E-11	-2	-5.05567E-11	0.000000001	1000000000
-0.5	-2.65598E-11	-2	-5.44548E-11	0.000000001	1000000000
-0.6	-2.62856E-11	-2	-5.42879E-11	0.000000001	1000000000
-0.7	-2.47836E-11	-2	-5.92947E-11	0.000000001	1000000000
-0.8	-2.41041E-11	-2	-6.36816E-11	0.000000001	1000000000
-0.9	-2.31147E-11	-2	-0.000000000074029	0.000000001	1000000000
-1	-1.99556E-11	-2	-7.41959E-11	0.000000001	1000000000
-1.1	-1.56522E-11	-2	-8.27074E-11	0.000000001	1000000000
-1.2	-1.17064E-11	-2	-9.12189E-11	0.000000001	1000000000
-1.3	-2.07663E-11	-2	-8.31842E-11	0.000000001	1000000000
-1.4	-1.98245E-11	-2	-9.46522E-11	0.000000001	1000000000
-1.5	-1.88112E-11	-2	-9.84192E-11	0.000000001	1000000000
-1.6	-1.82867E-11	-2	-0.000000000109351	0.000000001	1000000000
-1.7	-1.71542E-11	-2	-0.000000000118506	0.000000001	1000000000
-1.8	-1.87635E-11	-2	-0.000000000138128	0.000000001	1000000000
-1.9	-1.51992E-11	-2	-0.000000000161362	0.000000001	1000000000
-2	-2.32458E-11	-2	-0.000000000154161	0.000000001	1000000000
-2.1	-0.000000000021255	-2	-0.000000000215995	0.000000001	1000000000
-2.2	-2.74658E-11	-2	-0.000000000232351	0.000000001	1000000000
-2.3	-4.37379E-11	-2	-0.000000000267756	0.000000001	1000000000
-2.4	-6.98447E-11	-2	-0.000000000294554	0.000000001	1000000000
-2.5	-0.00000000010643	-2	-0.000000000324547	0.000000001	1000000000
-2.6	-0.00000000014919	-2	-0.000000000352705	0.000000001	1000000000
-2.7	-0.000000000203061	-2	-0.000000000368762	0.000000001	1000000000
-2.8	-0.000000000270093	-2	-0.000000000370562	0.000000001	1000000000
-2.9	-0.000000000348115	-2	-0.000000000361645	0.000000001	1000000000
-3	-0.000000000435913	-2	-0.000000000353372	0.000000001	1000000000
-3.1	-0.00000000053519	-2	-0.000000000226247	0.000000001	1000000000
-3.2	-0.000000000642335	-2	-0.000000000230575	0.000000001	1000000000
-3.3	-0.00000000076046	-2	-0.000000000224161	0.000000001	1000000000
-3.4	-0.000000000885653	-2	-0.000000000227189	0.000000001	1000000000
-3.5	-0.0000000010222	-2	-0.000000000222492	0.000000001	1000000000
-3.6	-0.00000000116619	-2	-0.000000000228238	0.000000001	1000000000
-3.7	-0.00000000132679	-2	-0.000000000315058	0.000000001	1000000000
-3.8	-0.00000000149469	-2	-0.000000000224221	0.000000001	1000000000
-3.9	-0.00000000167247	-2	-0.000000000226212	0.000000001	1000000000
-4	-0.00000000185641	-2	-0.000000000223899	0.000000001	1000000000
-4.1	-0.00000000204927	-2	-0.00000000022434	0.000000001024635	975957292.108897
-4.2	-0.00000000224673	-2	-0.000000000227618	0.000000001123365	890182620.964691
-4.3	-0.00000000245004	-2	-0.000000000229812	0.00000000122502	816313203.049746
-4.4	-0.00000000265446	-2	-0.000000000230825	0.00000000132723	753448912.396495
-4.5	-0.00000000286685	-2	-0.000000000235033	0.000000001433425	697629802.745173
-4.6	-0.00000000307853	-2	-0.000000000235271	0.000000001539265	649660714.691752
-4.7	-0.0000000032909	-2	-0.000000000242817	0.00000000164545	607736485.459905
-4.8	-0.00000000350516	-2	-0.000000000246561	0.00000000175258	570587362.631092
-4.9	-0.00000000371726	-2	-0.000000000246847	0.00000000185863	538030700.031744
-5	-0.00000000392759	-2	-0.00000000025245	0.000000001963795	509218121.036055
-5.1	-0.00000000413482	-2	-0.00000000025388	0.00000000206741	483696992.855795
-5.2	-0.00000000434637	-2	-0.000000000255907	0.000000002173185	460154105.609969
-5.3	-0.00000000454614	-2	-0.000000000263035	0.00000000227307	439933658.004373
-5.4	-0.00000000475004	-2	-0.000000000263703	0.00000000237502	421049085.902435
-5.5	-0.00000000494683	-2	-0.000000000271893	0.000000002473415	404299318.957797
-5.6	-0.0000000051447	-2	-0.000000000270545	0.00000000257235	388749586.953564
-5.7	-0.00000000534143	-2	-0.00000000027808	0.000000002670715	374431566.078747
-5.8	-0.00000000553436	-2	-0.000000000278509	0.00000000276718	361378732.138856
-5.9	-0.00000000572265	-2	-0.000000000288737	0.000000002861325	349488436.301364
-6	-0.00000000591005	-2	-0.00000000028044	0.000000002955025	338406612.465208
-6.1	-0.00000000609254	-2	-0.00000000029223	0.00000000304627	328270310.904811
-6.2	-0.00000000627445	-2	-0.000000000302446	0.000000003137225	318753038.114895
-6.3	-0.0000000064514	-2	-0.000000000304127	0.0000000032257	310010230.337601
-6.4	-0.00000000662386	-2	-0.000000000307608	0.00000000331193	301938748.705438
-6.5	-0.00000000680012	-2	-0.000000000308454	0.00000000340006	294112456.838997
-6.6	-0.00000000696291	-2	-0.000000000315893	0.000000003481455	287236227.381942
-6.7	-0.00000000712668	-2	-0.000000000325418	0.00000000356334	280635583.469442
-6.8	-0.00000000728484	-2	-0.000000000320768	0.00000000364242	274542749.051455
-6.9	-0.00000000744348	-2	-0.000000000333118	0.00000000372174	268691526.006653
-7	-0.00000000759656	-2	-0.000000000336492	0.00000000379828	263277062.249229
-7.1	-0.00000000776294	-2	-0.000000000332332	0.00000000388147	257634349.8726
-7.2	-0.00000000791059	-2	-0.00000000033443	0.000000003955295	252825642.587974
-7.3	-0.00000000805072	-2	-0.000000000332916	0.00000000402536	248424985.591351
-7.4	-0.00000000819826	-2	-0.000000000352883	0.00000000409913	243954204.916653
-7.5	-0.00000000833813	-2	-0.000000000332046	0.000000004169065	239861935.469943
-7.6	-0.00000000848465	-2	-0.000000000349128	0.000000004242325	235719799.87389
-7.7	-0.00000000863776	-2	-0.000000000339282	0.00000000431888	231541510.762049
-7.8	-0.00000000876514	-2	-0.00000000032779	0.00000000438257	228176617.829265
-7.9	-0.00000000890266	-2	-0.000000000334215	0.00000000445133	224651957.95414
-8	-0.00000000903791	-2	-0.000000000324869	0.000000004518955	221290099.149029
-8.1	-0.00000000917075	-2	-0.000000000332749	0.000000004585375	218084671.373661
-8.2	-0.00000000929624	-2	-0.00000000031513	0.00000000464812	215140745.075428
-8.3	-0.00000000942351	-2	-0.000000000341094	0.000000004711755	212235143.805228
-8.4	-0.00000000955348	-2	-0.000000000328505	0.00000000477674	209347797.870514
-8.5	-0.00000000967824	-2	-0.00000000033263	0.00000000483912	206649142.819356
-8.6	-0.00000000979902	-2	-0.0000000003425	0.00000000489951	204102042.857347
-8.7	-0.000000009929	-2	-0.000000000336432	0.0000000049645	201430154.094068
-8.8	-0.0000000100405	-2	-0.000000000335252	0.00000000502025	199193267.267566
-8.9	-0.0000000101623	-2	-0.000000000336373	0.00000000508115	196805841.197367
-9	-0.0000000102692	-2	-0.000000000329757	0.0000000051346	194757137.849102
-9.1	-0.000000010382	-2	-0.000000000342572	0.000000005191	192641109.612791
-9.2	-0.0000000104988	-2	-0.000000000347292	0.0000000052494	190497961.67181
-9.3	-0.0000000106212	-2	-0.000000000351357	0.0000000053106	188302640.003013
-9.4	-0.0000000107116	-2	-0.000000000350595	0.0000000053558	186713469.50969
-9.5	-0.0000000108234	-2	-0.000000000355887	0.0000000054117	184784818.079347
-9.6	-0.0000000109518	-2	-0.000000000352573	0.0000000054759	182618382.366369
-9.7	-0.0000000110556	-2	-0.000000000355017	0.0000000055278	180903795.361627
-9.8	-0.0000000111715	-2	-0.000000000367618	0.00000000558575	179026988.318489
-9.9	-0.0000000112867	-2	-0.000000000364316	0.00000000564335	177199712.936465
-10	-0.000000011397	-2	-0.000000000371027	0.0000000056985	175484776.695622
-10.1	-0.000000011509	-2	-0.000000000392592	0.0000000057545	173777044.052481
-10.2	-0.0000000116163	-2	-0.00000000039351	0.00000000580815	172171861.952601
-10.3	-0.0000000117112	-2	-0.000000000376189	0.0000000058556	170776692.397022
-10.4	-0.0000000118013	-2	-0.000000000381494	0.00000000590065	169472854.685501
-10.5	-0.0000000119127	-2	-0.00000000036509	0.00000000595635	167888052.246762
-10.6	-0.00000001203	-2	-0.000000000393057	0.000000006015	166251039.068994
-10.7	-0.0000000121633	-2	-0.000000000404239	0.00000000608165	164429061.192275
-10.8	-0.0000000122712	-2	-0.000000000371659	0.0000000061356	162983245.322381
-10.9	-0.0000000123903	-2	-0.000000000382924	0.00000000619515	161416592.011493
-11	-0.0000000124868	-2	-0.000000000416672	0.0000000062434	160169138.610373
-11.1	-0.0000000125938	-2	-0.000000000439155	0.0000000062969	158808302.498055
-11.2	-0.0000000126855	-2	-0.000000000440598	0.00000000634275	157660320.838753
-11.3	-0.000000012812	-2	-0.0000000004004	0.000000006406	156103652.825476
-11.4	-0.0000000128952	-2	-0.000000000417471	0.0000000064476	155096470.004343
-11.5	-0.0000000129715	-2	-0.000000000441992	0.00000000648575	154184172.994642
-11.6	-0.0000000130616	-2	-0.000000000353324	0.0000000065308	153120597.782814
-11.7	-0.0000000131641	-2	-0.000000000471258	0.00000000658205	151928350.589862
-11.8	-0.0000000132604	-2	-0.000000000429749	0.0000000066302	150825012.820126
-11.9	-0.0000000133488	-2	-0.000000000423574	0.0000000066744	149826201.606137
-12	-0.0000000134455	-2	-0.000000000437403	0.00000000672275	148748651.965342
-12.1	-0.0000000135551	-2	-0.000000000436234	0.00000000677755	147545942.117727
-12.2	-0.0000000136682	-2	-0.000000000465107	0.0000000068341	146325046.458202
-12.3	-0.0000000137598	-2	-0.000000000454891	0.0000000068799	145350949.868457
-12.4	-0.0000000138495	-2	-0.000000000451422	0.00000000692475	144409545.470956
-12.5	-0.0000000139339	-2	-0.000000000489032	0.00000000696695	143534832.315432
-12.6	-0.0000000140488	-2	-0.000000000458276	0.0000000070244	142360913.38762
-12.7	-0.0000000141553	-2	-0.000000000464094	0.00000000707765	141289834.902828
-12.8	-0.000000014227	-2	-0.000000000505459	0.0000000071135	140577774.653827
-12.9	-0.0000000143288	-2	-0.000000000484562	0.0000000071644	139579029.646586
-13	-0.0000000144156	-2	-0.000000000492513	0.0000000072078	138738588.751075
-13.1	-0.0000000144798	-2	-0.000000000501347	0.0000000072399	138123454.74385
-13.2	-0.0000000145925	-2	-0.000000000497532	0.00000000729625	137056707.212609
-13.3	-0.0000000146639	-2	-0.000000000485957	0.00000000733195	136389364.357367
-13.4	-0.0000000147525	-2	-0.000000000517559	0.00000000737625	135570242.331808
-13.5	-0.0000000148445	-2	-0.000000000476825	0.00000000742225	134730034.692984
-13.6	-0.0000000149324	-2	-0.000000000482452	0.0000000074662	133936942.487477
-13.7	-0.0000000150116	-2	-0.00000000049144	0.0000000075058	133230301.899864
-13.8	-0.0000000151039	-2	-0.000000000463915	0.00000000755195	132416130.93307
-13.9	-0.0000000152188	-2	-0.00000000048095	0.0000000076094	131416406.024128
-14	-0.0000000152817	-2	-0.000000000482202	0.00000000764085	130875491.601065
-14.1	-0.0000000153759	-2	-0.000000000469828	0.00000000768795	130073686.74354
-14.2	-0.0000000154738	-2	-0.000000000518942	0.0000000077369	129250733.497913
-14.3	-0.0000000155849	-2	-0.000000000435829	0.00000000779245	128329344.429544
-14.4	-0.0000000156471	-2	-0.000000000480688	0.00000000782355	127819212.505832
-14.5	-0.0000000157161	-2	-0.000000000464225	0.00000000785805	127258034.754169
-14.6	-0.0000000157704	-2	-0.000000000441706	0.0000000078852	126819865.063664
-14.7	-0.0000000158586	-2	-0.000000000428581	0.0000000079293	126114537.222706
-14.8	-0.0000000159971	-2	-0.000000000460029	0.00000000799855	125022660.35719
-14.9	-0.0000000160365	-2	-0.00000000043484	0.00000000801825	124715492.782091
-15	-0.0000000161384	-2	-0.000000000460386	0.0000000080692	123928022.604471
-15.1	-0.0000000162231	-2	-0.00000000045681	0.00000000811155	123281000.5486
-15.2	-0.0000000162805	-2	-0.000000000429654	0.00000000814025	122846349.927828
-15.3	-0.0000000163409	-2	-0.000000000438094	0.00000000817045	122392279.495009
-15.4	-0.0000000164461	-2	-0.000000000461996	0.00000000822305	121609378.515271
-15.5	-0.0000000165085	-2	-0.000000000456786	0.00000000825425	121149710.755066
-15.6	-0.0000000165964	-2	-0.000000000477481	0.0000000082982	120508061.989347
-15.7	-0.0000000166947	-2	-0.000000000466967	0.00000000834735	119798498.924808
-15.8	-0.000000016767	-2	-0.000000000504374	0.0000000083835	119281922.824596
-15.9	-0.0000000168114	-2	-0.000000000468874	0.0000000084057	118966891.514092
-16	-0.0000000168844	-2	-0.000000000447822	0.0000000084422	118452536.068797
-16.1	-0.0000000169496	-2	-0.000000000482607	0.0000000084748	117996884.882239
-16.2	-0.0000000170349	-2	-0.000000000477409	0.00000000851745	117406031.14782
-16.3	-0.0000000170948	-2	-0.000000000487387	0.0000000085474	116994641.645413
-16.4	-0.0000000171626	-2	-0.000000000463557	0.0000000085813	116532460.116766
-16.5	-0.0000000172032	-2	-0.000000000485647	0.0000000086016	116257440.47619
-16.6	-0.0000000173002	-2	-0.000000000513589	0.0000000086501	115605599.935261
-16.7	-0.0000000173799	-2	-0.000000000516808	0.00000000868995	115075460.733376
-16.8	-0.0000000174775	-2	-0.000000000497353	0.00000000873875	114432842.225719
-16.9	-0.0000000176005	-2	-0.000000000510359	0.00000000880025	113633135.422289
-17	-0.0000000177048	-2	-0.000000000536263	0.0000000088524	112963716.054403
-17.1	-0.0000000177962	-2	-0.000000000534189	0.0000000088981	112383542.554028
-17.2	-0.0000000178044	-2	-0.000000000530922	0.0000000089022	112331783.154726
-17.3	-0.000000017904	-2	-0.000000000516677	0.000000008952	111706881.143878
-17.4	-0.0000000179813	-2	-0.000000000493801	0.00000000899065	111226663.255716
-17.5	-0.0000000180671	-2	-0.00000000053643	0.00000000903355	110698451.88215
-17.6	-0.0000000181858	-2	-0.000000000512946	0.0000000090929	109975915.274555
-17.7	-0.0000000182463	-2	-0.000000000559497	0.00000000912315	109611263.653453
-17.8	-0.0000000183835	-2	-0.000000000533044	0.00000000919175	108793211.303615
-17.9	-0.0000000185001	-2	-0.000000000537717	0.00000000925005	108107523.743115
-18	-0.0000000185523	-2	-0.000000000516105	0.00000000927615	107803345.1378
-18.1	-0.000000018641	-2	-0.000000000546169	0.0000000093205	107290381.417306
-18.2	-0.0000000187084	-2	-0.000000000547028	0.0000000093542	106903850.676701
-18.3	-0.0000000187684	-2	-0.000000000562167	0.0000000093842	106562093.732018
-18.4	-0.000000018853	-2	-0.000000000602627	0.0000000094265	106083912.374688
-18.5	-0.0000000189672	-2	-0.000000000558376	0.0000000094836	105445189.590451
-18.6	-0.0000000190296	-2	-0.000000000581634	0.0000000095148	105099424.055156
-18.7	-0.0000000192384	-2	-0.0000000005759	0.0000000096192	103958749.16833
-18.8	-0.0000000192623	-2	-0.000000000566447	0.00000000963115	103829760.724316
-18.9	-0.0000000193991	-2	-0.000000000572157	0.00000000969955	103097566.381946
-19	-0.0000000194281	-2	-0.000000000607204	0.00000000971405	102943674.368569
-19.1	-0.0000000195119	-2	-0.000000000574517	0.00000000975595	102501550.335949
-19.2	-0.0000000196371	-2	-0.000000000604582	0.00000000981855	101848032.550631
-19.3	-0.0000000197083	-2	-0.000000000512409	0.00000000985415	101480087.069915
-19.4	-0.0000000199017	-2	-0.000000000623071	0.00000000995085	100493927.654421
-19.5	-0.0000000199258	-2	-0.000000000715673	0.0000000099629	100372381.535497
-19.6	-0.000000020045	-2	-0.000000000596738	0.0000000100225	99775505.1134947
-19.7	-0.0000000200839	-2	-0.000000000620496	0.00000001004195	99582252.4509682
-19.8	-0.0000000200269	-2	-0.000000000654268	0.00000001001345	99865680.659513
-19.9	-0.0000000201364	-2	-0.000000000688577	0.0000000100682	99322619.7334181
-20	-0.0000000203634	-2	-0.000000000640667	0.0000000101817	98215425.7147628
-20.1	-0.0000000195076	-2	-0.000000000711751	0.0000000097538	102524144.436015
-20.2	-0.0000000203102	-2	-0.000000000885236	0.0000000101551	98472688.5998168
-20.3	-0.0000000204341	-2	-0.000000000672364	0.00000001021705	97875609.8873941
-20.4	-0.0000000205766	-2	-0.000000000646162	0.0000000102883	97197787.7783502
-20.5	-0.0000000206134	-2	-0.000000000641489	0.0000000103067	97024265.7688688
-20.6	-0.0000000207655	-2	-0.000000000699091	0.00000001038275	96313597.0720666
-20.7	-0.000000020808	-2	-0.000000000646317	0.000000010404	96116878.1237985
-20.8	-0.0000000209049	-2	-0.000000000641286	0.00000001045245	95671349.7792384
-20.9	-0.0000000209949	-2	-0.000000000747967	0.00000001049745	95261230.1082644
-21	-0.0000000210281	-2	-0.00000000078516	0.00000001051405	95110827.8922014
-21.1	-0.0000000210821	-2	-0.000000000742376	0.00000001054105	94867209.6233297
-21.2	-0.0000000211475	-2	-0.000000000759947	0.00000001057375	94573826.6934626
-21.3	-0.0000000212052	-2	-0.000000000717115	0.0000000106026	94316488.4085036
-21.4	-0.0000000214048	-2	-0.000000000769615	0.0000000107024	93436986.0965765
-21.5	-0.000000021466	-2	-0.000000000638032	0.000000010733	93170595.3601044
-21.6	-0.0000000214887	-2	-0.000000000747001	0.00000001074435	93072172.8164105
-21.7	-0.0000000217382	-2	-0.000000000885773	0.0000000108691	92003937.7685365
-21.8	-0.0000000218042	-2	-0.000000000780988	0.0000000109021	91725447.3908696
-21.9	-0.0000000218727	-2	-0.000000000880182	0.00000001093635	91438185.5006469
-22	-0.0000000217763	-2	-0.000000000935292	0.00000001088815	91842966.8952026
-22.1	-0.0000000219508	-2	-0.000000000863993	0.0000000109754	91112852.3789566
-22.2	-0.0000000222796	-2	-0.000000000955725	0.0000000111398	89768218.4599364
-22.3	-0.0000000221794	-2	-0.000000000570631	0.0000000110897	90173764.844856
-22.4	-0.0000000222532	-2	-0.000000000841224	0.0000000111266	89874714.647781
-22.5	-0.0000000224542	-2	-0.000000000841308	0.0000000112271	89070196.2216423
-22.6	-0.0000000225899	-2	-0.000000000889444	0.00000001129495	88535141.8111634
-22.7	-0.0000000225483	-2	-0.000000000852942	0.00000001127415	88698482.8124515
-22.8	-0.0000000226319	-2	-0.000000000828195	0.00000001131595	88370839.3904179
-22.9	-0.0000000225905	-2	-0.000000000862694	0.00000001129525	88532790.3322193
-23	-0.0000000226786	-2	-0.000000000808585	0.0000000113393	88188865.2738705
-23.1	-0.0000000227973	-2	-0.000000000823259	0.00000001139865	87729687.2875297
-23.2	-0.0000000229737	-2	-0.000000000908458	0.00000001148685	87056068.4608922
-23.3	-0.0000000230602	-2	-0.000000000882566	0.0000000115301	86729516.6564037
-23.4	-0.0000000232853	-2	-0.00000000091424	0.00000001164265	85891098.6759887
-23.5	-0.0000000233813	-2	-0.000000000909471	0.00000001169065	85538443.1147969
-23.6	-0.0000000233636	-2	-0.000000000938213	0.0000000116818	85603246.0750912
-23.7	-0.0000000235326	-2	-0.000000000921071	0.0000000117663	84988484.0604098
-23.8	-0.0000000237168	-2	-0.000000000954664	0.0000000118584	84328408.5542738
-23.9	-0.0000000237159	-2	-0.000000000906479	0.00000001185795	84331608.7519344
-24	-0.0000000239139	-2	-0.000000000869846	0.00000001195695	83633368.0411811
-24.1	-0.000000023886	-2	-0.00000000089165	0.000000011943	83731055.8486142
-24.2	-0.0000000240185	-2	-0.00000000094887	0.00000001200925	83269146.6994192
-24.3	-0.0000000239826	-2	-0.000000000858855	0.0000000119913	83393793.8338629
-24.4	-0.0000000242558	-2	-0.000000000968289	0.0000000121279	82454505.7264654
-24.5	-0.0000000243487	-2	-0.000000000855327	0.00000001217435	82139908.906841
-24.6	-0.0000000243624	-2	-0.000000000793767	0.0000000121812	82093718.1886842
-24.7	-0.0000000245431	-2	-0.000000000874996	0.00000001227155	81489298.4178853
-24.8	-0.0000000246942	-2	-0.000000000782919	0.0000000123471	80990677.9729653
-24.9	-0.0000000244124	-2	-0.000000000911462	0.0000000122062	81925578.8042143
-25	-0.0000000247192	-2	-0.000000000891554	0.0000000123596	80908767.2740218
-25.1	-0.000000024622	-2	-0.000000000870228	0.000000012311	81228169.9293315
-25.2	-0.0000000247008	-2	-0.000000000884688	0.0000000123504	80969037.4400829
-25.3	-0.0000000247045	-2	-0.000000000838673	0.00000001235225	80956910.6842883
-25.4	-0.0000000248101	-2	-0.000000000888681	0.00000001240505	80612331.2683141
-25.5	-0.0000000248994	-2	-0.000000000915301	0.0000000124497	80323220.6398548
-25.6	-0.0000000249345	-2	-0.000000000893927	0.00000001246725	80210150.5945577
-25.7	-0.0000000249472	-2	-0.000000000925994	0.0000000124736	80169317.5987686
-25.8	-0.0000000249979	-2	-0.000000000946438	0.00000001249895	80006720.5645274
-25.9	-0.0000000251379	-2	-0.000000000951993	0.00000001256895	79561140.747636
-26	-0.0000000250854	-2	-0.000000000843048	0.0000000125427	79727650.3464166
-26.1	-0.0000000251646	-2	-0.000000000945616	0.0000000125823	79476725.2410132
-26.2	-0.000000025228	-2	-0.000000000961745	0.000000012614	79276993.8163945
-26.3	-0.0000000254174	-2	-0.000000000941348	0.0000000127087	78686254.2982366
-26.4	-0.0000000255108	-2	-0.000000000995839	0.0000000127554	78398168.6187811
-26.5	-0.0000000255596	-2	-0.00000000106059	0.0000000127798	78248485.891798
-26.6	-0.0000000255844	-2	-0.000000000985253	0.0000000127922	78172636.4503369
-26.7	-0.0000000257316	-2	-0.00000000103753	0.0000000128658	77725442.6463959
-26.8	-0.0000000256444	-2	-0.00000000101944	0.0000000128222	77989736.5506699
-26.9	-0.0000000259318	-2	-0.00000000102409	0.0000000129659	77125382.7347118
-27	-0.0000000259092	-2	-0.00000000101769	0.0000000129546	77192657.4344248
-27.1	-0.0000000261268	-2	-0.00000000100228	0.0000000130634	76549749.6823185
-27.2	-0.0000000261834	-2	-0.00000000105056	0.0000000130917	76384274.0056677
-27.3	-0.0000000263591	-2	-0.00000000105462	0.00000001317955	75875124.7197363
-27.4	-0.0000000264455	-2	-0.00000000104265	0.00000001322275	75627233.3667354
-27.5	-0.0000000264925	-2	-0.00000000106072	0.00000001324625	75493064.0747381
-27.6	-0.0000000265966	-2	-0.00000000109615	0.0000000132983	75197581.6457743
-27.7	-0.0000000266255	-2	-0.00000000101976	0.00000001331275	75115960.263657
-27.8	-0.0000000266972	-2	-0.000000000967252	0.0000000133486	74914223.2144195
-27.9	-0.0000000267596	-2	-0.00000000105209	0.0000000133798	74739532.7284414
-28	-0.0000000269054	-2	-0.00000000104685	0.0000000134527	74334520.2078393
-28.1	-0.0000000270719	-2	-0.00000000108767	0.00000001353595	73877341.4499906
-28.2	-0.0000000272477	-2	-0.00000000103635	0.00000001362385	73400690.7004995
-28.3	-0.0000000274732	-2	-0.00000000104364	0.0000000137366	72798217.8996258
-28.4	-0.0000000275506	-2	-0.00000000100158	0.0000000137753	72593700.3186863
-28.5	-0.0000000274626	-2	-0.00000000100864	0.0000000137313	72826316.5177369
-28.6	-0.0000000273818	-2	-0.00000000105244	0.0000000136909	73041217.1588427
-28.7	-0.0000000275099	-2	-0.000000000951374	0.00000001375495	72701100.3311535
-28.8	-0.0000000275303	-2	-0.000000000990093	0.00000001376515	72647228.6898436
-28.9	-0.0000000275394	-2	-0.000000000976706	0.0000000137697	72623223.4543962
-29	-0.000000027675	-2	-0.000000000957453	0.0000000138375	72267389.3405601
-29.1	-0.0000000277389	-2	-0.000000000989616	0.00000001386945	72100912.4370469
-29.2	-0.000000028024	-2	-0.00000000101253	0.000000014012	71367399.3719669
-29.3	-0.0000000280902	-2	-0.00000000107437	0.0000000140451	71199208.2648041
-29.4	-0.0000000280881	-2	-0.00000000100236	0.00000001404405	71204531.4563819
-29.5	-0.0000000281296	-2	-0.000000000981212	0.0000000140648	71099482.3957682
-29.6	-0.0000000283829	-2	-0.000000000976193	0.00000001419145	70464963.0587431
-29.7	-0.0000000283525	-2	-0.000000000856483	0.00000001417625	70540516.7092849
-29.8	-0.0000000285178	-2	-0.000000000954533	0.0000000142589	70131637.0828044
-29.9	-0.0000000285396	-2	-0.00000000094651	0.0000000142698	70078066.9666008
-30	-0.0000000285448	-2	-0.000000000985646	0.0000000142724	70065300.8604019
-30.1	-0.0000000287829	-2	-0.00000000100571	0.00000001439145	69485701.5797574
-30.2	-0.0000000288583	-2	-0.000000000997376	0.00000001442915	69304151.6652055
-30.3	-0.0000000287458	-2	-0.00000000105414	0.0000000143729	69575381.4470288
-30.4	-0.0000000288744	-2	-0.00000000100524	0.0000000144372	69265508.5473638
-30.5	-0.0000000288815	-2	-0.000000000980937	0.00000001444075	69248480.8614511
-30.6	-0.000000028933	-2	-0.00000000104394	0.0000000144665	69125220.3366398
-30.7	-0.0000000289927	-2	-0.000000000992978	0.00000001449635	68982881.897857
-30.8	-0.000000029134	-2	-0.00000000109489	0.000000014567	68648314.6838745
-30.9	-0.0000000291162	-2	-0.00000000106897	0.0000000145581	68690282.3857509
-31	-0.0000000294101	-2	-0.00000000103451	0.00000001470505	68003849.0178544
-31.1	-0.000000029502	-2	-0.00000000103729	0.000000014751	67792014.1007389
-31.2	-0.0000000295541	-2	-0.00000000106882	0.00000001477705	67672505.6760314
-31.3	-0.0000000293765	-2	-0.00000000105957	0.00000001468825	68081629.8742192
-31.4	-0.0000000296035	-2	-0.00000000111121	0.00000001480175	67559579.1038222
-31.5	-0.0000000295646	-2	-0.00000000107793	0.0000000147823	67648471.4827868
-31.6	-0.0000000298367	-2	-0.00000000105095	0.00000001491835	67031541.6919431
-31.7	-0.0000000298675	-2	-0.000000000997663	0.00000001493375	66962417.3432661
-31.8	-0.0000000297732	-2	-0.00000000104147	0.0000000148866	67174505.9315089
-31.9	-0.000000029815	-2	-0.00000000113024	0.0000000149075	67080328.6936106
-32	-0.0000000298287	-2	-0.00000000110584	0.00000001491435	67049519.4225695
-32.1	-0.0000000297438	-2	-0.00000000102844	0.0000000148719	67240903.9867132
-32.2	-0.0000000297402	-2	-0.00000000104744	0.0000000148701	67249043.3823579
-32.3	-0.0000000299284	-2	-0.00000000110157	0.0000000149642	66826158.4314564
-32.4	-0.0000000300609	-2	-0.00000000105789	0.00000001503045	66531607.5034347
-32.5	-0.0000000302581	-2	-0.00000000106797	0.00000001512905	66098003.509804
-32.6	-0.0000000304705	-2	-0.00000000102803	0.00000001523525	65637255.7063389
-32.7	-0.0000000305784	-2	-0.00000000111521	0.0000000152892	65405645.8153468
-32.8	-0.0000000307837	-2	-0.00000000107576	0.00000001539185	64969448.117023
-32.9	-0.0000000308942	-2	-0.00000000104232	0.0000000154471	64737070.3886166
-33	-0.0000000309069	-2	-0.00000000109354	0.00000001545345	64710469.1832568
-33.1	-0.0000000309635	-2	-0.00000000100936	0.00000001548175	64592181.1164759
-33.2	-0.0000000309661	-2	-0.00000000117154	0.00000001548305	64586757.777053
-33.3	-0.0000000311437	-2	-0.00000000109863	0.00000001557185	64218445.4640906
-33.4	-0.0000000311141	-2	-0.00000000107647	0.00000001555705	64279538.8585882
-33.5	-0.0000000311485	-2	-0.00000000122204	0.00000001557425	64208549.3683484
-33.6	-0.0000000311684	-2	-0.00000000124257	0.0000000155842	64167554.3178347
-33.7	-0.0000000313834	-2	-0.00000000125376	0.0000000156917	63727958.0924948
-33.8	-0.0000000313291	-2	-0.00000000123172	0.00000001566455	63838412.2110115
-33.9	-0.0000000314149	-2	-0.00000000132165	0.00000001570745	63664057.5013767
-34	-0.0000000316229	-2	-0.00000000115256	0.00000001581145	63245306.4076982
-34.1	-0.000000031875	-2	-0.00000000128676	0.0000000159375	62745098.0392157
-34.2	-0.0000000318155	-2	-0.00000000130541	0.00000001590775	62862441.2629064
-34.3	-0.0000000316975	-2	-0.00000000124736	0.00000001584875	63096458.7112548
-34.4	-0.0000000319121	-2	-0.00000000120264	0.00000001595605	62672152.5690882
-34.5	-0.0000000319673	-2	-0.00000000132792	0.00000001598365	62563932.5185424
-34.6	-0.0000000318086	-2	-0.00000000127039	0.0000000159043	62876077.5387788
-34.7	-0.0000000318588	-2	-0.00000000127088	0.0000000159294	62777003.5280676
-34.8	-0.0000000320094	-2	-0.00000000132437	0.0000000160047	62481646.0164827
-34.9	-0.000000032053	-2	-0.0000000012744	0.0000000160265	62396655.5392631
-35	-0.0000000323701	-2	-0.0000000013682	0.00000001618505	61785413.0818255
-35.1	-0.0000000323416	-2	-0.00000000137876	0.0000000161708	61839859.4998392
-35.2	-0.0000000321113	-2	-0.0000000013063	0.00000001605565	62283370.6514529
-35.3	-0.0000000326885	-2	-0.00000000135539	0.00000001634425	61183596.6777307
-35.4	-0.000000032418	-2	-0.00000000138005	0.000000016209	61694120.5503116
-35.5	-0.0000000325509	-2	-0.00000000127777	0.00000001627545	61442233.5480739
-35.6	-0.0000000326726	-2	-0.00000000131788	0.0000000163363	61213371.4488593
-35.7	-0.0000000326611	-2	-0.00000000137277	0.00000001633055	61234924.7269688
-35.8	-0.0000000328034	-2	-0.00000000118849	0.0000000164017	60969289.7687435
-35.9	-0.0000000329678	-2	-0.00000000128735	0.0000000164839	60665255.188396
-36	-0.0000000329658	-2	-0.00000000125384	0.0000000164829	60668935.6848613
-36.1	-0.0000000330082	-2	-0.00000000133601	0.0000000165041	60591004.6594483
-36.2	-0.0000000331417	-2	-0.00000000125049	0.00000001657085	60346934.5265934
-36.3	-0.0000000331408	-2	-0.00000000113103	0.0000000165704	60348573.3597258
-36.4	-0.0000000331996	-2	-0.00000000123018	0.0000000165998	60241689.6589116
-36.5	-0.0000000332544	-2	-0.0000000012485	0.0000000166272	60142417.2440339
-36.6	-0.0000000334082	-2	-0.00000000127367	0.0000000167041	59865541.9926844
-36.7	-0.0000000335374	-2	-0.00000000140229	0.0000000167687	59634915.0500635
-36.8	-0.0000000334878	-2	-0.00000000127494	0.0000000167439	59723242.4942815
-36.9	-0.0000000336509	-2	-0.00000000127779	0.00000001682545	59433774.4309959
-37	-0.0000000337432	-2	-0.00000000115536	0.0000000168716	59271201.3087081
-37.1	-0.00000003358	-2	-0.00000000122212	0.00000001679	59559261.4651578
-37.2	-0.000000033594	-2	-0.00000000119318	0.000000016797	59534440.6739299
-37.3	-0.0000000337117	-2	-0.00000000126394	0.00000001685585	59326583.9456331
-37.4	-0.000000033852	-2	-0.00000000122584	0.000000016926	59080704.2419946
-37.5	-0.0000000338205	-2	-0.00000000109249	0.00000001691025	59135731.287237
-37.6	-0.000000033815	-2	-0.00000000112377	0.0000000169075	59145349.6968801
-37.7	-0.0000000340445	-2	-0.00000000118268	0.00000001702225	58746640.4265006
-37.8	-0.0000000340936	-2	-0.00000000123013	0.0000000170468	58662036.2766032
-37.9	-0.0000000340932	-2	-0.00000000124788	0.0000000170466	58662724.5315781
-38	-0.0000000341698	-2	-0.00000000128511	0.0000000170849	58531217.6249203
-38.1	-0.0000000341031	-2	-0.00000000134064	0.00000001705155	58645694.9661468
-38.2	-0.0000000342173	-2	-0.0000000012854	0.00000001710865	58449965.3683955
-38.3	-0.000000034357	-2	-0.00000000140393	0.0000000171785	58212300.2590447
-38.4	-0.0000000344455	-2	-0.00000000129888	0.00000001722275	58062736.7870985
-38.5	-0.0000000346136	-2	-0.00000000142514	0.0000000173068	57780756.6967897
-38.6	-0.0000000347212	-2	-0.00000000137761	0.0000000173606	57601695.7939242
-38.7	-0.0000000347069	-2	-0.00000000136564	0.00000001735345	57625428.9492867
-38.8	-0.000000034864	-2	-0.00000000147283	0.000000017432	57365764.111978
-38.9	-0.000000034893	-2	-0.00000000147203	0.0000000174465	57318086.7222652
-39	-0.0000000349293	-2	-0.00000000147974	0.00000001746465	57258519.3519481
-39.1	-0.0000000348639	-2	-0.00000000146954	0.00000001743195	57365928.6539945
-39.2	-0.0000000349242	-2	-0.00000000143673	0.0000000174621	57266880.844801
-39.3	-0.0000000351815	-2	-0.00000000147296	0.00000001759075	56848059.349374
-39.4	-0.0000000353779	-2	-0.000000001443	0.00000001768895	56532468.0096897
-39.5	-0.0000000355757	-2	-0.00000000141463	0.00000001778785	56218148.905011
-39.6	-0.000000035598	-2	-0.00000000143918	0.000000017799	56182931.6253722
-39.7	-0.0000000356774	-2	-0.00000000150919	0.0000000178387	56057896.5956039
-39.8	-0.0000000353757	-2	-0.00000000138922	0.00000001768785	56535983.7402511
-39.9	-0.0000000354901	-2	-0.00000000141058	0.00000001774505	56353743.7200797
-40	-0.0000000357612	-2	-0.00000000132086	0.0000000178806	55926534.9037504