0	-0.000000000208247	-10	0.000000000147235	0.000000001	1000000000
-0.1	-0.000000000201166	-10	0.000000000123155	0.000000001	1000000000
-0.2	-0.000000000180686	-10	0.00000000011425	0.000000001	1000000000
-0.3	-0.000000000167441	-10	0.000000000106239	0.000000001	1000000000
-0.4	-0.000000000154734	-10	-2.64645E-12	0.000000001	1000000000
-0.5	-7.67112E-11	-10	6.47306E-12	0.000000001	1000000000
-0.6	-0.000000000119197	-10	-8.58188E-11	0.000000001	1000000000
-0.7	-0.000000000146699	-10	-2.79188E-11	0.000000001	1000000000
-0.8	-0.000000000144136	-10	-5.37515E-11	0.000000001	1000000000
-0.9	-0.00000000013715	-10	-4.49181E-11	0.000000001	1000000000
-1	-0.000000000141406	-10	-6.26206E-11	0.000000001	1000000000
-1.1	-0.000000000133121	-10	-0.000000000075376	0.000000001	1000000000
-1.2	-0.000000000133443	-10	-8.58426E-11	0.000000001	1000000000
-1.3	-0.000000000131476	-10	-8.06689E-11	0.000000001	1000000000
-1.4	-0.000000000130546	-10	-9.42946E-11	0.000000001	1000000000
-1.5	-0.000000000123549	-10	-9.15051E-11	0.000000001	1000000000
-1.6	-0.00000000012573	-10	-9.88722E-11	0.000000001	1000000000
-1.7	-0.000000000131989	-10	-9.11355E-11	0.000000001	1000000000
-1.8	-0.000000000131798	-10	-9.79424E-11	0.000000001	1000000000
-1.9	-0.00000000012449	-10	-0.000000000132191	0.000000001	1000000000
-2	-0.000000000122309	-10	-0.00000000013864	0.000000001	1000000000
-2.1	-0.000000000124347	-10	-0.00000000015893	0.000000001	1000000000
-2.2	-0.000000000124657	-10	-0.000000000189412	0.000000001	1000000000
-2.3	-0.000000000128186	-10	-0.00000000021584	0.000000001	1000000000
-2.4	-0.000000000137496	-10	-0.000000000240588	0.000000001	1000000000
-2.5	-0.000000000164115	-10	-0.000000000263977	0.000000001	1000000000
-2.6	-0.000000000227833	-10	-0.000000000278473	0.000000001	1000000000
-2.7	-0.000000000287712	-10	-0.000000000281632	0.000000001	1000000000
-2.8	-0.000000000330389	-10	-0.000000000302541	0.000000001	1000000000
-2.9	-0.000000000380397	-10	-0.000000000347209	0.000000001	1000000000
-3	-0.000000000458062	-10	-0.000000000357568	0.000000001	1000000000
-3.1	-0.000000000551534	-10	-0.000000000373161	0.000000001	1000000000
-3.2	-0.00000000065558	-10	-0.000000000338244	0.000000001	1000000000
-3.3	-0.000000000769126	-10	-0.000000000337231	0.000000001	1000000000
-3.4	-0.000000000886703	-10	-0.00000000032444	0.000000001	1000000000
-3.5	-0.0000000010219	-10	-0.000000000322771	0.000000001	1000000000
-3.6	-0.00000000116382	-10	-0.000000000314796	0.000000001	1000000000
-3.7	-0.00000000132138	-10	-0.00000000030725	0.000000001	1000000000
-3.8	-0.00000000149137	-10	-0.000000000309253	0.000000001	1000000000
-3.9	-0.00000000167183	-10	-0.000000000155842	0.000000001	1000000000
-4	-0.00000000186889	-10	-0.00000000016371	0.000000001	1000000000
-4.1	-0.00000000208027	-10	-0.000000000167394	0.000000001	1000000000
-4.2	-0.00000000231719	-10	-0.000000000160432	0.000000001	1000000000
-4.3	-0.0000000025195	-10	-0.000000000163805	0.000000001	1000000000
-4.4	-0.00000000281256	-10	-0.000000000114608	0.000000001	1000000000
-4.5	-0.00000000308009	-10	-0.00000000016849	0.000000001	1000000000
-4.6	-0.00000000337136	-10	-0.00000000016588	0.000000001	1000000000
-4.7	-0.00000000366658	-10	-0.000000000157154	0.000000001	1000000000
-4.8	-0.00000000398978	-10	-0.000000000168991	0.000000001	1000000000
-4.9	-0.00000000432724	-10	-0.00000000016253	0.000000001	1000000000
-5	-0.00000000467315	-10	-0.000000000167644	0.000000001	1000000000
-5.1	-0.00000000504308	-10	-0.000000000159526	0.000000001	1000000000
-5.2	-0.00000000542049	-10	-0.000000000162041	0.000000001	1000000000
-5.3	-0.00000000582212	-10	-0.000000000172138	0.000000001	1000000000
-5.4	-0.00000000623021	-10	-0.000000000169373	0.000000001	1000000000
-5.5	-0.00000000665294	-10	-0.00000000017271	0.000000001	1000000000
-5.6	-0.00000000708674	-10	-0.000000000172675	0.000000001	1000000000
-5.7	-0.00000000754267	-10	-0.000000000171065	0.000000001	1000000000
-5.8	-0.00000000800925	-10	-0.000000000175464	0.000000001	1000000000
-5.9	-0.00000000848367	-10	-0.000000000179672	0.000000001	1000000000
-6	-0.00000000897547	-10	-0.000000000172222	0.000000001	1000000000
-6.1	-0.00000000948697	-10	-0.000000000179017	0.000000001	1000000000
-6.2	-0.0000000100005	-10	-0.000000000187325	0.00000000100005	999950002.499875
-6.3	-0.0000000105334	-10	-0.000000000172627	0.00000000105334	949361079.993165
-6.4	-0.0000000110714	-10	-0.00000000018158	0.00000000110714	903228137.362935
-6.5	-0.0000000116159	-10	-0.000000000283909	0.00000000116159	860888953.933832
-6.6	-0.0000000121847	-10	-0.000000000275898	0.00000000121847	820701371.391992
-6.7	-0.000000012754	-10	-0.000000000288188	0.0000000012754	784067743.453034
-6.8	-0.0000000133376	-10	-0.000000000299597	0.00000000133376	749760076.775432
-6.9	-0.0000000139339	-10	-0.000000000167394	0.00000000139339	717674161.577161
-7	-0.0000000145364	-10	-0.000000000237525	0.00000000145364	687928235.326491
-7.1	-0.000000015146	-10	-0.000000000214815	0.0000000015146	660240327.479203
-7.2	-0.0000000157664	-10	-0.000000000195944	0.00000000157664	634260198.903998
-7.3	-0.0000000163922	-10	-0.000000000197947	0.00000000163922	610046241.505106
-7.4	-0.0000000170377	-10	-0.000000000210214	0.00000000170377	586933682.36323
-7.5	-0.000000017697	-10	-0.000000000193274	0.0000000017697	565067525.569306
-7.6	-0.0000000183569	-10	-0.000000000205112	0.00000000183569	544754288.578137
-7.7	-0.0000000190319	-10	-0.000000000184894	0.00000000190319	525433614.090028
-7.8	-0.0000000197138	-10	-0.000000000185251	0.00000000197138	507258874.494009
-7.9	-0.0000000204159	-10	-0.000000000190079	0.00000000204159	489814311.39455
-8	-0.0000000211204	-10	-0.000000000184214	0.00000000211204	473475881.138615
-8.1	-0.0000000218513	-10	-0.000000000188756	0.00000000218513	457638675.959783
-8.2	-0.0000000225742	-10	-0.000000000172293	0.00000000225742	442983583.028413
-8.3	-0.0000000233459	-10	-0.000000000138795	0.00000000233459	428340736.489062
-8.4	-0.0000000240578	-10	-0.000000000186682	0.00000000240578	415665605.333821
-8.5	-0.0000000248061	-10	-0.000000000191569	0.00000000248061	403126650.299725
-8.6	-0.0000000255886	-10	-0.000000000205195	0.00000000255886	390799027.692019
-8.7	-0.0000000263553	-10	-0.000000000190175	0.00000000263553	379430323.312579
-8.8	-0.0000000271378	-10	-0.00000000021075	0.00000000271378	368489708.082453
-8.9	-0.0000000279625	-10	-0.000000000212133	0.00000000279625	357621814.930711
-9	-0.0000000288364	-10	-0.000000000190675	0.00000000288364	346783925.871468
-9.1	-0.0000000296425	-10	-0.000000000213575	0.00000000296425	337353462.089905
-9.2	-0.0000000304805	-10	-0.000000000249922	0.00000000304805	328078607.634389
-9.3	-0.0000000313444	-10	-0.000000000241482	0.00000000313444	319036255.28005
-9.4	-0.0000000321907	-10	-0.000000000260627	0.00000000321907	310648727.738136
-9.5	-0.0000000330828	-10	-0.000000000261891	0.00000000330828	302271875.415624
-9.6	-0.000000033946	-10	-0.000000000292814	0.0000000033946	294585518.175927
-9.7	-0.000000034796	-10	-0.000000000331485	0.0000000034796	287389355.098287
-9.8	-0.0000000357447	-10	-0.000000000317001	0.00000000357447	279761754.889536
-9.9	-0.0000000366214	-10	-0.000000000296354	0.00000000366214	273064383.120252
-10	-0.0000000375516	-10	-0.000000000355601	0.00000000375516	266300237.539812
-10.1	-0.0000000384857	-10	-0.000000000340641	0.00000000384857	259836770.540746
-10.2	-0.0000000394299	-10	-0.000000000375807	0.00000000394299	253614642.695011
-10.3	-0.0000000403975	-10	-0.000000000335717	0.00000000403975	247540070.54892
-10.4	-0.0000000413298	-10	-0.000000000389481	0.00000000413298	241956167.220746
-10.5	-0.0000000423602	-10	-0.00000000040158	0.00000000423602	236070651.224498
-10.6	-0.000000043326	-10	-0.000000000339079	0.0000000043326	230808290.6338
-10.7	-0.0000000443712	-10	-0.000000000350797	0.00000000443712	225371412.08712
-10.8	-0.0000000453607	-10	-0.000000000332654	0.00000000453607	220455151.706213
-10.9	-0.0000000463972	-10	-0.000000000351536	0.00000000463972	215530247.514936
-11	-0.0000000474265	-10	-0.00000000029186	0.00000000474265	210852582.417003
-11.1	-0.0000000484895	-10	-0.000000000290585	0.00000000484895	206230214.788769
-11.2	-0.0000000494936	-10	-0.000000000293839	0.00000000494936	202046325.181438
-11.3	-0.0000000505253	-10	-0.000000000302601	0.00000000505253	197920645.696315
-11.4	-0.0000000515922	-10	-0.000000000275481	0.00000000515922	193827749.15588
-11.5	-0.0000000526467	-10	-0.000000000262725	0.00000000526467	189945428.678341
-11.6	-0.0000000537126	-10	-0.000000000327623	0.00000000537126	186176055.525147
-11.7	-0.0000000548154	-10	-0.000000000350285	0.00000000548154	182430484.863743
-11.8	-0.0000000558559	-10	-0.000000000379181	0.00000000558559	179032116.571392
-11.9	-0.0000000570008	-10	-0.000000000362504	0.00000000570008	175436134.229695
-12	-0.0000000581018	-10	-0.000000000266933	0.00000000581018	172111707.38256
-12.1	-0.0000000591743	-10	-0.000000000295866	0.00000000591743	168992282.122475
-12.2	-0.0000000603974	-10	-0.000000000309157	0.00000000603974	165570041.094484
-12.3	-0.0000000616372	-10	-0.00000000037483	0.00000000616372	162239686.423134
-12.4	-0.0000000627166	-10	-0.000000000323796	0.00000000627166	159447419.024628
-12.5	-0.0000000639663	-10	-0.00000000032407	0.00000000639663	156332318.736585
-12.6	-0.0000000651757	-10	-0.000000000322104	0.00000000651757	153431416.923792
-12.7	-0.0000000664607	-10	-0.000000000344992	0.00000000664607	150464861.188642
-12.8	-0.0000000676007	-10	-0.00000000031786	0.00000000676007	147927462.289592
-12.9	-0.0000000686558	-10	-0.000000000313771	0.00000000686558	145654118.07888
-13	-0.0000000698853	-10	-0.000000000404263	0.00000000698853	143091608.678792
-13.1	-0.0000000710185	-10	-0.000000000343966	0.00000000710185	140808380.914832
-13.2	-0.0000000722893	-10	-0.000000000434613	0.00000000722893	138333058.972766
-13.3	-0.0000000735612	-10	-0.00000000064795	0.00000000735612	135941229.887495
-13.4	-0.0000000747786	-10	-0.000000000586295	0.00000000747786	133728098.680639
-13.5	-0.0000000759159	-10	-0.000000000591898	0.00000000759159	131724711.16064
-13.6	-0.0000000771817	-10	-0.000000000655687	0.00000000771817	129564391.559139
-13.7	-0.0000000784735	-10	-0.000000000556827	0.00000000784735	127431553.326919
-13.8	-0.0000000797445	-10	-0.000000000554311	0.00000000797445	125400497.839976
-13.9	-0.000000080905	-10	-0.00000000057795	0.0000000080905	123601755.144923
-14	-0.0000000823376	-10	-0.000000000563073	0.00000000823376	121451196.051379
-14.1	-0.0000000834518	-10	-0.000000000615287	0.00000000834518	119829650.169319
-14.2	-0.0000000848067	-10	-0.000000000710619	0.00000000848067	117915211.88774
-14.3	-0.0000000860342	-10	-0.000000000571024	0.00000000860342	116232846.937613
-14.4	-0.0000000872911	-10	-0.000000000367796	0.00000000872911	114559216.231666
-14.5	-0.0000000886584	-10	-0.000000000431645	0.00000000886584	112792470.876984
-14.6	-0.0000000896999	-10	-0.000000000482535	0.00000000896999	111482844.46248
-14.7	-0.0000000908931	-10	-0.000000000444102	0.00000000908931	110019352.404088
-14.8	-0.0000000922482	-10	-0.000000000391793	0.00000000922482	108403199.195215
-14.9	-0.000000093456	-10	-0.000000000454533	0.0000000093456	107002225.646293
-15	-0.0000000948053	-10	-0.000000000500619	0.00000000948053	105479335.01608
-15.1	-0.0000000960973	-10	-0.000000000739527	0.00000000960973	104061196.308325
-15.2	-0.0000000974674	-10	-0.000000000611889	0.00000000974674	102598407.262326
-15.3	-0.0000000986855	-10	-0.000000000634134	0.00000000986855	101332009.261746
-15.4	-0.0000000998074	-10	-0.000000000627148	0.00000000998074	100192971.663424
-15.5	-0.00000010051	-10	-0.000000000527453	0.000000010051	99492587.8022087
-15.6	-0.000000102232	-10	-0.000000000538671	0.0000000102232	97816730.5735973
-15.7	-0.000000103637	-10	-0.000000000595534	0.0000000103637	96490635.5838166
-15.8	-0.000000104978	-10	-0.00000000054872	0.0000000104978	95258054.0684715
-15.9	-0.000000106313	-10	-0.00000000060153	0.0000000106313	94061873.9006519
-16	-0.00000010764	-10	-0.000000000595558	0.000000010764	92902266.8153103
-16.1	-0.000000108924	-10	-0.000000000659597	0.0000000108924	91807131.577981
-16.2	-0.000000110097	-10	-0.00000000057528	0.0000000110097	90828996.2487625
-16.3	-0.000000111397	-10	-0.000000000609994	0.0000000111397	89769024.3004749
-16.4	-0.000000112621	-10	-0.000000000583136	0.0000000112621	88793386.6685609
-16.5	-0.000000113951	-10	-0.000000000603938	0.0000000113951	87757018.367544
-16.6	-0.000000115242	-10	-0.000000000666749	0.0000000115242	86773919.230836
-16.7	-0.000000116407	-10	-0.000000000543523	0.0000000116407	85905486.7834409
-16.8	-0.000000117787	-10	-0.00000000067637	0.0000000117787	84899012.6244832
-16.9	-0.000000119085	-10	-0.000000000619733	0.0000000119085	83973632.2794642
-17	-0.000000120474	-10	-0.000000000654161	0.0000000120474	83005461.7593838
-17.1	-0.000000121758	-10	-0.000000000676096	0.0000000121758	82130126.9731763
-17.2	-0.000000123331	-10	-0.000000000656486	0.0000000123331	81082615.0765014
-17.3	-0.000000124551	-10	-0.000000000598419	0.0000000124551	80288395.918138
-17.4	-0.000000125684	-10	-0.000000000743043	0.0000000125684	79564622.3863022
-17.5	-0.000000126827	-10	-0.000000000572133	0.0000000126827	78847564.0045101
-17.6	-0.000000128349	-10	-0.000000000728023	0.0000000128349	77912566.5178537
-17.7	-0.000000129436	-10	-0.00000000065254	0.0000000129436	77258258.9078773
-17.8	-0.000000130981	-10	-0.000000000692523	0.0000000130981	76346951.0845084
-17.9	-0.000000132158	-10	-0.000000000514948	0.0000000132158	75667004.6459541
-18	-0.000000133579	-10	-0.000000000496757	0.0000000133579	74862066.6422117
-18.1	-0.0000001351	-10	-0.000000000606382	0.00000001351	74019245.003701
-18.2	-0.000000136253	-10	-0.000000000727534	0.0000000136253	73392879.4228384
-18.3	-0.000000137713	-10	-0.000000000660586	0.0000000137713	72614785.8226892
-18.4	-0.000000139245	-10	-0.000000000623548	0.0000000139245	71815864.1243851
-18.5	-0.00000014025	-10	-0.000000000704694	0.000000014025	71301247.771836
-18.6	-0.000000141701	-10	-0.000000000636041	0.0000000141701	70571132.1726734
-18.7	-0.00000014325	-10	-0.000000000632799	0.000000014325	69808027.9232112
-18.8	-0.000000144868	-10	-0.000000000715768	0.0000000144868	69028356.8489936
-18.9	-0.000000146318	-10	-0.000000000614464	0.0000000146318	68344291.2013559
-19	-0.000000147786	-10	-0.000000000666952	0.0000000147786	67665408.0900762
-19.1	-0.000000149026	-10	-0.000000000673318	0.0000000149026	67102384.8187565
-19.2	-0.000000150683	-10	-0.0000000007774	0.0000000150683	66364487.0356975
-19.3	-0.000000152223	-10	-0.000000000516844	0.0000000152223	65693094.9987847
-19.4	-0.000000153206	-10	-0.000000000665712	0.0000000153206	65271595.1072412
-19.5	-0.000000154517	-10	-0.000000000776005	0.0000000154517	64717798.0416394
-19.6	-0.000000156032	-10	-0.000000000557697	0.0000000156032	64089417.5553733
-19.7	-0.000000157192	-10	-0.000000000592792	0.0000000157192	63616469.0315029
-19.8	-0.000000158657	-10	-0.000000000686073	0.0000000158657	63029050.0891861
-19.9	-0.000000160111	-10	-0.000000000519621	0.0000000160111	62456670.6847125
-20	-0.000000161344	-10	-0.000000000689054	0.0000000161344	61979373.2645776
-20.1	-0.000000162629	-10	-0.000000000609601	0.0000000162629	61489648.2177226
-20.2	-0.000000164137	-10	-0.000000000709212	0.0000000164137	60924715.3292676
-20.3	-0.00000016566	-10	-0.000000000793719	0.000000016566	60364602.1972715
-20.4	-0.000000167042	-10	-0.00000000072726	0.0000000167042	59865183.6065181
-20.5	-0.00000016826	-10	-0.000000000574374	0.000000016826	59431831.6890527
-20.6	-0.000000169778	-10	-0.000000000568414	0.0000000169778	58900446.4653842
-20.7	-0.000000170974	-10	-0.000000000561273	0.0000000170974	58488425.1406647
-20.8	-0.000000172545	-10	-0.000000000675952	0.0000000172545	57955895.5634762
-20.9	-0.000000173828	-10	-0.000000000784647	0.0000000173828	57528131.2561843
-21	-0.000000175277	-10	-0.000000000770342	0.0000000175277	57052551.1048227
-21.1	-0.00000017663	-10	-0.000000000605369	0.000000017663	56615523.9766744
-21.2	-0.000000177588	-10	-0.000000000744069	0.0000000177588	56310111.043539
-21.3	-0.000000179531	-10	-0.000000000793159	0.0000000179531	55700686.7894681
-21.4	-0.000000180776	-10	-0.000000000701106	0.0000000180776	55317077.4881621
-21.5	-0.000000182139	-10	-0.000000000727367	0.0000000182139	54903123.4386924
-21.6	-0.0000001837	-10	-0.000000000703371	0.00000001837	54436581.3826892
-21.7	-0.000000184902	-10	-0.000000000686276	0.0000000184902	54082703.2698402
-21.8	-0.000000186996	-10	-0.000000000902104	0.0000000186996	53477079.7236305
-21.9	-0.000000188749	-10	-0.000000000838113	0.0000000188749	52980413.1412617
-22	-0.00000019053	-10	-0.000000000871754	0.000000019053	52485172.9386448
-22.1	-0.000000191795	-10	-0.000000000842333	0.0000000191795	52139002.5808806
-22.2	-0.00000019346	-10	-0.00000000060209	0.000000019346	51690271.8908301
-22.3	-0.000000194522	-10	-0.00000000072943	0.0000000194522	51408066.9538664
-22.4	-0.000000195485	-10	-0.000000000652766	0.0000000195485	51154820.0629204
-22.5	-0.000000197777	-10	-0.000000000882101	0.0000000197777	50561996.5921214
-22.6	-0.000000198839	-10	-0.000000000933445	0.0000000198839	50291944.7392111
-22.7	-0.000000200553	-10	-0.000000000837183	0.0000000200553	49862131.2072121
-22.8	-0.000000202683	-10	-0.000000000849295	0.0000000202683	49338128.9994721
-22.9	-0.000000203845	-10	-0.000000000435877	0.0000000203845	49056881.454046
-23	-0.000000205871	-10	-0.000000000526118	0.0000000205871	48574107.0864765
-23.1	-0.000000207054	-10	-0.000000000766861	0.0000000207054	48296579.6362302
-23.2	-0.000000208597	-10	-0.00000000060271	0.0000000208597	47939327.9865003
-23.3	-0.000000210117	-10	-0.000000000716829	0.0000000210117	47592531.7799131
-23.4	-0.000000211522	-10	-0.000000000570822	0.0000000211522	47276406.2367035
-23.5	-0.0000002132	-10	-0.000000000819659	0.00000002132	46904315.1969981
-23.6	-0.000000214985	-10	-0.000000000782728	0.0000000214985	46514873.1306835
-23.7	-0.000000216573	-10	-0.000000000853705	0.0000000216573	46173807.4459882
-23.8	-0.000000218711	-10	-0.00000000106764	0.0000000218711	45722437.3716914
-23.9	-0.000000220314	-10	-0.000000000994241	0.0000000220314	45389761.8853092
-24	-0.000000221264	-10	-0.000000000794232	0.0000000221264	45194880.3239569
-24.1	-0.000000223863	-10	-0.00000000105191	0.0000000223863	44670177.7426372
-24.2	-0.000000225292	-10	-0.000000000849462	0.0000000225292	44386840.1896206
-24.3	-0.000000227314	-10	-0.00000000109278	0.0000000227314	43992011.0507932
-24.4	-0.000000228905	-10	-0.000000000925291	0.0000000228905	43686245.3856403
-24.5	-0.000000231038	-10	-0.000000000875092	0.0000000231038	43282923.1554982
-24.6	-0.000000232545	-10	-0.00000000114945	0.0000000232545	43002429.6372745
-24.7	-0.000000234124	-10	-0.00000000108361	0.0000000234124	42712408.8090072
-24.8	-0.000000235994	-10	-0.00000000107309	0.0000000235994	42373958.6599659
-24.9	-0.000000236758	-10	-0.000000000669658	0.0000000236758	42237221.1287475
-25	-0.00000023894	-10	-0.000000000874519	0.000000023894	41851510.8395413
-25.1	-0.00000024121	-10	-0.000000000928617	0.000000024121	41457651.0094938
-25.2	-0.000000242403	-10	-0.00000000067569	0.0000000242403	41253614.8480011
-25.3	-0.000000244485	-10	-0.000000000822532	0.0000000244485	40902304.844878
-25.4	-0.000000246489	-10	-0.000000000748503	0.0000000246489	40569761.7337893
-25.5	-0.000000248145	-10	-0.00000000100269	0.0000000248145	40299018.7188942
-25.6	-0.000000250417	-10	-0.00000000053674	0.0000000250417	39933391.1036391
-25.7	-0.000000252592	-10	-0.000000000775218	0.0000000252592	39589535.6939254
-25.8	-0.000000254767	-10	-0.000000000669348	0.0000000254767	39251551.4175698
-25.9	-0.000000256876	-10	-0.000000000931203	0.0000000256876	38929288.8397515
-26	-0.000000258312	-10	-0.000000000799227	0.0000000258312	38712874.353495
-26.1	-0.000000259731	-10	-0.000000000677359	0.0000000259731	38501372.5739323
-26.2	-0.000000262095	-10	-0.00000000101007	0.0000000262095	38154104.4277838
-26.3	-0.000000263387	-10	-0.00000000069809	0.0000000263387	37966945.9768326
-26.4	-0.000000264797	-10	-0.00000000117719	0.0000000264797	37764778.301869
-26.5	-0.000000267349	-10	-0.000000000814116	0.0000000267349	37404291.7684375
-26.6	-0.000000269141	-10	-0.00000000101552	0.0000000269141	37155245.7633731
-26.7	-0.000000271059	-10	-0.000000000695872	0.0000000271059	36892337.0926625
-26.8	-0.000000272213	-10	-0.00000000093137	0.0000000272213	36735938.4011785
-26.9	-0.000000274334	-10	-0.000000000801253	0.0000000274334	36451916.2772387
-27	-0.000000277331	-10	-0.000000000982141	0.0000000277331	36057995.6802521
-27.1	-0.000000278342	-10	-0.000000000699151	0.0000000278342	35927025.0267656
-27.2	-0.000000279748	-10	-0.000000000799644	0.0000000279748	35746457.5260592
-27.3	-0.000000281063	-10	-0.000000000998652	0.0000000281063	35579211.7781423
-27.4	-0.000000283572	-10	-0.000000000868261	0.0000000283572	35264412.5654155
-27.5	-0.000000285041	-10	-0.00000000101812	0.0000000285041	35082672.3173158
-27.6	-0.000000286368	-10	-0.00000000079298	0.0000000286368	34920102.8047827
-27.7	-0.000000287707	-10	-0.0000000010806	0.0000000287707	34757583.2357225
-27.8	-0.000000289647	-10	-0.000000000950217	0.0000000289647	34524783.6159187
-27.9	-0.00000029143	-10	-0.00000000112869	0.000000029143	34313557.2864839
-28	-0.000000292851	-10	-0.00000000125602	0.0000000292851	34147057.7187717
-28.1	-0.000000294699	-10	-0.00000000111443	0.0000000294699	33932928.1741709
-28.2	-0.000000296397	-10	-0.00000000102999	0.0000000296397	33738533.1160572
-28.3	-0.000000298343	-10	-0.000000000747967	0.0000000298343	33518466.9993933
-28.4	-0.000000299788	-10	-0.00000000108345	0.0000000299788	33356905.5465863
-28.5	-0.000000301847	-10	-0.00000000106114	0.0000000301847	33129366.8646699
-28.6	-0.000000304696	-10	-0.00000000122511	0.0000000304696	32819597.2379027
-28.7	-0.000000305952	-10	-0.00000000110343	0.0000000305952	32684865.5998327
-28.8	-0.000000307648	-10	-0.0000000011698	0.0000000307648	32504680.6740171
-28.9	-0.000000308837	-10	-0.000000000699067	0.0000000308837	32379540.0162545
-29	-0.000000310669	-10	-0.00000000102488	0.0000000310669	32188599.4418497
-29.1	-0.000000312601	-10	-0.00000000109611	0.0000000312601	31989660.9415837
-29.2	-0.000000313317	-10	-0.000000000766242	0.0000000313317	31916557.3524577
-29.3	-0.000000315692	-10	-0.000000000888407	0.0000000315692	31676444.1290878
-29.4	-0.000000317834	-10	-0.000000000862908	0.0000000317834	31462964.9439645
-29.5	-0.000000319841	-10	-0.00000000102983	0.0000000319841	31265535.0627343
-29.6	-0.000000321003	-10	-0.000000000907707	0.0000000321003	31152356.8315561
-29.7	-0.000000322536	-10	-0.00000000129805	0.0000000322536	31004290.9938736
-29.8	-0.000000324788	-10	-0.00000000118345	0.0000000324788	30789314.8761654
-29.9	-0.000000326262	-10	-0.00000000130671	0.0000000326262	30650213.631989
-30	-0.000000328277	-10	-0.00000000125	0.0000000328277	30462079.2806075
-30.1	-0.000000330078	-10	-0.000000000974655	0.0000000330078	30295869.4611577
-30.2	-0.000000331539	-10	-0.00000000108701	0.0000000331539	30162364.0054413
-30.3	-0.00000033296	-10	-0.000000000815189	0.000000033296	30033637.6741951
-30.4	-0.000000334896	-10	-0.000000000596762	0.0000000334896	29860016.2438488
-30.5	-0.000000336207	-10	-0.00000000105046	0.0000000336207	29743580.5917188
-30.6	-0.000000337036	-10	-0.00000000104867	0.0000000337036	29670420.9639326
-30.7	-0.00000033782	-10	-0.000000000977778	0.000000033782	29601562.9625244
-30.8	-0.000000340008	-10	-0.000000000965762	0.0000000340008	29411072.6806428
-30.9	-0.000000341627	-10	-0.000000000815153	0.0000000341627	29271691.0548639
-31	-0.000000343211	-10	-0.00000000103834	0.0000000343211	29136595.2722961
-31.1	-0.000000345391	-10	-0.00000000123662	0.0000000345391	28952694.1929581
-31.2	-0.00000034703	-10	-0.00000000113182	0.000000034703	28815952.5113103
-31.3	-0.000000348229	-10	-0.00000000122358	0.0000000348229	28716735.2518027
-31.4	-0.000000349872	-10	-0.00000000104587	0.0000000349872	28581881.3737595
-31.5	-0.000000351591	-10	-0.000000000911438	0.0000000351591	28442138.7350643
-31.6	-0.000000352851	-10	-0.000000000991201	0.0000000352851	28340574.3500798
-31.7	-0.000000354581	-10	-0.000000000909865	0.0000000354581	28202300.7436947
-31.8	-0.000000356668	-10	-0.00000000107077	0.0000000356668	28037278.3653145
-31.9	-0.000000358436	-10	-0.000000000769448	0.0000000358436	27898983.3610463
-32	-0.000000360221	-10	-0.00000000105233	0.0000000360221	27760735.7705409
-32.1	-0.00000036206	-10	-0.00000000104991	0.000000036206	27619731.5362095
-32.2	-0.000000363526	-10	-0.00000000142224	0.0000000363526	27508348.7838559
-32.3	-0.000000365101	-10	-0.00000000137073	0.0000000365101	27389681.2115004
-32.4	-0.000000365839	-10	-0.00000000101894	0.0000000365839	27334428.5327699
-32.5	-0.000000368111	-10	-0.00000000106511	0.0000000368111	27165719.0358343
-32.6	-0.000000369478	-10	-0.00000000104207	0.0000000369478	27065210.9191887
-32.7	-0.000000370979	-10	-0.000000001262	0.0000000370979	26955703.6921227
-32.8	-0.000000372818	-10	-0.00000000127932	0.0000000372818	26822739.2454227
-32.9	-0.000000373856	-10	-0.00000000117724	0.0000000373856	26748266.712317
-33	-0.000000375758	-10	-0.00000000117099	0.0000000375758	26612873.1790142
-33.1	-0.000000377498	-10	-0.00000000112813	0.0000000377498	26490206.5706308
-33.2	-0.000000379425	-10	-0.00000000153545	0.0000000379425	26355669.7634579
-33.3	-0.000000381023	-10	-0.00000000128149	0.0000000381023	26245134.8081349
-33.4	-0.000000382422	-10	-0.00000000143169	0.0000000382422	26149123.2198984
-33.5	-0.000000384908	-10	-0.00000000137619	0.0000000384908	25980234.2377919
-33.6	-0.000000386404	-10	-0.00000000145082	0.0000000386404	25879649.278993
-33.7	-0.000000388877	-10	-0.00000000128098	0.0000000388877	25715071.8607683
-33.8	-0.000000389867	-10	-0.00000000121533	0.0000000389867	25649772.8712612
-33.9	-0.000000391329	-10	-0.00000000142975	0.0000000391329	25553945.6569792
-34	-0.000000394209	-10	-0.00000000139565	0.0000000394209	25367254.4259517
-34.1	-0.000000395712	-10	-0.0000000012491	0.0000000395712	25270904.0918648
-34.2	-0.000000397552	-10	-0.0000000013772	0.0000000397552	25153942.12581
-34.3	-0.00000039917	-10	-0.00000000132698	0.000000039917	25051982.8644437
-34.4	-0.000000400411	-10	-0.00000000135778	0.0000000400411	24974338.8668143
-34.5	-0.000000402416	-10	-0.0000000014004	0.0000000402416	24849906.5643513
-34.6	-0.00000040384	-10	-0.00000000114535	0.000000040384	24762282.0919176
-34.7	-0.000000405789	-10	-0.00000000126578	0.0000000405789	24643349.1297201
-34.8	-0.000000407521	-10	-0.00000000150882	0.0000000407521	24538612.7340677
-34.9	-0.000000409001	-10	-0.00000000144587	0.0000000409001	24449817.9711052
-35	-0.000000410211	-10	-0.00000000123643	0.0000000410211	24377698.3064813
-35.1	-0.000000411978	-10	-0.00000000105215	0.0000000411978	24273140.7987805
-35.2	-0.000000413736	-10	-0.00000000112383	0.0000000413736	24170002.1269602
-35.3	-0.000000415945	-10	-0.00000000111156	0.0000000415945	24041640.120689
-35.4	-0.000000417508	-10	-0.000000000910878	0.0000000417508	23951636.8548627
-35.5	-0.000000418973	-10	-0.00000000100181	0.0000000418973	23867886.4747848
-35.6	-0.000000420982	-10	-0.000000000870156	0.0000000420982	23753984.7309386
-35.7	-0.000000422273	-10	-0.000000000981247	0.0000000422273	23681362.5308746
-35.8	-0.000000424317	-10	-0.00000000137252	0.0000000424317	23567285.7792641
-35.9	-0.000000425908	-10	-0.000000000936723	0.0000000425908	23479249.0396987
-36	-0.000000427083	-10	-0.000000000926518	0.0000000427083	23414652.4211921
-36.1	-0.000000428794	-10	-0.00000000129299	0.0000000428794	23321221.8454549
-36.2	-0.000000430329	-10	-0.00000000115323	0.0000000430329	23238034.1552626
-36.3	-0.000000430987	-10	-0.0000000010507	0.0000000430987	23202555.9935683
-36.4	-0.000000433495	-10	-0.00000000132389	0.0000000433495	23068316.8202632
-36.5	-0.000000434408	-10	-0.00000000167886	0.0000000434408	23019833.8888787
-36.6	-0.000000437401	-10	-0.00000000146823	0.0000000437401	22862316.2727109
-36.7	-0.000000439112	-10	-0.00000000139414	0.0000000439112	22773233.2525643
-36.8	-0.000000440355	-10	-0.00000000143677	0.0000000440355	22708950.7329314
-36.9	-0.000000442817	-10	-0.00000000155709	0.0000000442817	22582692.1730647
-37	-0.000000442777	-10	-0.00000000159776	0.0000000442777	22584732.2692913
-37.1	-0.00000044524	-10	-0.00000000143653	0.000000044524	22459796.9634355
-37.2	-0.00000044772	-10	-0.00000000154817	0.000000044772	22335388.1890467
-37.3	-0.000000449342	-10	-0.00000000170646	0.0000000449342	22254763.6321555
-37.4	-0.000000450271	-10	-0.00000000131929	0.0000000450271	22208847.5606912
-37.5	-0.000000452078	-10	-0.00000000124054	0.0000000452078	22120076.6239454
-37.6	-0.000000454442	-10	-0.00000000140225	0.0000000454442	22005008.3398982
-37.7	-0.000000456654	-10	-0.00000000146617	0.0000000456654	21898417.6203428
-37.8	-0.000000457777	-10	-0.00000000126979	0.0000000457777	21844697.3089517
-37.9	-0.000000459481	-10	-0.0000000011584	0.0000000459481	21763685.5495657
-38	-0.00000046226	-10	-0.00000000124844	0.000000046226	21632847.3153636
-38.1	-0.000000463609	-10	-0.00000000124342	0.0000000463609	21569900.498049
-38.2	-0.000000465054	-10	-0.00000000119703	0.0000000465054	21502879.2355296
-38.3	-0.000000467111	-10	-0.00000000131503	0.0000000467111	21408187.7754966
-38.4	-0.000000469247	-10	-0.00000000126935	0.0000000469247	21310738.2679058
-38.5	-0.000000470027	-10	-0.000000000986958	0.0000000470027	21275373.542371
-38.6	-0.000000471838	-10	-0.0000000013485	0.0000000471838	21193714.7919413
-38.7	-0.000000473423	-10	-0.00000000136766	0.0000000473423	21122759.1392898
-38.8	-0.000000474733	-10	-0.00000000135682	0.0000000474733	21064472.0295408
-38.9	-0.000000476898	-10	-0.00000000157074	0.0000000476898	20968844.4908555
-39	-0.000000478247	-10	-0.00000000121522	0.0000000478247	20909697.2903123
-39.1	-0.000000481047	-10	-0.0000000012942	0.0000000481047	20787989.5311685
-39.2	-0.00000048229	-10	-0.00000000148783	0.000000048229	20734412.9050986
-39.3	-0.000000484161	-10	-0.00000000145905	0.0000000484161	20654286.4873462
-39.4	-0.000000485681	-10	-0.00000000151755	0.0000000485681	20589646.2904664
-39.5	-0.00000048767	-10	-0.00000000144036	0.000000048767	20505669.8177046
-39.6	-0.000000489242	-10	-0.00000000152831	0.0000000489242	20439782.3571975
-39.7	-0.000000490708	-10	-0.00000000122474	0.0000000490708	20378718.0971168
-39.8	-0.000000492514	-10	-0.00000000129006	0.0000000492514	20303991.3586213
-39.9	-0.000000493773	-10	-0.00000000151958	0.0000000493773	20252221.162356
-40	-0.000000496639	-10	-0.00000000129672	0.0000000496639	20135349.8215001
