0	-0.000000387234	2	0.00000134796	0	0
0.025	0.00003936425	2	0.000001471255	0.00157457	635.095276791994
0.05	0.0000782151	2	0.000001465735	0.001564302	639.263714087776
0.075	0.0001161235	2	0.000001449475	1.54831333333333E-03	645.864955200396
0.1	0.0001531015	2	0.000001448405	0.001531015	653.162303585226
0.125	0.000189151	2	0.000001436045	0.001513208	660.848504875794
0.15	0.000224276	2	0.00000142483	1.49517333333333E-03	668.819549148938
0.175	0.0002584765	2	0.000001409515	1.47700857142857E-03	677.044893846805
0.2	0.000291742	2	0.00000139589	0.00145871	685.537941315489
0.225	0.0003241285	2	0.000001389145	1.44057111111111E-03	694.169791241354
0.25	0.0003555445	2	0.00000138199	0.001422178	703.147460069822
0.275	0.0003860405	2	0.0000013761	1.40378363636364E-03	712.361105019545
0.3	0.000415609	2	0.000001372915	1.38536333333333E-03	721.832868117531
0.325	0.000444255	2	0.000001364165	1.36693846153846E-03	731.562394912354
0.35	0.000471968	2	0.00000135607	0.00134848	741.576246107944
0.375	0.000498758	2	0.00000134797	1.33002133333333E-03	751.868185149405
0.4	0.0005246545	2	0.00000134145	0.00131163625	762.407028137452
0.425	0.000549587	2	0.000001335635	1.29314588235294E-03	773.308470551479
0.45	0.0005735925	2	0.00000132618	0.00127465	784.529598689369
0.475	0.000596669	2	0.000001317895	1.25614526315789E-03	796.086776810985
0.5	0.000618817	2	0.00000131421	0.001237634	807.993810560707
0.525	0.000640041	2	0.00000130729	1.21912571428571E-03	820.260436789409
0.55	0.000660328	2	0.00000130613	1.20059636363636E-03	832.919871375339
0.575	0.000679695	2	0.000001300075	1.18207826086957E-03	845.968136301038
0.6	0.0006981635	2	0.00000128965	1.16360583333333E-03	859.39799674343
0.625	0.000715667	2	0.000001282875	0.0011450672	873.311625659721
0.65	0.000732778	2	0.00000127301	1.12735076923077E-03	887.03536405296
0.675	0.000748452	2	0.00000127082	1.10881777777778E-03	901.861442016322
0.7	0.000763216	2	0.00000126992	1.09030857142857E-03	917.171547766294
0.725	0.000777075	2	0.00000127267	1.0718275862069E-03	932.985876524145
0.75	0.000790025	2	0.00000126667	1.05336666666667E-03	949.337046296003
0.775	0.000802078	2	0.00000125933	1.03493935483871E-03	966.240191103608
0.8	0.000813284	2	0.00000125595	0.001016605	983.666222377423
0.825	0.000823575	2	0.0000012552	9.98272727272727E-04	1001.73026136053
0.85	0.000833031	2	0.00000125094	9.80036470588235E-04	1020.37019030504
0.875	0.000841659	2	0.00000124919	0.000961896	1039.61343014214
0.9	0.000849482	2	0.00000124652	9.43868888888889E-04	1059.46918239586
0.925	0.000856512	2	0.0000012437	9.25958918918919E-04	1079.96151834417
0.95	0.000862809	2	0.00000123114	0.00090822	1101.05481050847
0.975	0.000868389	2	0.00000124206	8.90655384615385E-04	1122.76871309977
1	0.000873331	2	0.00000124091	0.000873331	1145.04122720939
1.025	0.000877627	2	0.00000123065	8.56221463414634E-04	1167.9221354858
1.05	0.000881397	2	0.00000123858	8.39425714285714E-04	1191.29064428402
1.075	0.000884655	2	0.00000123713	8.2293488372093E-04	1215.16297313642
1.1	0.000887477	2	0.00000123637	8.06797272727273E-04	1239.46874116174
1.125	0.000889919	2	0.00000123061	7.91039111111111E-04	1264.15999658396
1.15	0.000892044	2	0.0000012284	7.75690434782609E-04	1289.17407661505
1.175	0.000893896	2	0.00000122702	7.60762553191489E-04	1314.4705871824
1.2	0.000895547	2	0.00000122897	7.46289166666667E-04	1339.96317334545
1.225	0.000897002	2	0.00000122911	7.32246530612245E-04	1365.66027723461
1.25	0.000898323	2	0.00000122461	0.0007186584	1391.48168309172
1.275	0.000899528	2	0.00000122976	7.05512156862745E-04	1417.41001947688
1.3	0.000900609	2	0.0000012308	6.92776153846154E-04	1443.46769796882
1.325	0.000901626	2	0.00000123254	6.80472452830189E-04	1469.56720414008
1.35	0.000902575	2	0.00000122989	6.68574074074074E-04	1495.72057723735
1.375	0.000903483	2	0.00000122699	6.57078545454545E-04	1521.88807094323
1.4	0.000904332	2	0.00000122258	6.45951428571429E-04	1548.10401489718
1.425	0.000905139	2	0.00000122532	6.35185263157895E-04	1574.34383006367
1.45	0.000905932	2	0.00000123384	6.24780689655172E-04	1600.56163155734
1.475	0.00090668	2	0.00000123309	6.14698305084746E-04	1626.81431155424
1.5	0.000907421	2	0.00000123286	6.04947333333333E-04	1653.03646267829
1.525	0.000908128	2	0.00000123526	5.95493770491803E-04	1679.27869199056
1.55	0.000908783	2	0.00000123248	5.86311612903226E-04	1705.57767915993
1.575	0.000909458	2	0.00000123502	5.77433650793651E-04	1731.80069887779
1.6	0.000910112	2	0.00000123384	0.00056882	1758.02538588657
1.625	0.000910733	2	0.00000123229	5.60451076923077E-04	1784.2770603459
1.65	0.000911349	2	0.00000123387	5.52332727272727E-04	1810.50289186689
1.675	0.000911938	2	0.00000123275	5.44440597014925E-04	1836.74767363571
1.7	0.000912533	2	0.00000123382	5.36784117647059E-04	1862.94632632464
1.725	0.00091313	2	0.00000123248	5.29350724637681E-04	1889.10669893662
1.75	0.000913703	2	0.00000123166	0.000522116	1915.28319377303
1.775	0.000914269	2	0.0000012351	5.15081126760563E-04	1941.44174198185
1.8	0.000914838	2	0.00000123089	5.08243333333333E-04	1967.56146989959
1.825	0.000915368	2	0.00000123739	5.01571506849315E-04	1993.73366777078
1.85	0.000915902	2	0.00000123814	4.95082162162162E-04	2019.86675430341
1.875	0.000916434	2	0.0000012371	0.0004887648	2045.97385081741
1.9	0.000916953	2	0.00000123734	4.82606842105263E-04	2072.08003027418
1.925	0.000917467	2	0.00000123649	4.76606233766234E-04	2098.16810849873
1.95	0.000917968	2	0.00000123573	4.70752820512821E-04	2124.25705471215
1.975	0.000918466	2	0.00000123356	4.65046075949367E-04	2150.32456291251
2	0.000918962	2	0.0000012345	0.000459481	2176.36855495657
2.025	0.000919479	2	0.00000123299	4.54063703703704E-04	2202.33414792507
2.05	0.000919952	2	0.00000123254	4.48757073170732E-04	2228.37713271997
2.075	0.000920431	2	0.00000123228	4.43581204819277E-04	2254.37865521696
2.1	0.000920906	2	0.00000123344	4.38526666666667E-04	2280.36303379498
2.125	0.000921371	2	0.0000012248	4.33586352941176E-04	2306.34565229424
2.15	0.000921809	2	0.00000123071	4.28748372093023E-04	2332.37037173644
2.175	0.000922275	2	0.00000123431	4.24034482758621E-04	2358.29877205823
2.2	0.000922708	2	0.00000123338	4.19412727272727E-04	2384.28625307248
2.225	0.000923155	2	0.0000012316	4.14901123595506E-04	2410.21280283376
2.25	0.000923594	2	0.00000123265	4.10486222222222E-04	2436.13535817686
2.275	0.000924026	2	0.00000123109	4.06165274725275E-04	2462.0519336036
2.3	0.000924458	2	0.00000123417	4.01938260869565E-04	2487.9442873554
2.325	0.000924889	2	0.00000123708	3.97801720430108E-04	2513.81517133407
2.35	0.000925292	2	0.00000123762	3.93741276595745E-04	2539.73880677667
2.375	0.000925696	2	0.00000123746	3.89766736842105E-04	2565.63709900442
2.4	0.000926127	2	0.00000123661	0.00038588625	2591.4372434882
2.425	0.000926525	2	0.00000123742	3.82072164948454E-04	2617.3066026281
2.45	0.000926926	2	0.00000123594	3.78337142857143E-04	2643.1451917413
2.475	0.000927341	2	0.00000123426	3.74683232323232E-04	2668.92114119833
2.5	0.00092773	2	0.00000123453	0.000371092	2694.74954997683
2.525	0.000928119	2	0.00000123338	3.67571881188119E-04	2720.55630797344
2.55	0.000928507	2	0.00000123184	3.64120392156863E-04	2746.34440020377
2.575	0.000928887	2	0.000001235	3.60732815533981E-04	2772.13482371914
2.6	0.000929269	2	0.00000123204	3.57411153846154E-04	2797.89813283344
2.625	0.000929644	2	0.00000122458	3.54150095238095E-04	2823.66153065044
2.65	0.000930033	2	0.00000123288	3.50955849056604E-04	2849.36125922413
2.675	0.000930392	2	0.00000123427	3.47810093457944E-04	2875.13220234052
2.7	0.000930769	2	0.00000123028	3.44729259259259E-04	2900.82716549434
2.725	0.000931128	2	0.00000123264	3.41698348623853E-04	2926.55789536992
2.75	0.000931507	2	0.0000012347	3.38729818181818E-04	2952.2054047903
2.775	0.000931863	2	0.00000122857	3.35806486486487E-04	2977.90555049401
2.8	0.000932225	2	0.00000123232	0.0003329375	3003.5667354984
2.825	0.00093257	2	0.00000122969	3.30113274336283E-04	3029.26321884684
2.85	0.000932927	2	0.00000122806	3.27342807017544E-04	3054.90140171739
2.875	0.000933288	2	0.00000123874	3.24621913043478E-04	3080.50676747156
2.9	0.000933633	2	0.00000123838	3.21942413793103E-04	3106.14556254974
2.925	0.000933967	2	0.00000124282	3.19304957264957E-04	3131.80230136611
2.95	0.000934303	2	0.0000012429	3.16712881355932E-04	3157.43393738434
2.975	0.000934633	2	0.00000123115	3.14162352941176E-04	3183.06757839708
3	0.000934986	2	0.00000123795	0.000311662	3208.60419300396
3.025	0.000935312	2	0.0000012374	3.09194049586777E-04	3234.21489299827
3.05	0.000935642	2	0.0000012345	3.06767868852459E-04	3259.79381002563
3.075	0.000935974	2	0.00000123444	3.04381788617886E-04	3285.34766991391
3.1	0.000936303	2	0.000001232	3.02033225806452E-04	3310.89401614648
3.125	0.000936611	2	0.00000123075	0.00029971552	3336.49722243279
3.15	0.000936927	2	0.00000122369	2.97437142857143E-04	3362.05488794751
3.175	0.000937258	2	0.00000123512	2.9519937007874E-04	3387.54110394363
3.2	0.000937577	2	0.00000123475	0.0002929928125	3413.05300791295
3.225	0.000937907	2	0.00000123142	2.90823875968992E-04	3438.50722939481
3.25	0.00093821	2	0.0000012337	0.00028868	3464.04323125953
3.275	0.000938538	2	0.00000123198	2.86576488549618E-04	3489.46979237921
3.3	0.000938838	2	0.00000123499	2.84496363636364E-04	3514.98341566916
3.325	0.000939148	2	0.00000122318	2.82450526315789E-04	3540.44303986166
3.35	0.000939455	2	0.00000122423	2.80434328358209E-04	3565.89724893688
3.375	0.000939773	2	0.00000123544	2.78451259259259E-04	3591.29279091866
3.4	0.000940065	2	0.00000123482	2.76489705882353E-04	3616.77118071623
3.425	0.00094037	2	0.00000123267	2.74560583941606E-04	3642.18339589736
3.45	0.000940672	2	0.00000123717	2.72658550724638E-04	3667.59082868417
3.475	0.000940967	2	0.00000123212	2.70781870503597E-04	3693.00942541024
3.5	0.000941274	2	0.00000123682	2.68935428571429E-04	3718.36468445957
3.525	0.000941562	2	0.00000123392	2.67109787234043E-04	3743.77895454574
3.55	0.000941865	2	0.00000123137	2.65314084507042E-04	3769.11765486561
3.575	0.000942136	2	0.00000123337	2.63534545454545E-04	3794.56893696876
3.6	0.000942425	2	0.00000123256	2.61784722222222E-04	3819.93262063294
3.625	0.000942712	2	0.00000123245	2.60058482758621E-04	3845.28891114147
3.65	0.000942996	2	0.00000123387	2.58355068493151E-04	3870.64208119653
3.675	0.000943278	2	0.00000123276	2.56674285714286E-04	3895.98824524689
3.7	0.000943579	2	0.00000123413	2.55021351351351E-04	3921.24029890449
3.725	0.000943856	2	0.00000123231	2.53384161073826E-04	3946.57659642996
3.75	0.000944142	2	0.00000123509	0.0002517712	3971.86016510228
3.775	0.000944415	2	0.00000123356	2.50176158940397E-04	3997.18344160141
3.8	0.000944704	2	0.00000123239	2.48606315789474E-04	4022.4239550166
3.825	0.000944977	2	0.00000122352	2.47052810457516E-04	4047.71756349626
3.85	0.000945235	2	0.00000122701	2.45515584415584E-04	4073.06119642205
3.875	0.000945511	2	0.00000122962	2.44002838709677E-04	4098.31297573481
3.9	0.000945782	2	0.00000122884	2.42508205128205E-04	4123.57181676116
3.925	0.000946065	2	0.00000122762	2.41035668789809E-04	4148.76356275732
3.95	0.000946322	2	0.00000122599	2.39575189873418E-04	4174.05491999552
3.975	0.000946612	2	0.00000122959	2.38141383647799E-04	4199.18615018614
4	0.000946862	2	0.00000122784	0.0002367155	4224.48044171167
4.025	0.000947125	2	0.00000122393	2.35310559006211E-04	4249.70304870001
4.05	0.000947408	2	0.00000122312	2.33927901234568E-04	4274.8214074612
4.075	0.000947668	2	0.00000122869	2.32556564417178E-04	4300.02912412364
4.1	0.000947942	2	0.00000123615	2.31205365853659E-04	4325.15913420863
4.125	0.000948208	2	0.00000123313	2.29868606060606E-04	4350.31132409767
4.15	0.000948445	2	0.00000123643	2.28540963855422E-04	4375.5831914344
4.175	0.000948712	2	0.00000123627	2.27236407185629E-04	4400.70326927455
4.2	0.000948964	2	0.00000123426	2.2594380952381E-04	4425.87916928356
4.225	0.000949209	2	0.00000123553	2.24664852071006E-04	4451.07452626345
4.25	0.000949476	2	0.00000123523	2.23406117647059E-04	4476.15316237588
4.275	0.000949728	2	0.00000123366	2.22158596491228E-04	4501.28879005357
4.3	0.00094997	2	0.0000012368	2.20923255813954E-04	4526.45873027569
4.325	0.000950227	2	0.00000123285	2.19705664739884E-04	4551.54399948644
4.35	0.000950476	2	0.00000123563	2.18500229885057E-04	4576.6542237784
4.375	0.000950734	2	0.00000123647	2.17310628571429E-04	4601.70773318299
4.4	0.000950985	2	0.00000123643	2.16132954545455E-04	4626.78170528452
4.425	0.000951219	2	0.00000123797	2.14964745762712E-04	4651.92558180608
4.45	0.000951468	2	0.0000012324	2.13813033707865E-04	4676.9833562453
4.475	0.000951715	2	0.00000124008	2.1267374301676E-04	4702.03790000158
4.5	0.000951961	2	0.00000123949	2.11546888888889E-04	4727.08440786965
4.525	0.000952207	2	0.00000123588	2.10432486187845E-04	4752.11797434802
4.55	0.000952445	2	0.00000123577	2.09328571428571E-04	4777.17873473009
4.575	0.000952672	2	0.00000123431	2.08234316939891E-04	4802.28242249169
4.6	0.000952924	2	0.00000123789	2.07157391304348E-04	4827.24750347352
4.625	0.000953172	2	0.00000123403	2.06091243243243E-04	4852.21974627874
4.65	0.000953417	2	0.00000123754	2.05035913978495E-04	4877.19434413274
4.675	0.000953641	2	0.00000123441	2.03987379679144E-04	4902.26405953603
4.7	0.000953883	2	0.00000123513	2.02953829787234E-04	4927.22902074992
4.725	0.000954107	2	0.00000122675	2.01927407407407E-04	4952.27474486614
4.75	0.000954358	2	0.00000123017	2.00917473684211E-04	4977.16789716228
4.775	0.000954588	2	0.00000123032	1.99913717277487E-04	5002.15799905299
4.8	0.000954822	2	0.00000122714	0.00019892125	5027.11500153955
4.825	0.00095507	2	0.00000123013	1.97941968911917E-04	5051.98571832431
4.85	0.00095531	2	0.00000122115	1.96971134020619E-04	5076.88603699323
4.875	0.000955542	2	0.00000122215	1.96008615384615E-04	5101.81656065353
4.9	0.000955758	2	0.00000122832	1.95052653061224E-04	5126.82080610364
4.925	0.000955991	2	0.00000122666	1.94109847715736E-04	5151.72213964357
4.95	0.000956219	2	0.00000122719	1.93175555555556E-04	5176.63840605552
4.975	0.000956445	2	0.00000122634	1.92250251256281E-04	5201.55367010126
5	0.000956682	2	0.00000122477	0.0001913364	5226.3970682003
5.025	0.00095691	2	0.00000122359	1.90429850746269E-04	5251.27754961282
5.05	0.000957134	2	0.00000122412	1.89531485148515E-04	5276.16822722837
5.075	0.000957367	2	0.00000122639	1.88643743842365E-04	5300.99742314076
5.1	0.000957577	2	0.00000122867	1.87760196078431E-04	5325.94245684681
5.125	0.000957808	2	0.00000123148	1.86889365853659E-04	5350.75923358335
5.15	0.000958024	2	0.00000123109	1.86024077669903E-04	5375.64820923067
5.175	0.000958245	2	0.00000123351	1.85168115942029E-04	5400.49778501323
5.2	0.000958457	2	0.00000123098	1.84318653846154E-04	5425.38684573226
5.225	0.000958698	2	0.00000123133	1.83482870813397E-04	5450.10003150106
5.25	0.000958921	2	0.00000123132	1.82651619047619E-04	5474.90356348437
5.275	0.00095914	2	0.00000123293	1.81827488151659E-04	5499.71849782096
5.3	0.000959368	2	0.00000123483	1.81012830188679E-04	5524.47027626521
5.325	0.000959615	2	0.00000123399	1.80209389671361E-04	5549.10042048113
5.35	0.000959823	2	0.00000123345	1.79406168224299E-04	5573.94436265853
5.375	0.000960028	2	0.00000123345	1.78609860465116E-04	5598.79503514481
5.4	0.000960266	2	0.00000123472	1.77827037037037E-04	5623.44183799072
5.425	0.000960471	2	0.00000123493	1.7704534562212E-04	5648.27048396047
5.45	0.0009607	2	0.00000123547	1.76275229357798E-04	5672.94680961799
5.475	0.000960919	2	0.00000123589	1.75510319634703E-04	5697.67066735073
5.5	0.000961125	2	0.00000123344	0.00017475	5722.46065808298
5.525	0.000961339	2	0.00000123348	1.73998009049774E-04	5747.19219754946
5.55	0.000961551	2	0.00000123208	1.73252432432432E-04	5771.92473410147
5.575	0.000961773	2	0.00000123216	1.7251533632287E-04	5796.58609671929
5.6	0.000961983	2	0.00000122674	1.71782678571429E-04	5821.30869256525
5.625	0.000962207	2	0.00000122451	1.71059022222222E-04	5845.93543800866
5.65	0.000962431	2	0.00000123282	1.70341769911504E-04	5870.55071999967
5.675	0.000962652	2	0.00000122987	1.69630308370044E-04	5895.17291814695
5.7	0.00096286	2	0.00000123294	1.68922807017544E-04	5919.86373927674
5.725	0.000963088	2	0.00000123514	1.68224978165939E-04	5944.42044756035
5.75	0.000963284	2	0.00000123374	1.67527652173913E-04	5969.16381876996
5.775	0.000963508	2	0.00000123512	1.66841212121212E-04	5993.7229374328
5.8	0.000963708	2	0.00000123393	1.66156551724138E-04	6018.42051741814
5.825	0.000963946	2	0.00000123271	1.65484291845494E-04	6042.86962132734
5.85	0.000964144	2	0.000001231	1.6481094017094E-04	6067.55837302312
5.875	0.000964351	2	0.00000123044	1.6414485106383E-04	6092.1801294342
5.9	0.000964568	2	0.00000123336	1.63486101694915E-04	6116.72790306127
5.925	0.000964787	2	0.00000122992	1.62833248945148E-04	6141.25190326984
5.95	0.000965013	2	0.00000122693	1.62187058823529E-04	6165.7200472947
5.975	0.000965218	2	0.00000123379	1.61542761506276E-04	6190.31141151533
6	0.000965433	2	0.00000122769	0.0001609055	6214.82795802505
6.025	0.000965635	2	0.00000122912	1.60271369294606E-04	6239.41758531951
6.05	0.000965845	2	0.00000122903	1.59643801652893E-04	6263.94504294167
6.075	0.000966042	2	0.00000122878	1.59019259259259E-04	6288.54646071289
6.1	0.000966268	2	0.00000123608	1.58404590163934E-04	6312.94837457103
6.125	0.000966488	2	0.00000123708	1.57793959183673E-04	6337.3782188708
6.15	0.000966689	2	0.00000123359	1.57185203252033E-04	6361.92198318177
6.175	0.000966919	2	0.00000123458	1.56586072874494E-04	6386.26399936292
6.2	0.000967143	2	0.00000123336	1.55990806451613E-04	6410.63420817811
6.225	0.000967344	2	0.00000123543	1.55396626506024E-04	6435.14613208952
6.25	0.00096755	2	0.00000123734	0.000154808	6459.61449020722
6.275	0.000967772	2	0.00000123839	1.54226613545817E-04	6483.96523148014
6.3	0.000967989	2	0.00000123904	1.53649047619048E-04	6508.33842120107
6.325	0.000968201	2	0.00000123665	1.53075256916996E-04	6532.73442188141
6.35	0.000968417	2	0.00000123901	1.52506614173228E-04	6557.09265739862
6.375	0.000968643	2	0.00000123429	0.000151944	6581.37208445217
6.4	0.000968856	2	0.00000123719	0.00015138375	6605.72881831769
6.425	0.000969061	2	0.00000123769	1.50826614785992E-04	6630.12957904611
6.45	0.000969255	2	0.00000123726	1.50272093023256E-04	6654.59553987341
6.475	0.000969488	2	0.0000012349	1.49727876447876E-04	6678.78302774248
6.5	0.000969714	2	0.00000124071	1.49186769230769E-04	6703.00727843467
6.525	0.000969927	2	0.0000012349	1.48647816091954E-04	6727.31040583467
6.55	0.000970132	2	0.00000123495	1.48111755725191E-04	6751.65853718875
6.575	0.000970352	2	0.00000124025	1.47582053231939E-04	6775.89163520042
6.6	0.000970573	2	0.00000124025	1.47056515151515E-04	6800.10674106945
6.625	0.0009708	2	0.0000012375	1.46535849056604E-04	6824.26864441698
6.65	0.000971011	2	0.000001239	1.46016691729323E-04	6848.53209695874
6.675	0.000971226	2	0.00000123552	1.4550202247191E-04	6872.75670132389
6.7	0.000971464	2	0.00000123672	1.44994626865672E-04	6896.80729291049
6.725	0.000971669	2	0.000001228	1.44486096654275E-04	6921.08115006242
6.75	0.000971898	2	0.00000122635	1.43984888888889E-04	6945.17325892223
6.775	0.000972129	2	0.00000123009	1.43487675276753E-04	6969.23967909609
6.8	0.000972349	2	0.00000122961	0.0001429925	6993.37377834502
6.825	0.000972577	2	0.00000122765	1.42502124542125E-04	7017.43923617359
6.85	0.000972798	2	0.00000123862	1.42014306569343E-04	7041.54408212188
6.875	0.000973012	2	0.00000124232	1.41529018181818E-04	7065.6888095933
6.9	0.000973242	2	0.00000123938	1.41049565217391E-04	7089.70636285734
6.925	0.000973454	2	0.00000123262	1.40570974729242E-04	7113.844105628
6.95	0.000973689	2	0.0000012365	1.40099136690647E-04	7137.80272756496
6.975	0.000973913	2	0.00000123809	1.39629103942652E-04	7161.83067686744
7	0.00097415	2	0.0000012374	1.39164285714286E-04	7185.75168095263
7.025	0.00097438	2	0.00000123838	1.38701779359431E-04	7209.71284303865
7.05	0.000974603	2	0.00000123886	1.38241560283688E-04	7233.71465099122
7.075	0.000974849	2	0.00000123692	1.37787844522968E-04	7257.53424376493
7.1	0.000975076	2	0.00000123624	1.37334647887324E-04	7281.48369973212
7.125	0.000975291	2	0.00000123615	1.36882947368421E-04	7305.51189337336
7.15	0.000975537	2	0.00000123541	1.36438741258741E-04	7329.29658229263
7.175	0.000975783	2	0.00000123474	1.35997630662021E-04	7353.06927872283
7.2	0.000976032	2	0.00000122861	0.00013556	7376.80731779286
7.225	0.000976244	2	0.00000123008	1.35120276816609E-04	7400.81373099348
7.25	0.000976485	2	0.00000122982	1.34687586206897E-04	7424.58921540013
7.275	0.000976733	2	0.00000123085	1.3425883161512E-04	7448.2995864786
7.3	0.000976974	2	0.00000123659	1.33832054794521E-04	7472.05145684532
7.325	0.000977211	2	0.00000123837	1.33407645051195E-04	7495.82229426398
7.35	0.000977463	2	0.00000123769	1.32988163265306E-04	7519.46620997419
7.375	0.000977709	2	0.00000123674	1.32570711864407E-04	7543.14422798604
7.4	0.000977946	2	0.0000012372	1.32154864864865E-04	7566.87997087774
7.425	0.000978201	2	0.0000012386	1.31744242424242E-04	7590.46453642963
7.45	0.000978452	2	0.00000123966	1.31335838926174E-04	7614.06793588239
7.475	0.000978702	2	0.00000124086	1.30930033444816E-04	7637.66703245728
7.5	0.000978954	2	0.00000123749	0.0001305272	7661.23842386874
7.525	0.000979224	2	0.00000122882	1.30129435215947E-04	7684.65642181973
7.55	0.00097948	2	0.00000122887	1.29732450331126E-04	7708.1716829338
7.575	0.000979745	2	0.00000123293	1.29339273927393E-04	7731.60363155719
7.6	0.000980013	2	0.00000123131	1.28949078947368E-04	7754.99916837838
7.625	0.000980265	2	0.0000012283	1.28559344262295E-04	7778.50887260078
7.65	0.000980549	2	0.00000122818	1.28176339869281E-04	7801.75187573492
7.675	0.000980811	2	0.00000123028	1.27792964169381E-04	7825.15693645361
7.7	0.000981061	2	0.0000012316	1.27410519480519E-04	7848.64549706899
7.725	0.000981346	2	0.00000123147	1.27035080906149E-04	7871.84132813503
7.75	0.000981616	2	0.00000122842	1.26660129032258E-04	7895.1443334257
7.775	0.000981901	2	0.00000122967	1.26289517684887E-04	7918.3135570694
7.8	0.000982162	2	0.00000123045	1.25918205128205E-04	7941.66339157899
7.825	0.000982445	2	0.00000123043	1.25552076677316E-04	7964.82245825466
7.85	0.000982718	2	0.00000122966	1.25187006369427E-04	7988.04947095708
7.875	0.000983014	2	0.00000123171	1.24827174603175E-04	8011.07613930219
7.9	0.000983306	2	0.00000123074	1.24469113924051E-04	8034.12162643165
7.925	0.000983568	2	0.00000123197	1.2410952681388E-04	8057.39918338132
7.95	0.000983874	2	0.00000122936	1.23757735849057E-04	8080.30296562365
7.975	0.00098417	2	0.00000123242	1.23406896551724E-04	8103.27484072874
8	0.000984471	2	0.00000122983	0.000123058875	8126.19162981947
8.025	0.000984777	2	0.00000122897	1.22713644859813E-04	8149.05303434179
8.05	0.000985078	2	0.00000123212	1.22369937888199E-04	8171.94171426019
8.075	0.000985379	2	0.00000123031	1.22028359133127E-04	8194.81641074145
8.1	0.000985682	2	0.00000124118	1.21689135802469E-04	8217.6604625021
8.125	0.000985998	2	0.00000123657	0.0001213536	8240.3818263323
8.15	0.000986318	2	0.0000012404	1.21020613496932E-04	8263.05512015395
8.175	0.000986628	2	0.00000123902	1.20688440366972E-04	8285.7976866661
8.2	0.00098695	2	0.00000124237	1.20359756097561E-04	8308.42494553929
8.225	0.000987274	2	0.00000124163	1.20033313069909E-04	8331.02056774512
8.25	0.000987595	2	0.00000124203	1.19708484848485E-04	8353.62673970605
8.275	0.000987912	2	0.00000124186	1.19385135951662E-04	8376.25213581777
8.3	0.000988252	2	0.00000124104	1.19066506024096E-04	8398.66754633434
8.325	0.000988593	2	0.00000124079	1.1874990990991E-04	8421.05902024392
8.35	0.000988931	2	0.0000012424	1.18434850299401E-04	8443.46066611321
8.375	0.000989268	2	0.00000124173	1.18121552238806E-04	8465.85556189021
8.4	0.000989615	2	0.00000124017	1.1781130952381E-04	8488.14943184976
8.425	0.000989952	2	0.00000123433	1.17501721068249E-04	8510.51364106543
8.45	0.000990324	2	0.00000124172	1.17198106508876E-04	8532.56106082454
8.475	0.000990673	2	0.00000123963	1.16893569321534E-04	8554.7905312853
8.5	0.000991024	2	0.00000124	1.16591058823529E-04	8576.98703563183
8.525	0.000991399	2	0.00000123629	1.16293137829912E-04	8598.95965196656
8.55	0.000991759	2	0.00000124294	1.15995204678363E-04	8621.04604041909
8.575	0.000992127	2	0.00000123847	1.15699941690962E-04	8643.04670672202
8.6	0.000992486	2	0.00000123989	1.15405348837209E-04	8665.10963378828
8.625	0.000992886	2	0.00000123386	1.15117217391304E-04	8686.79788011917
8.65	0.000993261	2	0.00000123989	1.14827861271676E-04	8708.68784740365
8.675	0.000993648	2	0.00000124127	1.14541556195965E-04	8730.45585559474
8.7	0.000994043	2	0.00000124514	1.14257816091954E-04	8752.13647699345
8.725	0.000994443	2	0.0000012363	1.13976275071633E-04	8773.75576076256
8.75	0.000994837	2	0.00000124109	1.13695657142857E-04	8795.41070547235
8.775	0.000995236	2	0.00000123191	1.13417207977208E-04	8817.00420804714
8.8	0.000995648	2	0.00000124032	1.13141818181818E-04	8838.4649996786
8.825	0.000996057	2	0.00000123634	1.12867648725212E-04	8859.93472261126
8.85	0.000996469	2	0.00000123421	1.12595367231638E-04	8881.36008245113
8.875	0.000996896	2	0.00000123535	1.12326309859155E-04	8902.63377523834
8.9	0.000997328	2	0.00000123355	1.12059325842697E-04	8923.8445125375
8.925	0.000997738	2	0.00000123823	1.1179137254902E-04	8945.23411957849
8.95	0.000998171	2	0.00000123675	1.1152748603352E-04	8966.39954476738
8.975	0.000998638	2	0.00000123934	1.11268857938719E-04	8987.24062172679
9	0.000999062	2	0.00000123699	1.11006888888889E-04	9008.44992603062
9.025	0.000999521	2	0.00000123994	1.10750249307479E-04	9029.32504669737
9.05	0.000999985	2	0.0000012385	1.10495580110497E-04	9050.13575203628
9.075	0.00100168	2	0.00000124339	1.10377961432507E-04	9059.77957032186
9.1	0.00100205	2	0.00000123965	1.10115384615385E-04	9081.38316451275
9.125	0.00100253	2	0.00000123864	1.09866301369863E-04	9101.97201081264
9.15	0.00100298	2	0.00000123183	1.09615300546448E-04	9122.81401423757
9.175	0.00100341	2	0.00000123236	1.0936348773842E-04	9143.8195752484
9.2	0.00100389	2	0.00000123248	1.0911847826087E-04	9164.35067587086
9.225	0.00100435	2	0.00000123535	1.08872628726287E-04	9185.04505401503
9.25	0.00100477	2	0.00000123184	1.08623783783784E-04	9206.08696517611
9.275	0.00100534	2	0.00000122714	1.08392452830189E-04	9225.73457735691
9.3	0.00100585	2	0.0000012312	1.08155913978495E-04	9245.91141820351
9.325	0.00100632	2	0.00000123359	1.07916353887399E-04	9266.43612369823
9.35	0.00100685	2	0.00000123344	1.0768449197861E-04	9286.38824055222
9.375	0.00100738	2	0.00000123104	1.07453866666667E-04	9306.31936310032
9.4	0.00100786	2	0.00000123422	1.0721914893617E-04	9326.6921993134
9.425	0.00100842	2	0.00000123102	1.06994164456233E-04	9346.30411931536
9.45	0.00100895	2	0.00000123163	1.06767195767196E-04	9366.17275385301
9.475	0.00100947	2	0.00000123298	1.0654036939314E-04	9386.11350510664
9.5	0.00101005	2	0.00000123215	1.06321052631579E-04	9405.47497648631
9.525	0.00101061	2	0.00000123305	1.06100787401575E-04	9425.00074212604
9.55	0.00101115	2	0.00000123252	1.05879581151832E-04	9444.69168768234
9.575	0.00101164	2	0.00000123365	1.05654308093995E-04	9464.82938594757
9.6	0.00101227	2	0.0000012355	1.05444791666667E-04	9483.63578887056
9.625	0.00101288	2	0.00000123013	1.05234285714286E-04	9502.60642919201
9.65	0.00101344	2	0.00000123258	1.05019689119171E-04	9522.02399747395
9.675	0.00101404	2	0.00000123467	1.04810335917313E-04	9541.04374580885
9.7	0.00101463	2	0.0000012302	1.04601030927835E-04	9560.13522170643
9.725	0.00101522	2	0.00000123101	1.04392802056555E-04	9579.20450739741
9.75	0.00101588	2	0.0000012279	1.04192820512821E-04	9597.59026656692
9.775	0.00101651	2	0.00000123216	1.03990792838875E-04	9616.23594455539
9.8	0.00101709	2	0.00000123225	1.03784693877551E-04	9635.33217316068
9.825	0.00101773	2	0.00000123283	1.03585750636132E-04	9653.83746180225
9.85	0.00101837	2	0.00000122733	1.03387817258883E-04	9672.31949095123
9.875	0.001019	2	0.00000123834	1.03189873417722E-04	9690.87340529931
9.9	0.00101968	2	0.00000123887	1.0299797979798E-04	9708.92829122862
9.925	0.00102031	2	0.00000123669	1.0280201511335E-04	9727.43577932197
9.95	0.00102099	2	0.00000123595	1.02612060301508E-04	9745.44314831683
9.975	0.00102164	2	0.00000124067	1.02420050125313E-04	9763.71324537019
10	0.00102232	2	0.00000123704	0.000102232	9781.67305735973
