0	3.69906E-11	-20	-0.00000000594386	0	0
-0.1	-3.41177E-11	-20	-0.000000000971782	0.000000000341177	2931029934.60872
-0.2	-0.000000000284994	-20	-0.000000000910437	0.00000000142497	701769160.052492
-0.3	-0.000000000722647	-20	-0.000000000841093	2.40882333333333E-09	415140448.932881
-0.4	-0.00000000138792	-20	-0.000000000811565	0.0000000034698	288201049.051819
-0.5	-0.0000000022602	-20	-0.000000000873697	0.0000000045204	221219361.118485
-0.6	-0.00000000333323	-20	-0.000000000704539	5.55538333333333E-09	180005580.172985
-0.7	-0.00000000453051	-20	-0.000000000825465	6.47215714285714E-09	154507991.37404
-0.8	-0.00000000580176	-20	-0.000000000752258	0.0000000072522	137889192.245112
-0.9	-0.00000000711674	-20	-0.000000000678289	7.90748888888889E-09	126462397.108789
-1	-0.00000000845711	-20	-0.000000000842011	0.00000000845711	118243702.636007
-1.1	-0.0000000098168	-20	-0.000000000777292	8.92436363636364E-09	112052807.432157
-1.2	-0.0000000111858	-20	-0.000000000669003	0.0000000093215	107278871.426273
-1.3	-0.000000012491	-20	-0.000000000835347	9.60846153846154E-09	104074933.952446
-1.4	-0.0000000139191	-20	-0.000000000767767	9.94221428571429E-09	100581215.739523
-1.5	-0.0000000152753	-20	-0.000000000642872	1.01835333333333E-08	98197744.0704929
-1.6	-0.0000000166386	-20	-0.000000000843334	0.000000010399125	96161936.7014052
-1.7	-0.0000000181098	-20	-0.000000000641465	1.06528235294118E-08	93871826.3039901
-1.8	-0.0000000195458	-20	-0.000000000798178	1.08587777777778E-08	92091395.5939383
-1.9	-0.0000000209464	-20	-0.000000000731421	1.10244210526316E-08	90707711.1102624
-2	-0.0000000224011	-20	-0.00000000063237	0.00000001120055	89281329.9346907
-2.1	-0.0000000238996	-20	-0.000000000837052	1.13807619047619E-08	87867579.3737134
-2.2	-0.0000000253439	-20	-0.000000000719953	1.15199545454545E-08	86805898.0662013
-2.3	-0.0000000268458	-20	-0.000000000619149	1.16720869565217E-08	85674481.6693859
-2.4	-0.0000000283752	-20	-0.000000000858986	0.000000011823	84580901.6324114
-2.5	-0.0000000297525	-20	-0.000000000691831	0.000000011901	84026552.3905554
-2.6	-0.0000000313578	-20	-0.00000000086689	1.20606923076923E-08	82913979.9348169
-2.7	-0.0000000328822	-20	-0.000000000636113	1.21785925925926E-08	82111294.256467
-2.8	-0.0000000344409	-20	-0.000000000742459	1.23003214285714E-08	81298688.4779434
-2.9	-0.0000000360889	-20	-0.000000000794351	1.24444482758621E-08	80357118.1166508
-3	-0.0000000376493	-20	-0.000000000601375	1.25497666666667E-08	79682756.3859089
-3.1	-0.0000000393056	-20	-0.000000000672627	1.26792258064516E-08	78869168.7698445
-3.2	-0.0000000412219	-20	-0.000000000867617	1.288184375E-08	77628639.1456968
-3.3	-0.0000000428613	-20	-0.000000000523806	1.29882727272727E-08	76992531.7244227
-3.4	-0.0000000444593	-20	-0.000000000865841	1.30762647058824E-08	76474438.4189585
-3.5	-0.0000000460582	-20	-0.000000000842655	1.31594857142857E-08	75990811.6252915
-3.6	-0.00000004767	-20	-0.000000000481272	1.32416666666667E-08	75519194.4619257
-3.7	-0.0000000493699	-20	-0.000000000733709	1.33432162162162E-08	74944449.9583755
-3.8	-0.0000000508732	-20	-0.000000000819731	1.33876842105263E-08	74695517.4826824
-3.9	-0.0000000525135	-20	-0.000000000714612	0.000000013465	74266617.1555886
-4	-0.0000000544572	-20	-0.000000000718653	0.0000000136143	73452178.9588888
-4.1	-0.0000000560161	-20	-0.00000000054034	1.36624634146341E-08	73193242.6570218
-4.2	-0.000000057627	-20	-0.000000000625956	1.37207142857143E-08	72882502.9933885
-4.3	-0.0000000594541	-20	-0.000000000867701	1.38265348837209E-08	72324700.9037224
-4.4	-0.0000000610794	-20	-0.000000000789273	1.38816818181818E-08	72037380.8518093
-4.5	-0.0000000626921	-20	-0.000000000671387	1.39315777777778E-08	71779378.9010099
-4.6	-0.0000000644216	-20	-0.000000000490499	1.40046956521739E-08	71404622.0522309
-4.7	-0.0000000660057	-20	-0.000000000721192	1.40437659574468E-08	71205971.6054826
-4.8	-0.0000000676115	-20	-0.000000000703621	1.40857291666667E-08	70993839.8053586
-4.9	-0.0000000691942	-20	-0.000000000496292	1.41212653061224E-08	70815183.9316012
-5	-0.0000000708661	-20	-0.000000000860775	0.00000001417322	70555597.1049627
-5.1	-0.0000000725033	-20	-0.000000000854886	1.42163333333333E-08	70341625.829445
-5.2	-0.0000000742323	-20	-0.000000000835049	1.42754423076923E-08	70050368.9094909
-5.3	-0.000000075866	-20	-0.000000000707328	1.43143396226415E-08	69860016.3446076
-5.4	-0.0000000775035	-20	-0.000000000724483	0.0000000143525	69674272.7747779
-5.5	-0.000000078869	-20	-0.000000000650895	1.43398181818182E-08	69735891.1612928
-5.6	-0.000000080449	-20	-0.000000000742865	1.43658928571429E-08	69609317.7043841
-5.7	-0.0000000821802	-20	-0.00000000074842	1.44175789473684E-08	69359772.7919864
-5.8	-0.0000000835334	-20	-0.000000000514197	1.44023103448276E-08	69433304.5225024
-5.9	-0.0000000849903	-20	-0.000000000589395	1.44051355932203E-08	69419686.7171901
-6	-0.0000000866656	-20	-0.00000000070554	1.44442666666667E-08	69231621.3122623
-6.1	-0.0000000880356	-20	-0.000000000921774	1.44320655737705E-08	69290150.8026298
-6.2	-0.0000000895902	-20	-0.000000000585353	1.44500322580645E-08	69203997.7586834
-6.3	-0.0000000908856	-20	-0.000000000636184	1.44262857142857E-08	69317911.7483958
-6.4	-0.0000000923282	-20	-0.000000000621867	1.442628125E-08	69317933.1991743
-6.5	-0.0000000938735	-20	-0.000000000596297	1.44420769230769E-08	69242118.3827172
-6.6	-0.0000000952052	-20	-0.00000000079093	1.44250303030303E-08	69323944.490427
-6.7	-0.000000096608	-20	-0.000000000806415	1.44191044776119E-08	69352434.5809871
-6.8	-0.0000000980688	-20	-0.000000000631869	1.44218823529412E-08	69339076.2403537
-6.9	-0.0000000993822	-20	-0.000000000505197	1.44032173913043E-08	69428931.9415348
-7	-0.000000100008	-20	-0.000000000656617	1.42868571428571E-08	69994400.4479642
-7.1	-0.000000101906	-20	-0.000000000855768	1.43529577464789E-08	69672050.7134025
-7.2	-0.000000103427	-20	-0.000000000643134	1.43648611111111E-08	69614317.3446005
-7.3	-0.000000104624	-20	-0.00000000052141	1.43320547945205E-08	69773665.698119
-7.4	-0.000000106043	-20	-0.000000000587034	1.43301351351351E-08	69783012.5515121
-7.5	-0.000000107409	-20	-0.00000000078671	0.0000000143212	69826550.8476943
-7.6	-0.00000010867	-20	-0.000000000793624	1.42986842105263E-08	69936505.0151836
-7.7	-0.000000109948	-20	-0.000000000689709	1.4278961038961E-08	70033106.5594645
-7.8	-0.000000111331	-20	-0.00000000061053	1.42732051282051E-08	70061348.5911381
-7.9	-0.000000112671	-20	-0.00000000051384	1.42621518987342E-08	70115646.439634
-8	-0.00000011415	-20	-0.00000000085386	0.00000001426875	70083223.8282961
-8.1	-0.000000115286	-20	-0.00000000065068	1.42328395061728E-08	70260048.9218118
-8.2	-0.000000116628	-20	-0.000000000543809	1.42229268292683E-08	70309016.7026786
-8.3	-0.000000117992	-20	-0.000000000535476	1.42159036144578E-08	70343752.1187877
-8.4	-0.000000119024	-20	-0.000000000781429	1.41695238095238E-08	70574001.8819734
-8.5	-0.000000120126	-20	-0.000000000811398	1.41324705882353E-08	70759036.3451709
-8.6	-0.000000121652	-20	-0.000000000804842	1.41455813953488E-08	70693453.4574031
-8.7	-0.000000122755	-20	-0.00000000055697	1.41097701149425E-08	70872876.8685593
-8.8	-0.000000123678	-20	-0.00000000060519	1.40543181818182E-08	71152508.9344912
-8.9	-0.000000124999	-20	-0.000000000718367	1.40448314606742E-08	71200569.6045568
-9	-0.000000126503	-20	-0.000000000822771	1.40558888888889E-08	71144557.836573
-9.1	-0.000000127309	-20	-0.000000000885713	0.00000001399	71479628.3059328
-9.2	-0.00000012865	-20	-0.000000000798237	1.39836956521739E-08	71511853.8670812
-9.3	-0.000000129839	-20	-0.000000000507903	1.39611827956989E-08	71627169.0324171
-9.4	-0.000000130841	-20	-0.000000000681007	1.39192553191489E-08	71842923.8541436
-9.5	-0.000000132209	-20	-0.000000000671792	1.39167368421053E-08	71855925.0883072
-9.6	-0.000000133405	-20	-0.00000000079962	1.38963541666667E-08	71961320.7900753
-9.7	-0.000000134214	-20	-0.000000000435555	1.38364948453608E-08	72272639.2179653
-9.8	-0.000000135664	-20	-0.000000000772583	1.38432653061224E-08	72237292.1335063
-9.9	-0.000000136829	-20	-0.000000000793219	1.38211111111111E-08	72353083.0452609
-10	-0.000000137764	-20	-0.000000000716686	0.0000000137764	72587903.9516855
-10.1	-0.000000138769	-20	-0.000000000454724	1.3739504950495E-08	72782826.1355202
-10.2	-0.00000013984	-20	-0.000000000726247	1.37098039215686E-08	72940503.4324943
-10.3	-0.000000140734	-20	-0.000000000533736	1.36634951456311E-08	73187715.8327057
-10.4	-0.000000141828	-20	-0.00000000062896	1.36373076923077E-08	73328256.7617114
-10.5	-0.000000143028	-20	-0.000000000586534	1.36217142857143E-08	73412199.0099841
-10.6	-0.000000144054	-20	-0.000000000469601	0.00000001359	73583517.2921266
-10.7	-0.000000145113	-20	-0.000000000649285	1.35619626168224E-08	73735640.5008511
-10.8	-0.000000145903	-20	-0.000000000796926	1.3509537037037E-08	74021781.5946211
-10.9	-0.000000146922	-20	-0.000000000608408	1.34790825688073E-08	74189025.4692966
-11	-0.000000147655	-20	-0.000000000532472	1.34231818181818E-08	74497985.1681284
-11.1	-0.000000148826	-20	-0.000000000590074	1.34077477477478E-08	74583742.088076
-11.2	-0.000000149379	-20	-0.000000000547171	1.33374107142857E-08	74977071.7436855
-11.3	-0.000000150222	-20	-0.000000000608361	1.3293982300885E-08	75222004.7662792
-11.4	-0.000000151564	-20	-0.000000000501001	1.32950877192982E-08	75215750.4420575
-11.5	-0.000000152744	-20	-0.000000000818205	1.32820869565217E-08	75289373.0686639
-11.6	-0.00000015328	-20	-0.000000000667679	1.32137931034483E-08	75678496.868476
-11.7	-0.000000154223	-20	-0.000000000580156	1.3181452991453E-08	75864170.7138365
-11.8	-0.000000155068	-20	-0.000000000544035	1.31413559322034E-08	76095648.3607192
-11.9	-0.000000155688	-20	-0.000000000748897	1.3083025210084E-08	76434921.1242999
-12	-0.00000015669	-20	-0.000000000516462	0.0000000130575	76584338.5027762
-12.1	-0.000000157551	-20	-0.000000000827324	1.30207438016529E-08	76800528.0829699
-12.2	-0.000000158102	-20	-0.000000000592613	1.29591803278689E-08	77165374.2520651
-12.3	-0.000000159011	-20	-0.000000000734246	1.29277235772358E-08	77353139.0910063
-12.4	-0.000000159666	-20	-0.00000000063926	1.28762903225806E-08	77662119.6748212
-12.5	-0.000000160611	-20	-0.000000000768602	0.00000001284888	77827795.1074335
-12.6	-0.000000161387	-20	-0.000000000667381	1.28084920634921E-08	78073202.9221684
-12.7	-0.000000161965	-20	-0.000000000854623	1.27531496062992E-08	78412002.5931528
-12.8	-0.00000016288	-20	-0.000000000754786	0.000000012725	78585461.6895874
-12.9	-0.000000163278	-20	-0.000000000496709	1.26572093023256E-08	79006357.2557234
-13	-0.000000164088	-20	-0.000000000536275	1.26221538461538E-08	79225781.2880893
-13.1	-0.000000164794	-20	-0.000000000731051	1.25796946564886E-08	79493185.4315084
-13.2	-0.000000165795	-20	-0.000000000865936	1.25602272727273E-08	79616393.7392563
-13.3	-0.00000016688	-20	-0.000000000618649	1.25473684210526E-08	79697986.5771812
-13.4	-0.000000167364	-20	-0.000000000526762	1.24898507462687E-08	80065008.0065008
-13.5	-0.000000167778	-20	-0.000000000532877	0.000000012428	80463469.5848085
-13.6	-0.000000168676	-20	-0.000000000896788	1.24026470588235E-08	80627949.4415329
-13.7	-0.000000169344	-20	-0.000000000631022	1.23608759124088E-08	80900415.7218443
-13.8	-0.000000169838	-20	-0.000000000491667	1.23071014492754E-08	81253900.7760336
-13.9	-0.000000170468	-20	-0.000000000573421	1.22638848920863E-08	81540230.4244785
-14	-0.0000001712	-20	-0.000000000795567	1.22285714285714E-08	81775700.9345794
-14.1	-0.000000171866	-20	-0.000000000663328	1.21890780141844E-08	82040659.5836291
-14.2	-0.000000172275	-20	-0.000000000698411	1.21320422535211E-08	82426353.2143375
-14.3	-0.000000173175	-20	-0.00000000077374	1.21101398601399E-08	82575429.4788509
-14.4	-0.00000017351	-20	-0.000000000459123	1.20493055555556E-08	82992334.7357501
-14.5	-0.000000173904	-20	-0.000000000509536	1.19933793103448E-08	83379335.7254577
-14.6	-0.000000174538	-20	-0.000000000750327	1.19546575342466E-08	83649405.8600419
-14.7	-0.000000175156	-20	-0.000000000615442	1.19153741496599E-08	83925186.6907214
-14.8	-0.000000175916	-20	-0.000000000573993	1.18862162162162E-08	84131062.5525819
-14.9	-0.000000176759	-20	-0.000000000562227	1.18630201342282E-08	84295566.2795105
-15	-0.000000177276	-20	-0.000000000838411	0.0000000118184	84613822.5140459
-15.1	-0.00000017778	-20	-0.000000000485158	1.17735099337748E-08	84936438.2945213
-15.2	-0.000000178081	-20	-0.00000000054059	1.17158552631579E-08	85354417.3718701
-15.3	-0.000000178703	-20	-0.000000000532353	1.16799346405229E-08	85616917.455219
-15.4	-0.000000179144	-20	-0.000000000739884	1.16327272727273E-08	85964363.8637074
-15.5	-0.000000179674	-20	-0.000000000609803	1.15918709677419E-08	86267350.8687957
-15.6	-0.000000180112	-20	-0.000000000645399	1.1545641025641E-08	86612774.2737852
-15.7	-0.000000180715	-20	-0.000000000486338	1.15105095541401E-08	86877126.9678776
-15.8	-0.000000180907	-20	-0.000000000660622	1.14498101265823E-08	87337692.8477063
-15.9	-0.000000181504	-20	-0.00000000080483	1.14153459119497E-08	87601375.1763047
-16	-0.000000181855	-20	-0.000000000796962	1.13659375E-08	87982183.6078194
-16.1	-0.000000182394	-20	-0.000000000668573	1.13288198757764E-08	88270447.4927903
-16.2	-0.000000183021	-20	-0.000000000632954	1.12975925925926E-08	88514432.77001
-16.3	-0.000000183221	-20	-0.000000000611103	1.12405521472393E-08	88963601.3339082
-16.4	-0.000000183896	-20	-0.000000000703776	1.12131707317073E-08	89180841.3451081
-16.5	-0.000000184111	-20	-0.00000000070498	1.11582424242424E-08	89619848.8955033
-16.6	-0.000000184263	-20	-0.000000000735378	1.11001807228916E-08	90088623.326441
-16.7	-0.000000184684	-20	-0.000000000609672	1.10589221556886E-08	90424725.477031
-16.8	-0.000000185135	-20	-0.000000000816238	1.10199404761905E-08	90744591.7843736
-16.9	-0.000000185341	-20	-0.000000000444007	1.09669230769231E-08	91183278.389563
-17	-0.000000185788	-20	-0.000000000481784	1.09287058823529E-08	91502142.2266239
-17.1	-0.000000186009	-20	-0.0000000006441	1.08777192982456E-08	91931035.5950519
-17.2	-0.000000186238	-20	-0.000000000890982	1.08277906976744E-08	92354943.6742233
-17.3	-0.000000186543	-20	-0.000000000819778	1.07828323699422E-08	92740011.6863136
-17.4	-0.000000186945	-20	-0.000000000666618	1.07439655172414E-08	93075503.4903314
-17.5	-0.000000187161	-20	-0.000000000543845	1.06949142857143E-08	93502385.6465824
-17.6	-0.000000187313	-20	-0.000000000661564	1.06427840909091E-08	93960376.4821449
-17.7	-0.000000187902	-20	-0.000000000682843	1.06159322033898E-08	94198039.4035188
-17.8	-0.000000187948	-20	-0.000000000536478	1.05588764044944E-08	94707046.6299189
-17.9	-0.000000188213	-20	-0.000000000470233	1.05146927374302E-08	95105014.0000956
-18	-0.000000188618	-20	-0.000000000558031	1.04787777777778E-08	95430976.8951001
-18.1	-0.000000188576	-20	-0.000000000724769	1.04185635359116E-08	95982521.6358391
-18.2	-0.000000189023	-20	-0.000000000532949	1.03858791208791E-08	96284579.1252916
-18.3	-0.000000189176	-20	-0.000000000675511	1.03374863387978E-08	96735315.2619783
-18.4	-0.000000189407	-20	-0.000000000953615	1.02938586956522E-08	97145300.8600527
-18.5	-0.000000189429	-20	-0.00000000060389	1.02394054054054E-08	97661920.8252168
-18.6	-0.000000189734	-20	-0.000000000589395	1.0200752688172E-08	98031981.6163682
-18.7	-0.000000189615	-20	-0.000000000474298	1.01398395721925E-08	98620889.697545
-18.8	-0.000000190069	-20	-0.000000000653434	1.01100531914894E-08	98911447.9478505
-18.9	-0.00000019035	-20	-0.000000000684869	1.00714285714286E-08	99290780.141844
-19	-0.000000190408	-20	-0.000000000444722	1.00214736842105E-08	99785723.2889374
-19.1	-0.000000190615	-20	-0.000000000771499	9.97984293193717E-09	100201977.808672
-19.2	-0.000000190633	-20	-0.000000000673306	9.92880208333334E-09	100717084.660054
-19.3	-0.000000190834	-20	-0.000000000845408	9.88777202072539E-09	101135017.868933
-19.4	-0.000000190939	-20	-0.000000000395048	9.84221649484536E-09	101603129.79538
-19.5	-0.00000019093	-20	-0.000000000568545	9.79128205128205E-09	102131671.293144
-19.6	-0.000000191037	-20	-0.000000000535166	9.74678571428571E-09	102597926.056209
-19.7	-0.0000001911	-20	-0.000000000610232	9.7005076142132E-09	103087388.801675
-19.8	-0.000000191024	-20	-0.000000000859094	9.64767676767677E-09	103651897.143814
-19.9	-0.000000191296	-20	-0.000000000675845	9.61286432160804E-09	104027266.644363
-20	-0.000000191474	-20	-0.000000000606549	0.0000000095737	104452823.882094
-20.1	-0.000000191499	-20	-0.000000000585067	9.52731343283582E-09	104961383.610358
-20.2	-0.000000191804	-20	-0.000000000471818	9.49524752475247E-09	105315843.256658
-20.3	-0.00000019163	-20	-0.000000000509203	9.43990147783251E-09	105933308.980849
-20.4	-0.000000191845	-20	-0.000000000429976	9.40416666666667E-09	106335844.040762
-20.5	-0.000000191977	-20	-0.000000000515997	9.36473170731707E-09	106783625.121759
-20.6	-0.000000191997	-20	-0.000000000624502	9.3202427184466E-09	107293343.125153
-20.7	-0.000000192072	-20	-0.000000000893867	9.27884057971015E-09	107772085.46795
-20.8	-0.000000192316	-20	-0.000000000592327	9.24596153846154E-09	108155327.689844
-20.9	-0.000000192326	-20	-0.000000000644982	9.2022009569378E-09	108669654.648877
-21	-0.000000192353	-20	-0.000000000721848	9.15966666666667E-09	109174278.539976
-21.1	-0.000000192516	-20	-0.000000000602293	9.12398104265403E-09	109601279.893619
-21.2	-0.000000192636	-20	-0.000000000464189	9.08660377358491E-09	110052119.022405
-21.3	-0.000000192728	-20	-0.00000000077759	9.04826291079812E-09	110518450.87377
-21.4	-0.000000192907	-20	-0.000000000414813	9.01434579439252E-09	110934284.396108
-21.5	-0.000000192667	-20	-0.000000000845361	8.96125581395349E-09	111591502.436847
-21.6	-0.000000192845	-20	-0.000000000680316	8.92800925925926E-09	112007052.295885
-21.7	-0.000000192839	-20	-0.000000000684416	8.88658986175115E-09	112529104.589839
-21.8	-0.000000192973	-20	-0.00000000080651	8.85197247706422E-09	112969171.853057
-21.9	-0.000000193025	-20	-0.000000000837684	8.81392694063927E-09	113456806.113198
-22	-0.000000193016	-20	-0.000000000488472	8.77345454545455E-09	113980188.170929
-22.1	-0.000000193239	-20	-0.000000000451279	8.74384615384615E-09	114366147.620304
-22.2	-0.000000193379	-20	-0.000000000764978	8.71076576576577E-09	114800469.544263
-22.3	-0.000000193339	-20	-0.000000000641215	8.66991031390134E-09	115341446.888626
-22.4	-0.000000193467	-20	-0.000000000658071	8.63691964285714E-09	115782019.672606
-22.5	-0.000000193596	-20	-0.000000000942528	8.60426666666667E-09	116221409.533255
-22.6	-0.000000193787	-20	-0.00000000061363	8.57464601769911E-09	116622890.080346
-22.7	-0.000000193729	-20	-0.000000000498474	8.53431718061674E-09	117173990.471225
-22.8	-0.000000193933	-20	-0.000000000689304	8.50583333333333E-09	117566376.016459
-22.9	-0.000000193919	-20	-0.000000000309479	8.46807860262009E-09	118090542.958658
-23	-0.000000193761	-20	-0.000000000864553	8.42439130434783E-09	118702938.155769
-23.1	-0.000000194219	-20	-0.000000000653005	8.40774891774892E-09	118937899.999485
-23.2	-0.000000194408	-20	-0.000000000746489	8.37965517241379E-09	119336652.812641
-23.3	-0.000000194359	-20	-0.000000000559866	8.34158798283262E-09	119881250.675297
-23.4	-0.000000194428	-20	-0.000000000752127	8.30888888888889E-09	120353035.571008
-23.5	-0.000000194632	-20	-0.000000000457561	8.28221276595745E-09	120740679.847096
-23.6	-0.000000194553	-20	-0.000000000774241	8.24377118644068E-09	121303706.44503
-23.7	-0.000000194718	-20	-0.000000000903833	8.21594936708861E-09	121714479.40098
-23.8	-0.00000019481	-20	-0.00000000078963	8.18529411764706E-09	122170319.798778
-23.9	-0.000000194904	-20	-0.000000000474751	8.15497907949791E-09	122624471.534704
-24	-0.000000194862	-20	-0.000000000620425	0.00000000811925	123164085.352711
-24.1	-0.000000194908	-20	-0.000000000563741	8.08746887966805E-09	123648080.119851
-24.2	-0.000000194576	-20	-0.000000000485146	8.0403305785124E-09	124372995.641806
-24.3	-0.000000194697	-20	-0.000000000862229	8.01222222222222E-09	124809319.095826
-24.4	-0.0000001946	-20	-0.00000000089916	7.97540983606557E-09	125385405.960946
-24.5	-0.000000194887	-20	-0.000000000672257	7.95457142857143E-09	125713875.219999
-24.6	-0.000000194888	-20	-0.000000000659502	7.92227642276423E-09	126226345.38812
-24.7	-0.000000194906	-20	-0.000000000669789	7.89093117408907E-09	126727755.943891
-24.8	-0.000000194902	-20	-0.000000000536704	7.85895161290323E-09	127243435.162287
-24.9	-0.000000194871	-20	-0.000000000523305	7.82614457831325E-09	127776836.984467
-25	-0.000000194882	-20	-0.000000000651836	0.00000000779528	128282755.718845
-25.1	-0.000000195241	-20	-0.000000000803256	7.77852589641434E-09	128559062.901747
-25.2	-0.000000195036	-20	-0.000000000355351	7.73952380952381E-09	129206915.646342
-25.3	-0.000000195441	-20	-0.000000000623083	7.72494071146245E-09	129450831.708802
-25.4	-0.000000195509	-20	-0.000000000818241	7.69720472440945E-09	129917292.81005
-25.5	-0.000000195587	-20	-0.000000000847614	7.67007843137255E-09	130376763.281813
-25.6	-0.000000195715	-20	-0.000000000674677	7.6451171875E-09	130802442.326853
-25.7	-0.000000195666	-20	-0.000000000828636	7.61346303501946E-09	131346273.75221
-25.8	-0.000000195712	-20	-0.000000000582802	7.58573643410853E-09	131826357.096141
-25.9	-0.000000195677	-20	-0.00000000071584	7.55509652509653E-09	132360982.639758
-26	-0.000000195775	-20	-0.000000000815332	7.52980769230769E-09	132805516.536841
-26.1	-0.000000195688	-20	-0.000000000527489	7.4976245210728E-09	133375577.449818
-26.2	-0.000000195781	-20	-0.000000000669861	7.4725572519084E-09	133822996.102788
-26.3	-0.000000196108	-20	-0.000000000851679	7.45657794676806E-09	134109776.245742
-26.4	-0.000000196278	-20	-0.00000000046277	7.43477272727273E-09	134503102.742029
-26.5	-0.00000019603	-20	-0.00000000062741	7.39735849056604E-09	135183390.297403
-26.6	-0.000000196052	-20	-0.00000000088104	7.37037593984962E-09	135678289.433416
-26.7	-0.000000195985	-20	-0.000000000689101	7.34026217228465E-09	136234915.937444
-26.8	-0.000000196317	-20	-0.000000000699997	7.32526119402985E-09	136513903.533571
-26.9	-0.00000019633	-20	-0.0000000005077	7.29851301115242E-09	137014210.767585
-27	-0.00000019647	-20	-0.000000000650275	7.27666666666667E-09	137425561.154375
-27.1	-0.000000196741	-20	-0.000000000657761	7.25981549815498E-09	137744547.399881
-27.2	-0.000000196606	-20	-0.000000000601923	7.22816176470588E-09	138347761.512873
-27.3	-0.000000196643	-20	-0.000000000583231	7.20304029304029E-09	138830266.015063
-27.4	-0.000000196879	-20	-0.000000000674832	7.18536496350365E-09	139171775.557576
-27.5	-0.000000196959	-20	-0.000000000551844	7.16214545454546E-09	139622967.216527
-27.6	-0.000000196756	-20	-0.000000000592923	7.12884057971014E-09	140275264.794975
-27.7	-0.000000197036	-20	-0.000000000834453	7.11321299638989E-09	140583446.679795
-27.8	-0.000000197128	-20	-0.000000000712073	7.09093525179856E-09	141025120.733736
-27.9	-0.000000197072	-20	-0.00000000038259	7.06351254480287E-09	141572623.203702
-28	-0.000000196692	-20	-0.000000000929761	7.02471428571429E-09	142354544.160413
-28.1	-0.000000196863	-20	-0.000000000591338	7.00580071174377E-09	142738859.003469
-28.2	-0.000000196711	-20	-0.000000000747514	6.97556737588653E-09	143357514.323042
-28.3	-0.000000196915	-20	-0.000000000579822	6.95812720848057E-09	143716832.135693
-28.4	-0.000000196998	-20	-0.000000000511527	6.93654929577465E-09	144163900.141118
-28.5	-0.000000196745	-20	-0.000000000670457	6.90333333333333E-09	144857556.735876
-28.6	-0.000000196274	-20	-0.000000000560927	6.86272727272727E-09	145714664.193933
-28.7	-0.00000019686	-20	-0.000000000917792	6.85923344947735E-09	145788885.502387
-28.8	-0.000000196725	-20	-0.000000000600088	6.83072916666667E-09	146397255.051468
-28.9	-0.000000197237	-20	-0.000000000337601	6.82480968858132E-09	146524232.268793
-29	-0.000000197286	-20	-0.000000000514495	6.80296551724138E-09	146994718.327707
-29.1	-0.000000197381	-20	-0.000000000719261	6.78285223367698E-09	147430603.756187
-29.2	-0.000000197254	-20	-0.000000000431943	6.75527397260274E-09	148032486.033236
-29.3	-0.000000196923	-20	-0.000000000621402	6.72092150170648E-09	148789120.62075
-29.4	-0.000000197228	-20	-0.00000000076524	6.70843537414966E-09	149066055.529641
-29.5	-0.000000197553	-20	-0.000000000433123	6.69671186440678E-09	149327016.041265
-29.6	-0.0000001972	-20	-0.00000000076977	6.66216216216216E-09	150101419.878296
-29.7	-0.000000197212	-20	-0.000000000430703	6.64013468013468E-09	150599355.008823
-29.8	-0.000000196787	-20	-0.00000000100873	6.60359060402685E-09	151432767.408416
-29.9	-0.000000197386	-20	-0.000000000686157	6.60153846153846E-09	151479841.528781
-30	-0.00000019683	-20	-0.000000000503647	0.000000006561	152415790.275873
-30.1	-0.000000196899	-20	-0.000000000166595	6.54149501661129E-09	152870253.277061
-30.2	-0.000000196972	-20	-0.000000000478029	6.52225165562914E-09	153321284.243446
-30.3	-0.000000196911	-20	-0.00000000055306	6.49871287128713E-09	153876624.46486
-30.4	-0.000000197041	-20	-0.00000000084151	6.48161184210526E-09	154282611.233195
-30.5	-0.000000197178	-20	-0.000000000624597	6.46485245901639E-09	154682571.077909
-30.6	-0.000000197108	-20	-0.000000000629663	6.44143790849673E-09	155244840.392069
-30.7	-0.000000197284	-20	-0.000000000708866	6.42618892508143E-09	155613227.631232
-30.8	-0.000000197473	-20	-0.000000000737464	6.41146103896104E-09	155970689.663903
-30.9	-0.000000197428	-20	-0.000000000459671	6.38925566343042E-09	156512754.016654
-31	-0.000000197532	-20	-0.00000000056839	0.000000006372	156936597.614564
-31.1	-0.000000197706	-20	-0.000000000692296	6.35710610932476E-09	157304280.092663
-31.2	-0.000000197848	-20	-0.000000000443685	6.34128205128205E-09	157696817.759088
-31.3	-0.000000197942	-20	-0.000000000664103	6.32402555910543E-09	158127128.14865
-31.4	-0.000000197627	-20	-0.000000000394297	6.29385350318471E-09	158885172.572574
-31.5	-0.000000197448	-20	-0.000000000440311	6.26819047619048E-09	159535675.215753
-31.6	-0.000000197476	-20	-0.000000000330901	6.24924050632911E-09	160019445.40096
-31.7	-0.000000197393	-20	-0.000000000793838	6.22690851735016E-09	160593334.110125
-31.8	-0.000000197417	-20	-0.000000000655103	6.20808176100629E-09	161080352.755842
-31.9	-0.000000197476	-20	-0.000000000670767	6.19047021943574E-09	161538617.350969
-32	-0.000000197786	-20	-0.000000000643098	6.1808125E-09	161791026.665184
-32.1	-0.000000197817	-20	-0.000000000766003	6.16252336448598E-09	162271190.039279
-32.2	-0.000000198004	-20	-0.00000000065161	6.14919254658385E-09	162622977.31359
-32.3	-0.000000197725	-20	-0.000000000881243	6.12151702786378E-09	163358199.519535
-32.4	-0.000000197656	-20	-0.000000000686634	6.10049382716049E-09	163921155.947707
-32.5	-0.000000197835	-20	-0.000000000958967	6.08723076923077E-09	164278312.73536
-32.6	-0.000000197778	-20	-0.000000000517881	6.06680981595092E-09	164831275.470477
-32.7	-0.000000197757	-20	-0.000000000630081	6.04761467889908E-09	165354450.158528
-32.8	-0.000000197788	-20	-0.000000000487089	6.03012195121951E-09	165834125.427225
-32.9	-0.00000019784	-20	-0.000000000882113	6.01337386018237E-09	166295996.765063
-33	-0.000000198005	-20	-0.000000000440693	6.00015151515152E-09	166662458.018737
-33.1	-0.000000198171	-20	-0.000000000644445	5.98703927492447E-09	167027466.1782
-33.2	-0.000000197949	-20	-0.000000000541723	5.96231927710843E-09	167719968.274657
-33.3	-0.00000019789	-20	-0.000000000415659	5.94264264264264E-09	168275304.462075
-33.4	-0.00000019808	-20	-0.000000000733626	5.93053892215569E-09	168618739.903069
-33.5	-0.000000198022	-20	-0.000000000593483	5.91110447761194E-09	169173122.178344
-33.6	-0.000000198068	-20	-0.000000000634825	5.89488095238095E-09	169638709.938001
-33.7	-0.0000001982	-20	-0.000000000539434	5.88130563798219E-09	170030272.452069
-33.8	-0.00000019826	-20	-0.000000000550771	5.86568047337278E-09	170483203.873701
-33.9	-0.000000198241	-20	-0.000000000647843	5.84781710914454E-09	171003980.004136
-34	-0.000000198184	-20	-0.00000000075227	5.82894117647059E-09	171557744.318411
-34.1	-0.000000198211	-20	-0.000000000699508	5.81263929618768E-09	172038887.851835
-34.2	-0.000000198159	-20	-0.000000000497711	5.79412280701754E-09	172588678.788246
-34.3	-0.000000198279	-20	-0.000000000468767	5.78072886297376E-09	172988566.615728
-34.4	-0.00000019818	-20	-0.000000000556672	5.76104651162791E-09	173579574.124533
-34.5	-0.000000198054	-20	-0.000000000644505	5.74069565217391E-09	174194916.537914
-34.6	-0.000000198208	-20	-0.000000000627172	5.7285549132948E-09	174564094.284792
-34.7	-0.000000198545	-20	-0.00000000072614	5.72175792507205E-09	174771462.388879
-34.8	-0.00000019847	-20	-0.00000000061202	5.70316091954023E-09	175341361.414823
-34.9	-0.000000198658	-20	-0.000000000418925	5.69220630372493E-09	175678804.780074
-35	-0.000000198573	-20	-0.000000000723338	5.67351428571429E-09	176257597.961455
-35.1	-0.000000198385	-20	-0.000000000530422	5.6519943019943E-09	176928699.246415
-35.2	-0.000000198355	-20	-0.000000000496924	5.63508522727273E-09	177459605.253208
-35.3	-0.00000019828	-20	-0.000000000690401	5.61699716713881E-09	178031067.177728
-35.4	-0.000000198453	-20	-0.000000000572741	5.60601694915254E-09	178379767.501625
-35.5	-0.000000198615	-20	-0.000000000602198	5.59478873239437E-09	178737758.980943
-35.6	-0.00000019848	-20	-0.000000000736761	5.5752808988764E-09	179363160.016123
-35.7	-0.000000198857	-20	-0.00000000064261	5.57022408963585E-09	179525991.038787
-35.8	-0.000000198897	-20	-0.000000000800931	5.55578212290503E-09	179992659.517238
-35.9	-0.000000199017	-20	-0.00000000055871	5.54364902506964E-09	180386600.139687
-36	-0.000000199253	-20	-0.000000000845122	5.53480555555556E-09	180674820.454397
-36.1	-0.000000199139	-20	-0.000000000451946	5.51631578947368E-09	181280412.174411
-36.2	-0.000000199199	-20	-0.000000000598812	5.50273480662983E-09	181727819.918775
-36.3	-0.000000199211	-20	-0.000000000509	5.48790633608815E-09	182218853.376571
-36.4	-0.000000199335	-20	-0.000000000262403	5.47623626373626E-09	182607168.836381
-36.5	-0.000000199291	-20	-0.000000000658667	5.46002739726027E-09	183149264.141381
-36.6	-0.000000199239	-20	-0.000000000773442	5.44368852459016E-09	183698974.598347
-36.7	-0.000000199343	-20	-0.000000000510979	5.431689373297E-09	184104784.21615
-36.8	-0.000000199556	-20	-0.00000000048213	5.42271739130435E-09	184409388.843232
-36.9	-0.000000199272	-20	-0.000000000508654	5.40032520325203E-09	185174033.481874
-37	-0.000000199576	-20	-0.000000000589466	5.39394594594595E-09	185393033.230449
-37.1	-0.000000199549	-20	-0.00000000063746	5.37867924528302E-09	185919247.904024
-37.2	-0.000000199404	-20	-0.000000000606191	5.36032258064516E-09	186555936.69134
-37.3	-0.000000199626	-20	-0.000000000489438	5.35190348525469E-09	186849408.393696
-37.4	-0.000000199708	-20	-0.000000000745296	5.33978609625668E-09	187273419.19202
-37.5	-0.000000199852	-20	-0.000000000544345	5.32938666666667E-09	187638852.751036
-37.6	-0.000000199887	-20	-0.000000000647569	5.31614361702128E-09	188106280.048227
-37.7	-0.000000199668	-20	-0.000000000512934	5.29623342175066E-09	188813430.294289
-37.8	-0.000000199666	-20	-0.000000000575578	5.28216931216931E-09	189316157.983833
-37.9	-0.000000199639	-20	-0.000000000632751	5.26751978891821E-09	189842666.012152
-38	-0.000000199605	-20	-0.000000000692689	5.25276315789474E-09	190375992.585356
-38.1	-0.000000199702	-20	-0.000000000615644	5.24152230971129E-09	190784268.560155
-38.2	-0.000000199749	-20	-0.000000000483131	5.22903141361256E-09	191240006.207791
-38.3	-0.000000199676	-20	-0.000000000581729	5.2134725848564E-09	191810733.388089
-38.4	-0.000000199729	-20	-0.000000000531805	5.20127604166667E-09	192260512.995108
-38.5	-0.000000199787	-20	-0.00000000074054	5.18927272727273E-09	192705231.071091
-38.6	-0.000000199803	-20	-0.000000000510728	5.17624352331606E-09	193190292.438051
-38.7	-0.000000200027	-20	-0.000000000523722	5.16865633074935E-09	193473881.026062
-38.8	-0.000000200023	-20	-0.000000000543642	5.15523195876289E-09	193977692.565355
-38.9	-0.000000199798	-20	-0.000000000412405	5.13619537275064E-09	194696643.610046
-39	-0.000000199659	-20	-0.000000000753283	5.11946153846154E-09	195333042.838039
-39.1	-0.000000199974	-20	-0.000000000642288	5.11442455242967E-09	195525418.30438
-39.2	-0.000000199615	-20	-0.000000000314367	5.0922193877551E-09	196378027.703329
-39.3	-0.000000199743	-20	-0.000000000724804	5.08251908396947E-09	196752827.383187
-39.4	-0.000000199673	-20	-0.000000000544596	5.06784263959391E-09	197322622.487767
-39.5	-0.000000199724	-20	-0.000000000421596	5.05630379746835E-09	197772926.638761
-39.6	-0.000000199855	-20	-0.000000000518048	5.04684343434343E-09	198143654.149258
-39.7	-0.000000199538	-20	-0.000000000633729	5.02614609571788E-09	198959596.668304
-39.8	-0.000000199978	-20	-0.000000000442684	5.02457286432161E-09	199021892.408165
-39.9	-0.000000199747	-20	-0.000000000857329	5.00619047619048E-09	199752687.149244
-40	-0.000000199655	-20	-0.000000000523651	0.000000004991375	200345596.153365
