0	3.7835800000000001e-10	0	0	-0.43044038903446841	-0.094754482531660578	-0.33568590650280783	0	0	0	0
-0.10000000000000001	2.01702e-10	0	0	-0.42972512195059753	-0.094039215447789704	-0.33568590650280783	0	-3606205398.3281002	0	0
-0.20000000000000001	2.0002100000000001e-10	0	0	-0.42779803183930715	-0.092112125336499318	-0.33568590650280783	0	-7212410796.6562099	0	0
-0.29999999999999999	1.7463e-10	0	0	-0.42461622944575877	-0.088930322942950946	-0.33568590650280783	0	-10818616194.984301	0	0
-0.40000000000000002	3.1115999999999999e-10	0	0	-0.42588355704253295	-0.090197650539725116	-0.33568590650280783	0	-14424821593.312401	0	0
-0.5	2.6448999999999998e-10	0	0	-0.42956772115543612	-0.093881814652628293	-0.33568590650280783	0	-18031026991.640499	0	0
-0.59999999999999998	2.1333700000000001e-10	0	0	-0.43813149834898452	-0.10244559184617669	-0.33568590650280783	0	-21637232389.968601	0	0
-0.69999999999999996	2.1770000000000001e-10	0	0	-0.44452761823608133	-0.10884171173327351	-0.33568590650280783	0	-25243437788.2967	0	0
-0.80000000000000004	2.57754e-10	0	0	-0.45557783038124261	-0.11989192387843478	-0.33568590650280783	0	-28849643186.624802	0	0
-0.90000000000000002	1.2308400000000001e-10	0	0	-0.4667710248167265	-0.13108511831391867	-0.33568590650280783	0	-32455848584.9529	0	0
-1	1.25575e-10	0	0	-0.47767813245382329	-0.14199222595101546	-0.33568590650280783	0	-36062053983.280998	0	0
-1.1000000000000001	2.5204400000000002e-10	0	0	-0.49950539182479098	-0.16381948532198315	-0.33568590650280783	0	-39668259381.6091	0	0
-1.2	1.4498199999999999e-10	0	0	-0.49785134196995223	-0.1621654354671444	-0.33568590650280783	0	-43274464779.937202	0	0
-1.3	2.5951899999999999e-10	0	0	-0.49331924583930709	-0.15763333933649926	-0.33568590650280783	0	-46880670178.265297	0	0
-1.3999999999999999	8.5115400000000006e-11	0	0	-0.49243618369414582	-0.15675027719133799	-0.33568590650280783	0	-50486875576.593399	0	0
-1.5	2.58875e-10	0	0	-0.49166139717801677	-0.15597549067520894	-0.33568590650280783	0	-54093080974.921501	0	0
-1.6000000000000001	1.4997700000000001e-10	0	0	-0.49584267721027486	-0.16015677070746703	-0.33568590650280783	0	-57699286373.249702	0	0
-1.7	1.7476100000000001e-10	0	0	-0.49619414414575874	-0.16050823764295091	-0.33568590650280783	0	-61305491771.577797	0	0
-1.8	2.0670899999999999e-10	0	0	-0.49882086403285553	-0.1631349575300477	-0.33568590650280783	0	-64911697169.905899	0	0
-1.8999999999999999	1.1558499999999999e-10	0	0	-0.50198088847962974	-0.16629498197682185	-0.33568590650280788	0	-68517902568.234001	0	0
-2	1.2791199999999999e-10	0	0	-0.49695977494737165	-0.16127386844456382	-0.33568590650280783	0	-72124107966.562103	0	0
-2.1000000000000001	1.3616100000000001e-10	0	0	-0.49587748873769427	-0.16019158223488644	-0.33568590650280783	0	-75730313364.890198	0	0
-2.2000000000000002	4.2629200000000003e-11	0	0	-0.4932885046731782	-0.15760259817037037	-0.33568590650280783	0	-79336518763.218307	0	0
-2.2999999999999998	7.0464600000000001e-11	0	0	-0.49101427204414588	-0.15532836554133805	-0.33568590650280783	0	-82942724161.546402	0	0
-2.3999999999999999	1.9066299999999999e-10	0	0	-0.50437984836511363	-0.1686939418623058	-0.33568590650280783	0	-86548929559.874496	0	0
-2.5	1.3040300000000001e-10	0	0	-0.51040766454253306	-0.17472175803972517	-0.33568590650280788	0	-90155134958.202606	0	0
-2.6000000000000001	1.6697599999999999e-10	0	0	-0.52348374854575874	-0.18779784204295091	-0.33568590650280783	0	-93761340356.530701	0	0
-2.7000000000000002	-1.8203300000000001e-11	0	0	-0.54731662319366192	-0.21163071669085415	-0.33568590650280777	0	-97367545754.858795	0	0
-2.7999999999999998	5.7649599999999998e-11	0	0	-0.56918955215979095	-0.23350364565698317	-0.33568590650280777	0	-100973751153.187	0	0
-2.8999999999999999	9.0205700000000004e-11	0	0	-0.58396155210495237	-0.24827564560214449	-0.33568590650280788	0	-104579956551.515	0	0
-3	2.1984599999999999e-10	0	0	-0.59183453019656529	-0.2561486236937574	-0.33568590650280788	0	-108186161949.843	0	0
-3.1000000000000001	1.9074699999999999e-10	0	0	-0.61239492941108131	-0.27670902290827348	-0.33568590650280783	0	-111792367348.17101	0	0
-3.2000000000000002	-8.6867800000000003e-11	0	0	-0.62444753647882323	-0.2887616299760154	-0.33568590650280783	0	-115398572746.49899	0	0
-3.2999999999999998	1.17195e-10	0	0	-0.6321404395255974	-0.29645453302278962	-0.33568590650280777	0	-119004778144.827	0	0
-3.3999999999999999	-2.5573999999999999e-10	0	0	-0.64276441240301674	-0.30707850590020896	-0.33568590650280777	0	-122610983543.15601	0	0
-3.5	1.91975e-10	0	0	-0.65775683104817806	-0.32207092454537023	-0.33568590650280783	0	-126217188941.48399	0	0
-3.6000000000000001	-3.1418800000000001e-10	0	0	-0.66392362599979093	-0.3282377194969831	-0.33568590650280783	0	-129823394339.812	0	0
-3.7000000000000002	2.0672099999999999e-10	0	0	-0.65948762459656507	-0.3238017180937573	-0.33568590650280777	0	-133429599738.14	0	0
-3.7999999999999998	-4.6600099999999995e-10	0	0	-0.68832972201591991	-0.35264381551311214	-0.33568590650280777	0	-137035805136.468	0	0
-3.8999999999999999	2.0933200000000001e-10	0	0	-0.70798536774172649	-0.37229946123891861	-0.33568590650280788	0	-140642010534.79599	0	0
-4	-5.20957e-10	0	0	-0.7125114024191459	-0.37682549591633802	-0.33568590650280788	0	-144248215933.12399	0	0
-4.0999999999999996	2.5577499999999998e-10	0	0	-0.72551548870140392	-0.38982958219859615	-0.33568590650280777	0	-147854421331.452	0	0
-4.2000000000000002	3.5036799999999998e-10	0	0	-0.73372526131430726	-0.39803935481149938	-0.33568590650280788	0	-151460626729.78	0	0
-4.2999999999999998	-6.9881700000000005e-10	0	0	-0.75989240716914574	-0.42420650066633797	-0.33568590650280777	0	-155066832128.108	0	0
-4.4000000000000004	1.9705300000000001e-10	0	0	-0.79770815155785546	-0.46202224505504769	-0.33568590650280777	0	-158673037526.43701	0	0
-4.5	3.61145e-10	0	0	-0.84517614600946844	-0.5094902395066605	-0.33568590650280794	0	-162279242924.76501	0	0
-4.5999999999999996	4.58956e-10	0	0	-0.90918080854172634	-0.57349490203891862	-0.33568590650280772	0	-165885448323.09299	0	0
-4.7000000000000002	-1.0144400000000001e-09	0	0	-0.98091256339656518	-0.64522665689375724	-0.33568590650280794	0	-169491653721.42099	0	0
-4.7999999999999998	6.0569e-10	0	0	-1.0583960826707586	-0.72271017616795086	-0.33568590650280772	0	-173097859119.74899	0	0
-4.9000000000000004	5.2849100000000001e-10	0	0	-1.1360937157514039	-0.800407809248596	-0.33568590650280794	0	-176704064518.077	0	0
-5	6.9948399999999998e-10	0	0	-1.2163818592352749	-0.88069595273246715	-0.33568590650280772	0	-180310269916.405	0	0
-5.0999999999999996	4.0323700000000002e-10	0	0	-1.2959260708965652	-0.96024016439375748	-0.33568590650280772	0	-183916475314.733	0	0
-5.2000000000000002	6.5816599999999998e-10	0	0	-1.379272485848178	-1.0435865793453702	-0.33568590650280772	0	-187522680713.061	0	0
-5.2999999999999998	9.6019499999999991e-10	0	0	-1.4619424006546295	-1.1262564941518218	-0.33568590650280772	0	-191128886111.38901	0	0
-5.4000000000000004	4.1250000000000002e-10	0	0	-1.5472462007030165	-1.2115602942002088	-0.33568590650280772	0	-194735091509.71799	0	0
-5.5	5.6042699999999997e-10	0	0	-1.6318958684288232	-1.2962099619260155	-0.33568590650280772	0	-198341296908.04599	0	0
-5.5999999999999996	-1.0072100000000001e-09	0	0	-1.719647914703017	-1.3839620082002093	-0.33568590650280772	0	-201947502306.37399	0	0
-5.7000000000000002	-1.13766e-09	0	0	-1.8133407618481781	-1.4776548553453703	-0.33568590650280772	0	-205553707704.702	0	0
-5.7999999999999998	-1.18166e-09	0	0	-1.8966774272997911	-1.5609915207969833	-0.33568590650280772	0	-209159913103.03	0	0
-5.9000000000000004	5.5271399999999998e-10	0	0	-1.9864620463481781	-1.6507761398453704	-0.33568590650280772	0	-212766118501.358	0	0
-6	2.4844400000000001e-10	0	0	-2.0821633223643077	-1.7464774158614997	-0.33568590650280794	0	-216372323899.686	0	0
-6.0999999999999996	1.5830999999999999e-10	0	0	-2.1897368447514038	-1.8540509382485961	-0.33568590650280772	0	-219978529298.01401	0	0
-6.2000000000000002	1.14608e-10	0	0	-2.2865944572191461	-1.9509085507163384	-0.33568590650280772	0	-223584734696.34201	0	0
-6.2999999999999998	7.0655300000000006e-11	0	0	-2.3921226958320494	-2.0564367893292417	-0.33568590650280772	0	-227190940094.67099	0	0
-6.4000000000000004	7.26223e-11	0	0	-2.5054272026223718	-2.1697412961195641	-0.33568590650280772	0	-230797145492.99899	0	0
-6.5	1.40548e-10	0	0	-2.6193174562191461	-2.2836315497163384	-0.33568590650280772	0	-234403350891.327	0	0
-6.5999999999999996	1.1732599999999999e-10	0	0	-2.7266474558320493	-2.3909615493292415	-0.33568590650280772	0	-238009556289.655	0	0
-6.7000000000000002	1.22058e-10	0	0	-2.8426322448804364	-2.5069463383776287	-0.33568590650280772	0	-241615761687.983	0	0
-6.7999999999999998	5.1975299999999999e-11	0	0	-2.9665897054288233	-2.6309037989260156	-0.33568590650280772	0	-245221967086.311	0	0
-6.9000000000000004	1.4233599999999999e-11	0	0	-3.0617213325255976	-2.7260354260227899	-0.33568590650280772	0	-248828172484.63901	0	0
-7	-3.0279199999999999e-12	0	0	-3.1637013951868873	-2.8280154886840796	-0.33568590650280772	0	-252434377882.96701	0	0
-7.0999999999999996	3.8528400000000002e-11	0	0	-3.2828447720901131	-2.9471588655873053	-0.33568590650280772	0	-256040583281.29501	0	0
-7.2000000000000002	5.05447e-11	0	0	-3.395929570154629	-3.0602436636518213	-0.33568590650280772	0	-259646788679.62299	0	0
-7.2999999999999998	-2.8133399999999998e-12	0	0	-3.5049109188643066	-3.1692250123614989	-0.33568590650280772	0	-263252994077.952	0	0
-7.4000000000000004	6.3908100000000004e-11	0	0	-3.6215736471062425	-3.2858877406034348	-0.33568590650280772	0	-266859199476.28	0	0
-7.5	6.1023199999999999e-11	0	0	-3.731691714864307	-3.3960058083614992	-0.33568590650280772	0	-270465404874.608	0	0
-7.5999999999999996	6.2644500000000003e-11	0	0	-3.8307642763159202	-3.4950783698131125	-0.33568590650280772	0	-274071610272.936	0	0
-7.7000000000000002	8.2540499999999998e-11	0	0	-3.9154926824449521	-3.5798067759421444	-0.33568590650280772	0	-277677815671.26398	0	0
-7.7999999999999998	1.4071499999999999e-10	0	0	-3.9898553890578548	-3.654169482555047	-0.33568590650280772	0	-281284021069.59198	0	0
-7.9000000000000004	1.4040499999999999e-10	0	0	-4.0601324097030158	-3.7244465032002081	-0.33568590650280772	0	-284890226467.91998	0	0
-8	9.5939599999999996e-11	0	0	-4.1284289079288223	-3.7927430014260146	-0.33568590650280772	0	-288496431866.24799	0	0
-8.0999999999999996	-7.6889999999999992e-12	0	0	-4.1956814747030169	-3.8599955682002087	-0.33568590650280816	0	-292102637264.57599	0	0
-8.1999999999999993	6.5732000000000006e-11	0	0	-4.2623608638965651	-3.9266749573937569	-0.33568590650280816	0	-295708842662.90399	0	0
-8.3000000000000007	1.10626e-10	0	0	-4.3287176587352754	-3.9930317522324672	-0.33568590650280816	0	-299315048061.23297	0	0
-8.4000000000000004	1.2159299999999999e-10	0	0	-4.3950070595417268	-4.0593211530389182	-0.33568590650280861	0	-302921253459.56097	0	0
-8.5	1.0287799999999999e-10	0	0	-4.4613859348643068	-4.1257000283614982	-0.33568590650280861	0	-306527458857.88898	0	0
-8.5999999999999996	1.5974e-11	0	0	-4.5278504222836622	-4.1921645157808536	-0.33568590650280861	0	-310133664256.21698	0	0
-8.6999999999999993	3.2663299999999999e-12	0	0	-4.5940638364772104	-4.2583779299744018	-0.33568590650280861	0	-313739869654.54498	0	0
-8.8000000000000007	1.03831e-11	0	0	-4.6599914963159197	-4.3243055898131111	-0.33568590650280861	0	-317346075052.87299	0	0
-8.9000000000000004	3.6156199999999998e-11	0	0	-4.725668624380436	-4.3899827178776274	-0.33568590650280861	0	-320952280451.20099	0	0
-9	2.66552e-11	0	0	-4.791579636477211	-4.4558937299744024	-0.33568590650280861	0	-324558485849.52899	0	0
-9.0999999999999996	6.3836599999999998e-11	0	0	-4.85786298131592	-4.5221770748131114	-0.33568590650280861	0	-328164691247.85699	0	0
-9.1999999999999993	3.3605100000000003e-11	0	0	-4.9245651990578549	-4.5888792925550463	-0.33568590650280861	0	-331770896646.185	0	0
-9.3000000000000007	3.7682100000000003e-11	0	0	-4.991414525025597	-4.6557286185227884	-0.33568590650280861	0	-335377102044.51398	0	0
-9.4000000000000004	5.1498400000000002e-12	0	0	-5.0582191374449517	-4.7225332309421431	-0.33568590650280861	0	-338983307442.84198	0	0
-9.5	8.9383099999999999e-11	0	0	-5.124752134219146	-4.7890662277163374	-0.33568590650280861	0	-342589512841.16998	0	0
-9.5999999999999996	1.26123e-11	0	0	-5.1909732519610818	-4.8552873454582732	-0.33568590650280861	0	-346195718239.49799	0	0
-9.6999999999999993	1.04427e-11	0	0	-5.2569743597030163	-4.9212884532002077	-0.33568590650280861	0	-349801923637.82599	0	0
-9.8000000000000007	1.0757400000000001e-10	0	0	-5.3227016556707598	-4.9870157491679512	-0.33568590650280861	0	-353408129036.15399	0	0
-9.9000000000000004	2.8169200000000002e-11	0	0	-5.3881686926062429	-5.0524827861034343	-0.33568590650280861	0	-357014334434.48199	0	0
-10	5.5444199999999999e-11	0	0	-5.4533973614772107	-5.1177114549744021	-0.33568590650280861	0	-360620539832.81	0	0
-10.1	3.0517599999999999e-12	0	0	-5.5183200630901137	-5.1826341565873051	-0.33568590650280861	0	-364226745231.138	0	0
-10.199999999999999	6.5147900000000005e-11	0	0	-5.5829794043804366	-5.247293497877628	-0.33568590650280861	0	-367832950629.46698	0	0
-10.300000000000001	7.8034399999999995e-11	0	0	-5.6473992090578555	-5.3117133025550469	-0.33568590650280861	0	-371439156027.79498	0	0
-10.4	1.8715900000000001e-12	0	0	-5.7115308427675329	-5.3758449362647243	-0.33568590650280861	0	-375045361426.12299	0	0
-10.5	8.6677099999999998e-11	0	0	-5.7753404017997907	-5.4396544952969821	-0.33568590650280861	0	-378651566824.45099	0	0
-10.6	1.44875e-10	0	0	-5.8385894369610813	-5.5029035304582727	-0.33568590650280861	0	-382257772222.77899	0	0
-10.699999999999999	-1.3864e-11	0	0	-5.9012511788965654	-5.5655652723937568	-0.33568590650280861	0	-385863977621.10699	0	0
-10.800000000000001	-1.31488e-11	0	0	-5.9631097100255968	-5.6274238035227881	-0.33568590650280861	0	-389470183019.435	0	0
-10.9	5.0878500000000003e-11	0	0	-6.0238139151868877	-5.6881280086840791	-0.33568590650280861	0	-393076388417.763	0	0
-11	1.01042e-10	0	0	-6.0833971606707573	-5.7477112541679487	-0.33568590650280861	0	-396682593816.091	0	0
-11.1	6.1631200000000001e-12	0	0	-6.1421528979288231	-5.8064669914260145	-0.33568590650280861	0	-400288799214.41901	0	0
-11.199999999999999	9.6154200000000006e-11	0	0	-6.2006753685739842	-5.8649894620711756	-0.33568590650280861	0	-403895004612.74799	0	0
-11.300000000000001	-4.63605e-11	0	0	-6.2591005411546297	-5.9234146346518211	-0.33568590650280861	0	-407501210011.07599	0	0
-11.4	4.9710300000000001e-11	0	0	-6.3173496840578558	-5.9816637775550472	-0.33568590650280861	0	-411107415409.40399	0	0
-11.5	6.3264400000000003e-11	0	0	-6.375087649864307	-6.0394017433614984	-0.33568590650280861	0	-414713620807.73199	0	0
-11.6	-3.4964100000000003e-11	0	0	-6.4320885847030169	-6.0964026782002083	-0.33568590650280861	0	-418319826206.06	0	0
-11.699999999999999	-5.7995300000000001e-11	0	0	-6.4884245161546295	-6.1527386096518208	-0.33568590650280861	0	-421926031604.388	0	0
-11.800000000000001	-2.8395699999999999e-11	0	0	-6.5446737200255969	-6.2089878135227883	-0.33568590650280861	0	-425532237002.716	0	0
-11.9	-3.5286e-11	0	0	-6.6009624403481775	-6.2652765338453689	-0.33568590650280861	0	-429138442401.04401	0	0
-12	1.4201399999999999e-10	0	0	-6.6573674143804356	-6.3216815078776269	-0.33568590650280861	0	-432744647799.37201	0	0
-12.1	5.47051e-11	0	0	-6.7133739745417254	-6.3776880680389167	-0.33568590650280861	0	-436350853197.70099	0	0
-12.199999999999999	-7.7545599999999999e-11	0	0	-6.7688108609933382	-6.4331249544905296	-0.33568590650280861	0	-439957058596.02899	0	0
-12.300000000000001	-4.7850599999999999e-11	0	0	-6.8237711171223703	-6.4880852106195617	-0.33568590650280861	0	-443563263994.35699	0	0
-12.4	2.9265899999999998e-11	0	0	-6.8779630408320482	-6.5422771343292396	-0.33568590650280861	0	-447169469392.685	0	0
-12.5	-2.2554399999999999e-11	0	0	-6.9313544192191445	-6.5956685127163359	-0.33568590650280861	0	-450775674791.013	0	0
-12.6	6.1511999999999999e-12	0	0	-6.9836413090578544	-6.6479554025550458	-0.33568590650280861	0	-454381880189.341	0	0
-12.699999999999999	1.35982e-10	0	0	-7.0346089545417252	-6.6989230480389166	-0.33568590650280861	0	-457988085587.66901	0	0
-12.800000000000001	1.20437e-10	0	0	-7.0842892411546288	-6.7486033346518202	-0.33568590650280861	0	-461594290985.99701	0	0
-12.9	-1.18136e-11	0	0	-7.1326638438965633	-6.7969779373937547	-0.33568590650280861	0	-465200496384.32501	0	0
-13	-1.0466600000000001e-11	0	0	-7.1797555917997897	-6.8440696852969811	-0.33568590650280861	0	-468806701782.65399	0	0
-13.1	-2.9408899999999997e-11	0	0	-7.2255138751868859	-6.8898279686840773	-0.33568590650280861	0	-472412907180.98199	0	0
-13.199999999999999	1.69384e-10	0	0	-7.2698225188965635	-6.9341366123937549	-0.33568590650280861	0	-476019112579.31	0	0
-13.300000000000001	1.2906800000000001e-10	0	0	-7.3131789956707571	-6.9774930891679485	-0.33568590650280861	0	-479625317977.638	0	0
-13.4	2.7716199999999999e-11	0	0	-7.3560764830901118	-7.0203905765873031	-0.33568590650280861	0	-483231523375.966	0	0
-13.5	6.5565100000000001e-11	0	0	-7.3991087543804346	-7.063422847877626	-0.33568590650280861	0	-486837728774.29401	0	0
-13.6	1.9848299999999999e-11	0	0	-7.4420619600255966	-7.106376053522788	-0.33568590650280861	0	-490443934172.62201	0	0
-13.699999999999999	1.00839e-10	0	0	-7.4850238614772096	-7.1493379549744009	-0.33568590650280861	0	-494050139570.95001	0	0
-13.800000000000001	-6.5493599999999995e-11	0	0	-7.5271530482514031	-7.1914671417485945	-0.33568590650280861	0	-497656344969.27802	0	0
-13.9	2.53081e-11	0	0	-7.5689886730901117	-7.2333027665873031	-0.33568590650280861	0	-501262550367.60602	0	0
-14	5.2690499999999999e-11	0	0	-7.611122280186887	-7.2754363736840784	-0.33568590650280861	0	-504868755765.935	0	0
-14.1	-1.69671e-10	0	0	-7.6537002851868863	-7.3180143786840777	-0.33568590650280861	0	-508474961164.263	0	0
-14.199999999999999	4.7087699999999999e-11	0	0	-7.6961008453481776	-7.360414938845369	-0.33568590650280861	0	-512081166562.591	0	0
-14.300000000000001	-8.4149800000000002e-11	0	0	-7.7374854956707573	-7.4017995891679487	-0.33568590650280861	0	-515687371960.91901	0	0
-14.4	8.5473100000000003e-12	0	0	-7.7772120213159193	-7.4415261148131107	-0.33568590650280861	0	-519293577359.24701	0	0
-14.5	-5.1021600000000001e-11	0	0	-7.8156293088965656	-7.479943402393757	-0.33568590650280861	0	-522899782757.57501	0	0
-14.6	1.6462799999999999e-10	0	0	-7.8533532690578554	-7.5176673625550468	-0.33568590650280861	0	-526505988155.90302	0	0
-14.699999999999999	8.4996200000000001e-12	0	0	-7.8908102687352741	-7.5551243622324655	-0.33568590650280861	0	-530112193554.23102	0	0
-14.800000000000001	-3.9005299999999997e-11	0	0	-7.9283428017997917	-7.5926568952969831	-0.33568590650280861	0	-533718398952.55902	0	0
-14.9	3.0507999999999999e-10	0	0	-7.9657284074449528	-7.6300425009421442	-0.33568590650280861	0	-537324604350.88702	0	0
-15	-1.20449e-10	0	0	-8.0028982919610812	-7.6672123854582725	-0.33568590650280861	0	-540930809749.216	0	0
-15.1	-2.8522000000000002e-10	0	0	-8.0392146551868873	-7.7035287486840796	-0.33568590650280772	0	-544537015147.54401	0	0
-15.199999999999999	-5.53846e-11	0	0	-8.0742077798643059	-7.7385218733614982	-0.33568590650280772	0	-548143220545.87201	0	0
-15.300000000000001	-2.38776e-11	0	0	-8.1078010711546291	-7.7721151646518214	-0.33568590650280772	0	-551749425944.19995	0	0
-15.4	1.20997e-10	0	0	-8.1401977921223718	-7.8045118856195632	-0.33568590650280861	0	-555355631342.52795	0	0
-15.5	1.7546399999999999e-10	0	0	-8.1722647013159193	-7.8365787948131116	-0.33568590650280772	0	-558961836740.85596	0	0
-15.6	-2.0428899999999999e-10	0	0	-8.204264827767533	-7.8685789212647252	-0.33568590650280772	0	-562568042139.18396	0	0
-15.699999999999999	3.1495100000000003e-11	0	0	-8.2358887032514048	-7.900202796748597	-0.33568590650280772	0	-566174247537.51196	0	0
-15.800000000000001	-2.6202200000000001e-11	0	0	-8.2671817927675324	-7.9314958862647247	-0.33568590650280772	0	-569780452935.83997	0	0
-15.9	8.74996e-12	0	0	-8.2979008832514047	-7.962214976748597	-0.33568590650280772	0	-573386658334.16797	0	0
-16	-2.5424999999999998e-10	0	0	-8.3284438001868875	-7.9927578936840797	-0.33568590650280772	0	-576992863732.49695	0	0
-16.100000000000001	-1.6808499999999999e-10	0	0	-8.3585625993804378	-8.0228766928776309	-0.33568590650280683	0	-580599069130.82495	0	0
-16.199999999999999	-2.0980800000000001e-11	0	0	-8.3880974314772114	-8.0524115249744046	-0.33568590650280683	0	-584205274529.15295	0	0
-16.300000000000001	-7.6627700000000002e-11	0	0	-8.417181743896565	-8.0814958373937582	-0.33568590650280683	0	-587811479927.48096	0	0
-16.399999999999999	-2.4685900000000001e-10	0	0	-8.4457307422836614	-8.1100448357808546	-0.33568590650280683	0	-591417685325.80896	0	0
-16.5	-5.9402000000000001e-11	0	0	-8.473578119380436	-8.1378922128776292	-0.33568590650280683	0	-595023890724.13696	0	0
-16.600000000000001	-2.9100199999999999e-10	0	0	-8.5006050721223705	-8.1649191656195637	-0.33568590650280683	0	-598630096122.46497	0	0
-16.699999999999999	-2.3007400000000002e-11	0	0	-8.5272213548643077	-8.1915354483615008	-0.33568590650280683	0	-602236301520.79297	0	0
-16.800000000000001	-1.18756e-10	0	0	-8.55339406583205	-8.2177081593292431	-0.33568590650280683	0	-605842506919.12097	0	0
-16.899999999999999	-9.8323799999999999e-11	0	0	-8.5798293098643068	-8.2441434033615	-0.33568590650280683	0	-609448712317.44897	0	0
-17	-1.49131e-11	0	0	-8.6055731117997905	-8.2698872052969836	-0.33568590650280683	0	-613054917715.77795	0	0
-17.100000000000001	-1.82986e-10	0	0	-8.6300475690578562	-8.2943616625550494	-0.33568590650280683	0	-616661123114.10596	0	0
-17.199999999999999	3.9064899999999997e-11	0	0	-8.6522581289797902	-8.3181059555363408	-0.33415217344344939	0	-620267328512.43396	0	0
-17.300000000000001	-2.11239e-10	0	0	-8.6725564968881752	-8.3414717895634372	-0.33108470732473805	0	-623873533910.76196	0	0
-17.399999999999999	2.59995e-11	0	0	-8.6917785908982896	-8.364729932972681	-0.32704865792560867	0	-627479739309.08997	0	0
-17.5	-2.7664900000000001e-10	0	0	-8.70916276307263	-8.3869055840241451	-0.32225717904848494	0	-631085944707.41797	0	0
-17.600000000000001	-2.6301100000000001e-10	0	0	-8.7193014285552	-8.4024415466060898	-0.31685988194911019	0	-634692150105.74597	0	0
-17.699999999999999	1.08004e-10	0	0	-8.7041084603317405	-8.3931421722489059	-0.31096628808283455	0	-638298355504.07397	0	0
-17.800000000000001	-1.1302200000000001e-10	0	0	-8.6372104831826668	-8.3325517384302366	-0.30465874475243027	0	-641904560902.40198	0	0
-17.899999999999999	-2.9834500000000002e-10	0	0	-8.5105706746374477	-8.2125700082657733	-0.29800066637167433	0	-645510766300.72998	0	0
-18	-1.7658499999999999e-10	0	0	-8.3361354376283394	-8.0450939436619819	-0.29104149396635748	0	-649116971699.05896	0	0
-18.100000000000001	-2.0015200000000001e-11	0	0	-8.1398496045930031	-7.8560289534715135	-0.28382065112148958	0	-652723177097.38696	0	0
-18.199999999999999	-9.6297299999999998e-11	0	0	-7.9405841492974476	-7.6642141158638415	-0.27637003343360611	0	-656329382495.71497	0	0
-18.300000000000001	-2.93088e-10	0	0	-7.7395247339534059	-7.4708087879820777	-0.2687159459713282	0	-659935587894.04297	0	0
-18.399999999999999	-8.8036099999999998e-11	0	0	-7.5367405366496909	-7.2758599878664354	-0.26088054878325551	0	-663541793292.37097	0	0
-18.5	-8.9013599999999995e-11	0	0	-7.3320720791099312	-7.0791894166965186	-0.25288266241341262	0	-667147998690.69897	0	0
-18.600000000000001	7.7569500000000005e-11	-4.9999999999999998e-08	-40.0916	-7.1250391255192804	-6.8803005567387823	-0.24473856878049816	4.507577233372969e-08	-670754204089.02698	-0.58346970263270903	0
-18.699999999999999	1.6114700000000001e-10	0	0	-6.9153878447573227	-6.6789255084684811	-0.23646233628884161	0	-674360409487.35498	0	0
-18.800000000000001	1.6953900000000001e-10	-4.9999999999999998e-08	-39.935699999999997	-6.7040246131695378	-6.4759585365078793	-0.22806607666165846	4.8370981643177436e-08	-677966614885.68298	-0.558290682294735	0
-18.899999999999999	-5.6659e-10	-4.9999999999999998e-08	-38.334800000000001	-6.4913609189626502	-6.2718005558760588	-0.21956036308659144	5.0244861379108782e-08	-681572820284.01099	-0.56073316072874502	0
-19	-8.5892700000000003e-10	-4.9999999999999998e-08	-31.732700000000001	-6.2778275012568914	-6.0668731003560099	-0.21095440090088147	5.229461893433522e-08	-685179025682.33997	-0.63355800334711798	0
-19.100000000000001	-1.54588e-09	-4.9999999999999998e-08	-20.383500000000002	-6.0633371838444123	-5.8610804574459099	-0.20225672639850245	5.4543451800445343e-08	-688785231080.66797	-1.48890087398616	0
-19.199999999999999	-2.7169200000000002e-09	-4.9999999999999998e-08	-12.5562	-5.848132197416394	-5.6546560864545743	-0.19347611096181971	5.7018822389962003e-08	-692391436478.99597	0.59567019838338997	0
-19.300000000000001	-3.3881900000000001e-09	-4.9999999999999998e-08	-7.8673200000000003	-5.6322681292365404	-5.447643823344106	-0.18462430589243439	5.9752587582156722e-08	-695997641877.32397	0.25638770447456899	0
-19.399999999999999	-4.6187599999999998e-10	-4.9999999999999998e-08	-7.0773400000000004	-5.4157433180025683	-5.2400263094167885	-0.17571700858577977	6.2781514984915058e-08	-699603847275.65198	0.26345926580674101	0
-19.5	-5.5453800000000001e-10	-4.9999999999999998e-08	-7.0272100000000002	-5.1980722362169773	-5.0313029292668956	-0.16676930695008174	6.6149942152932667e-08	-703210052673.97998	0.46023490943895101	0
-19.600000000000001	-6.6970600000000002e-10	-4.9999999999999998e-08	-6.9331500000000004	-4.9789364453269229	-4.8211443011246917	-0.1577921442022312	6.9913366494937262e-08	-706816258072.30798	-2.7528161596983098	0
-19.699999999999999	-4.7929300000000003e-10	-4.9999999999999998e-08	-6.8446999999999996	-4.7579445081718514	-4.60915416150557	-0.14879034666628144	7.4143116504564055e-08	-710422463470.63599	-1.6193497663038201	0
-19.800000000000001	-5.0429100000000003e-10	-4.9999999999999998e-08	-6.7494500000000004	-4.5349244203864769	-4.3951595470328799	-0.139764873353597	7.8930991335160575e-08	-714028668868.96399	-1.64387941697303	0
-19.899999999999999	-4.41575e-10	-4.9999999999999998e-08	-6.68743	-4.3100963167303057	-4.179379810043887	-0.13071650668641865	8.4394697251948304e-08	-717634874267.29199	-1.6789028027117501	0
-20	-4.9034400000000002e-10	-4.9999999999999998e-08	-6.6033900000000001	-4.0836417115975694	-3.9619957077572687	-0.12164600384030066	9.0687566047096155e-08	-721241079665.62097	-1.6789762253523901	0
-20.100000000000001	-4.8224899999999995e-10	-4.9999999999999998e-08	-6.5226899999999999	-3.8561246347705951	-3.7435705852294041	-0.11255404954119097	9.8013177247748176e-08	-724847285063.94897	-1.7326506706004501	0
-20.199999999999999	-3.8149399999999998e-10	-4.9999999999999998e-08	-6.4620199999999999	-3.6278416829741613	-3.5244003618645485	-0.10344132110961279	1.06647709921866e-07	-728453490462.27698	-1.73334713325465	0
-20.300000000000001	-5.0499399999999996e-10	-4.9999999999999998e-08	-6.3843699999999997	-3.3995025176430054	-3.303660285260221	-0.095842232382784331	1.1510353769278609e-07	-732059695860.60498	-1.71488050407577	0
-20.399999999999999	-4.6018399999999999e-10	-4.9999999999999998e-08	-6.34762	-3.1712714974464231	-3.0815140922309969	-0.089757405215426189	1.2290662793955857e-07	-735665901258.93298	-1.59780575282675	0
-20.5	-4.7700400000000004e-10	-4.9999999999999998e-08	-6.3131599999999999	-2.9427634482743543	-2.8581412136611291	-0.084622234613225267	1.3036502827010511e-07	-739272106657.26099	-1.57156965417128	0
-20.600000000000001	-4.4448399999999998e-10	-4.9999999999999998e-08	-6.2671999999999999	-2.7155162177056691	-2.6352921906814299	-0.080224027024239142	1.3751216956859323e-07	-742878312055.58899	-1.53645144205988	0
-20.699999999999999	-3.0764300000000001e-10	-4.9999999999999998e-08	-6.2176	-2.4945811480673883	-2.4181675603197079	-0.076413587747680367	1.4436935017447159e-07	-746484517453.91699	-1.5910728358812101	0
-20.800000000000001	-3.9085100000000001e-10	-4.9999999999999998e-08	-6.1866399999999997	-2.2977357802170491	-2.22465398429908	-0.073081795917969039	1.5095113453445023e-07	-750090722852.245	-1.6474420981328499	0
-20.899999999999999	-4.4692800000000001e-10	-4.9999999999999998e-08	-6.1235600000000003	-2.1510047878471372	-2.0808580757012489	-0.070146712145888301	1.572672427567115e-07	-753696928250.57397	-1.69966462459801	0
-21	-4.7515600000000001e-10	-4.9999999999999998e-08	-6.1013200000000003	-2.0620210498877056	-1.9944757252735845	-0.067545324614121105	1.6332410970938264e-07	-757303133648.90198	-1.76152451000315	0
-21.100000000000001	-2.9965599999999999e-10	-4.9999999999999998e-08	-6.0471599999999999	-2.0188480079940496	-1.9536193926511112	-0.065228615342938445	1.6912485340418718e-07	-760909339047.22998	-1.7836569509039699	0
-21.199999999999999	-3.69191e-10	-4.9999999999999998e-08	-5.9996799999999997	-1.9955461657930067	-1.9323885906586049	-0.063157575134401789	1.7467073401973587e-07	-764515544445.55798	-1.78470150744849	0
-21.300000000000001	-5.7175200000000003e-10	-4.9999999999999998e-08	-5.9592200000000002	-1.9739627830757736	-1.9126620698274521	-0.061300713248321426	1.7996169086881969e-07	-768121749843.88599	-1.75888062261388	0
-21.399999999999999	-4.0175900000000001e-10	-4.9999999999999998e-08	-5.9212300000000004	-1.9534089017008285	-1.8937768118475578	-0.059632089853270731	1.8499737364189496e-07	-771727955242.21399	-1.7712877482981599	0
-21.5	-3.9659699999999998e-10	-4.9999999999999998e-08	-5.8920199999999996	-1.9339328832194467	-1.8758029938773271	-0.058129889342119601	1.8977810094744498e-07	-775334160640.54199	-1.7169801669673199	0
-21.600000000000001	-4.30167e-10	-4.9999999999999998e-08	-5.8160400000000001	-1.9153155674690712	-1.8585399551115735	-0.056775612357497618	1.9430490574313911e-07	-778940366038.87	-1.72757965923432	0
-21.699999999999999	-3.7622500000000001e-10	-4.9999999999999998e-08	-5.7921300000000002	-1.8976773812991221	-1.8421240790234583	-0.055553302275663796	1.9858009435498967e-07	-782546571437.198	-1.7884786308348499	0
-21.800000000000001	-4.4633100000000001e-10	-4.9999999999999998e-08	-5.7529199999999996	-1.88120543063852	-1.8267562025872865	-0.054449228051233423	2.0260672928645276e-07	-786152776835.52698	-1.75851076310517	0
-21.899999999999999	-3.6565099999999998e-10	-4.9999999999999998e-08	-5.7280699999999998	-1.8657228802684216	-1.8122712713444811	-0.053451608923940519	2.0638817483175028e-07	-789758982233.85498	-1.70682998934087	0
-22	-3.5427800000000003e-10	-4.9999999999999998e-08	-5.6923399999999997	-1.8509160522662269	-1.7983658832176437	-0.052550169048583228	2.0992853510011687e-07	-793365187632.18298	-1.72614459814035	0
-22.100000000000001	-3.3808900000000001e-10	-4.9999999999999998e-08	-5.6539799999999998	-1.8363879751978818	-1.7846520199634077	-0.051735955234474051	2.132323634044278e-07	-796971393030.51099	-1.7336256355405499	0
-22.199999999999999	-4.0452500000000001e-10	-4.9999999999999998e-08	-5.6271399999999998	-1.8219605591577004	-1.7709599024552025	-0.051000656702497871	2.1630662663785411e-07	-800577598428.83899	-1.7767029492162401	0
-22.300000000000001	-4.7173500000000003e-10	-4.9999999999999998e-08	-5.5931300000000004	-1.8076162468664021	-1.7572805024884357	-0.050335744377966396	2.1916393894557266e-07	-804183803827.16699	-1.7658753519749399	0
-22.399999999999999	-4.4386399999999999e-10	-4.9999999999999998e-08	-5.5573499999999996	-1.7934861531051496	-1.7437564468948494	-0.049729706210300151	2.218348115908967e-07	-807790009225.495	-1.7870678103059701	0
-22.5	-4.2869999999999998e-10	-4.9999999999999998e-08	-5.5196500000000004	-1.7796211617300948	-1.7304540785924853	-0.049167083137609424	2.2437328602058211e-07	-811396214623.823	-1.76402232229919	0
-22.600000000000001	-4.5985000000000002e-10	-4.9999999999999998e-08	-5.48421	-1.7662525059075331	-1.7176194811892407	-0.04863302471829245	2.2683721753961092e-07	-815002420022.151	-1.73221125630949	0
-22.699999999999999	-4.2108299999999998e-10	-4.9999999999999998e-08	-5.4499599999999999	-1.7534221348909822	-1.7053053173670818	-0.048116817523900401	2.2927077423923383e-07	-818608625420.479	-1.72636540263603	0
-22.800000000000001	-5.4653900000000005e-10	-4.9999999999999998e-08	-5.4191799999999999	-1.741167312755906	-1.6935534507924803	-0.047613861963425652	2.3169261120021278e-07	-822214830818.80798	-1.80106531049569	0
-22.899999999999999	-3.0916900000000002e-10	-4.9999999999999998e-08	-5.3910900000000002	-1.7293024019836356	-1.6821790009195901	-0.047123401064045556	2.3410407055804937e-07	-825821036217.13599	-1.7876340946491001	0
-23	-3.8187499999999999e-10	-4.9999999999999998e-08	-5.3666600000000004	-1.7177638731779843	-1.6711190152091118	-0.046644857968872522	2.3650581195883176e-07	-829427241615.46399	-1.7666757089070699	0
-23.100000000000001	-4.0305899999999999e-10	-4.9999999999999998e-08	-5.3323600000000004	-1.706459957950303	-1.6602822862432445	-0.046177671707058554	2.3889857586618645e-07	-833033447013.79199	-1.7942250188623601	0
-23.199999999999999	-4.66621e-10	-4.9999999999999998e-08	-5.3282400000000001	-1.6955027032631376	-1.6497813522207323	-0.045721351042405267	2.4128289641749462e-07	-836639652412.12	-1.78727886635931	0
-23.300000000000001	-3.12722e-10	-4.9999999999999998e-08	-5.30274	-1.6850730830375764	-1.6397976921237136	-0.04527539091386279	2.4365951977357259e-07	-840245857810.448	-1.8010079379327399	0
-23.399999999999999	-4.9232200000000003e-10	-4.9999999999999998e-08	-5.26938	-1.6752116131822257	-1.6303723332693874	-0.044839279912838315	2.4602937489355125e-07	-843852063208.776	-1.8337351398866799	0
-23.5	-3.6836899999999998e-10	-4.9999999999999998e-08	-5.2321900000000001	-1.6657314697265746	-1.6213189070476188	-0.044412562678955769	2.4839323250445586e-07	-847458268607.104	-1.95030498113406	0
-23.600000000000001	-3.2910099999999999e-10	-4.9999999999999998e-08	-5.2126799999999998	-1.6563298666127217	-1.6123349950001808	-0.043994871612540898	2.5075149905626568e-07	-851064474005.43298	-1.910238765143	0
-23.699999999999999	-3.0033599999999999e-10	-4.9999999999999998e-08	-5.1863700000000001	-1.6468384013915749	-1.6032524773181023	-0.043585924073472615	2.5310418999116213e-07	-854670679403.76099	-1.8964811498113501	0
-23.800000000000001	-3.7485399999999999e-10	-4.9999999999999998e-08	-5.1696499999999999	-1.6374551647040685	-1.5942696872314153	-0.043185477472653222	2.55451152870044e-07	-858276884802.08899	-1.90293876893902	0
-23.899999999999999	-3.7746399999999999e-10	-4.9999999999999998e-08	-5.1399699999999999	-1.6282134904243382	-1.5854201921563069	-0.042793298268031243	2.5779223509569666e-07	-861883090200.41699	-1.8752158381286299	0
-24	-3.33321e-10	-4.9999999999999998e-08	-5.1298000000000004	-1.6191662586228051	-1.5767571136352594	-0.042409144987545666	2.6012738551725796e-07	-865489295598.745	-1.8582790962853499	0
-24.100000000000001	-3.2263999999999998e-10	-4.9999999999999998e-08	-5.0860000000000003	-1.6103682358612181	-1.5683354641387826	-0.04203277172243558	2.624566393213658e-07	-869095500997.073	-1.88621965025766	0
-24.199999999999999	-4.7773099999999997e-10	-4.9999999999999998e-08	-5.06555	-1.6018114594470569	-1.5601475657142343	-0.041663893732822643	2.647803414240611e-07	-872701706395.401	-1.87796840939475	0
-24.300000000000001	-4.0937700000000001e-10	-4.9999999999999998e-08	-5.05084	-1.5935292041025946	-1.552226976865148	-0.041302227237446587	2.6709891319445931e-07	-876307911793.729	-1.93871938962712	0
-24.399999999999999	-3.5906999999999998e-10	-4.9999999999999998e-08	-5.0212500000000002	-1.5853438202079726	-1.5443963294694467	-0.040947490738525882	2.6941284578527818e-07	-879914117192.05701	-1.92604244510106	0
-24.5	-4.2411100000000001e-10	-4.9999999999999998e-08	-5.00237	-1.5773428323039649	-1.5367433815670026	-0.04059945073696225	2.7172239543598327e-07	-883520322590.38501	-1.9229519426528301	0
-24.600000000000001	-4.5834800000000001e-10	-4.9999999999999998e-08	-4.9780499999999996	-1.5694879713433658	-1.5292300783340531	-0.040257893009312706	2.7402775413707416e-07	-887126527988.71399	-1.92855678848962	0
-24.699999999999999	-4.0562200000000001e-10	-4.9999999999999998e-08	-4.9657200000000001	-1.5618044571245502	-1.5218818273915788	-0.039922629732971338	2.7632899138709901e-07	-890732733387.04199	-1.8199417368443001	0
-24.800000000000001	-3.6989499999999999e-10	-4.9999999999999998e-08	-4.9647100000000002	-1.5541245532415537	-1.5145310954681239	-0.039593457773429819	2.7862633445052962e-07	-894338938785.37	-1.8003270430444001	0
-24.899999999999999	-3.0117000000000001e-10	-4.9999999999999998e-08	-4.93276	-1.5464616892722463	-1.5071915468567858	-0.039270142415460452	2.8092029539697884e-07	-897945144183.698	-1.7700544948713599	0
-25	-4.0226000000000002e-10	-4.9999999999999998e-08	-4.9102800000000002	-1.5388289025106425	-1.4998764503925825	-0.038952452118059977	2.8321143876120154e-07	-901551349582.026	-1.9331973609016599	0
-25.100000000000001	-4.3480400000000002e-10	-4.9999999999999998e-08	-4.8839300000000003	-1.5313868352500566	-1.4927466476531683	-0.038640187596888254	2.8550016689155472e-07	-905157554980.354	-2.05924115466589	0
-25.199999999999999	-4.9185799999999998e-10	-4.9999999999999998e-08	-4.86531	-1.524191049784408	-1.4858578308607526	-0.038333218923655377	2.8778642434394891e-07	-908763760378.68201	-2.0108728884195899	0
-25.300000000000001	-3.5315799999999998e-10	-4.9999999999999998e-08	-4.8428899999999997	-1.5172529761479503	-1.4792215351423719	-0.038031441005578426	2.9006999776880516e-07	-912369965777.01001	-1.9677472439799599	0
-25.399999999999999	-4.1332199999999999e-10	-4.9999999999999998e-08	-4.8232900000000001	-1.5105454233349267	-1.4728106944070083	-0.037734728927918404	2.9235084817240096e-07	-915976171175.33801	-1.9360558303455699	0
-25.5	-5.0109600000000002e-10	-4.9999999999999998e-08	-4.80098	-1.504111053652428	-1.4666681034443461	-0.037442950208081971	2.9462902752923021e-07	-919582376573.66602	-1.9992607831096101	0
-25.600000000000001	-3.52859e-10	-4.9999999999999998e-08	-4.7826700000000004	-1.4978854838922075	-1.4607295122368249	-0.037155971655382647	2.9690462975779684e-07	-923188581971.995	-2.08642259258768	0
-25.699999999999999	-4.8899700000000004e-10	-4.9999999999999998e-08	-4.7744799999999996	-1.4916953405290205	-1.4548216794709798	-0.036873661058040685	2.9917777869325469e-07	-926794787370.323	-2.0262994076549798	0
-25.800000000000001	-3.4873499999999999e-10	-4.9999999999999998e-08	-4.7518500000000001	-1.4854851421643895	-1.4488892517065783	-0.036595890457811198	3.0144860173167082e-07	-930400992768.651	-1.98815953232757	0
-25.899999999999999	-3.8845499999999998e-10	-4.9999999999999998e-08	-4.7330199999999998	-1.4792005283742486	-1.4428779977547836	-0.036322530619464999	3.0371727463616545e-07	-934007198166.979	-1.9420033779595001	0
-26	-4.2522000000000001e-10	-4.9999999999999998e-08	-4.7136300000000002	-1.4729785796318058	-1.4369251048843237	-0.036053474747482106	3.0598382222237853e-07	-937613403565.30701	-1.9426309951430301	0
-26.100000000000001	-3.5037999999999998e-10	-4.9999999999999998e-08	-4.70655	-1.4668377508525507	-1.4310491414055138	-0.03578860944703699	3.0824835549864939e-07	-941219608963.63501	-1.9357707048445001	0
-26.199999999999999	-2.9439899999999998e-10	-4.9999999999999998e-08	-4.6946300000000001	-1.4608565770282902	-1.4253287513588067	-0.035527825669483537	3.1051098117463115e-07	-944825814361.96301	-1.9517268625205599	0
-26.300000000000001	-4.8061600000000001e-10	-4.9999999999999998e-08	-4.6678699999999997	-1.4549293304300133	-1.4196583211828904	-0.035271009247122898	3.1277188385337899e-07	-948432019760.29102	-1.98133926958141	0
-26.399999999999999	-3.6251500000000001e-10	-4.9999999999999998e-08	-4.6445800000000004	-1.4488326948205577	-1.4138146222762169	-0.03501807254434075	3.1503104557407797e-07	-952038225158.61902	-2.0003753972466001	0
-26.5	-3.1356800000000002e-10	-4.9999999999999998e-08	-4.6335199999999999	-1.4425487922502249	-1.4077798661368721	-0.034768926113352805	3.1728848833774848e-07	-955644430556.94702	-2.0850714840718401	0
-26.600000000000001	-3.6267e-10	-4.9999999999999998e-08	-4.6180000000000003	-1.4360834553100521	-1.4015599650125281	-0.034523490297523995	3.1954416869674886e-07	-959250635955.276	-2.0215568606235799	0
-26.699999999999999	-3.5827200000000001e-10	-4.9999999999999998e-08	-4.6091199999999999	-1.4297954225562277	-1.3955137567986107	-0.034281665757617041	3.2179824882580067e-07	-962856841353.604	-1.9799145006191099	0
-26.800000000000001	-3.0973000000000003e-10	-4.9999999999999998e-08	-4.60053	-1.4236987532819827	-1.3896553954276947	-0.034043357854288026	3.240508781434156e-07	-966463046751.93201	-1.9302934342312199	0
-26.899999999999999	-4.5795399999999999e-10	-4.9999999999999998e-08	-4.5731999999999999	-1.4177895375115606	-1.3839810705529558	-0.033808466958604733	3.2630228460639605e-07	-970069252150.26001	-1.93182242498801	0
-27	-4.3700900000000002e-10	-4.9999999999999998e-08	-4.5654000000000003	-1.4119529317281792	-1.3783760321427889	-0.03357689958539023	3.2855266995624155e-07	-973675457548.58801	-1.9361901693985999	0
-27.100000000000001	-4.8718500000000001e-10	-4.9999999999999998e-08	-4.5534699999999999	-1.4061981931028114	-1.3728496336713829	-0.033348559431428448	3.3080229538298964e-07	-977281662946.91602	-2.0259319359628898	0
-27.199999999999999	-4.2126200000000002e-10	-4.9999999999999998e-08	-4.5178700000000003	-1.4005598871364162	-1.3674365247990683	-0.033123362337347917	3.3305133383738058e-07	-980887868345.24402	-2.0670141083276499	0
-27.300000000000001	-2.6607499999999998e-10	-4.9999999999999998e-08	-4.5074399999999999	-1.395020422015679	-1.3621191725004507	-0.032901249515228326	3.3529972782725246e-07	-984494073743.57202	-2.1148599489115201	0
-27.399999999999999	-3.7615300000000001e-10	-4.9999999999999998e-08	-4.4841300000000004	-1.3895464934584738	-1.356864322670559	-0.032682170787914799	3.3754734589759584e-07	-988100279141.90002	-2.1383688439146602	0
-27.5	-3.7484199999999999e-10	-4.9999999999999998e-08	-4.4736500000000001	-1.3841341419613338	-1.3516680567483439	-0.032466085212989881	3.3979397070080674e-07	-991706484540.22803	-2.0095443805831898	0
-27.600000000000001	-4.9626799999999997e-10	-4.9999999999999998e-08	-4.4598199999999997	-1.3787655780247574	-1.3465126393945979	-0.032252938630159544	3.4203953116125745e-07	-995312689938.55701	-2.11040045613065	0
-27.699999999999999	-4.7990099999999997e-10	-4.9999999999999998e-08	-4.4439599999999997	-1.3733905376462801	-1.3413478684827522	-0.032042669163527826	3.4428405297113534e-07	-998918895336.88501	-2.0649259183208	0
-27.800000000000001	-2.9957300000000001e-10	-4.9999999999999998e-08	-4.4191000000000003	-1.367910187846805	-1.3360749821531952	-0.031835205693609758	3.4652768114034756e-07	-1002525100735.21	-2.1260972361502501	0
-27.899999999999999	-5.0502999999999996e-10	-4.9999999999999998e-08	-4.3940799999999998	-1.3624331285336402	-1.330802638563134	-0.031630489970506215	3.4877044326278661e-07	-1006131306133.54	-2.1285555509018299	0
-28	-4.6861200000000002e-10	-4.9999999999999998e-08	-4.3806000000000003	-1.3569085499334159	-1.3254800645827127	-0.031428485350703195	3.5101214342757848e-07	-1009737511531.87	-2.2061649402330699	0
-28.100000000000001	-3.64339e-10	-4.9999999999999998e-08	-4.3627599999999997	-1.3514758115776213	-1.3202466487449591	-0.031229162832662194	3.5325250525430602e-07	-1013343716930.2	-2.1718386843882	0
-28.199999999999999	-4.5925400000000003e-10	-4.9999999999999998e-08	-4.3526899999999999	-1.3460125379233321	-1.314980046592797	-0.031032491330535095	3.5549127816166084e-07	-1016949922328.53	-2.1541273342525802	0
-28.300000000000001	-4.6237699999999998e-10	-4.9999999999999998e-08	-4.3330099999999998	-1.3406303973489575	-1.3097919887800742	-0.030838408568883313	3.5772857678407917e-07	-1020556127726.85	-2.21327773455236	0
-28.399999999999999	-3.9460700000000002e-10	-4.9999999999999998e-08	-4.3249199999999997	-1.3352082341370621	-1.3045613800564861	-0.030646854080575991	3.5996451637835588e-07	-1024162333125.1801	-2.1729438047222498	0
-28.5	-4.4461500000000002e-10	-4.9999999999999998e-08	-4.3092300000000003	-1.3297556744163788	-1.299297906551363	-0.03045776786501575	3.6219922801052826e-07	-1027768538523.51	-2.2541300288254198	0
-28.600000000000001	-3.9830199999999998e-10	-4.9999999999999998e-08	-4.3036199999999996	-1.3242353322583624	-1.2939642299997018	-0.030271102258660587	3.6443271584127327e-07	-1031374743921.84	-2.17951477914665	0
-28.699999999999999	-4.9349100000000003e-10	-4.9999999999999998e-08	-4.28118	-1.3187116880327239	-1.288624876160825	-0.030086811871898878	3.6666497117084968e-07	-1034980949320.17	-2.1570114138827599	0
-28.800000000000001	-5.0489899999999997e-10	-4.9999999999999998e-08	-4.2717200000000002	-1.3133353536655568	-1.2834305043989591	-0.029904849266597644	3.6889602449708971e-07	-1038587154718.49	-2.1421713636054198	0
-28.899999999999999	-3.2551300000000002e-10	-4.9999999999999998e-08	-4.2736900000000002	-1.3081519802465367	-1.2784268100760434	-0.029725170170493254	3.7112588235351117e-07	-1042193360116.8199	-2.12708940160379	0
-29	-4.9315699999999995e-10	-4.9999999999999998e-08	-4.2510599999999998	-1.3032286620775526	-1.2736809288901894	-0.029547733187363256	3.7335452901512474e-07	-1045799565515.15	-2.12314576733585	0
-29.100000000000001	-3.8975500000000002e-10	-4.9999999999999998e-08	-4.2436199999999999	-1.2985064754901405	-1.2691339774130854	-0.029372498077055109	3.7558194671396597e-07	-1049405770913.48	-2.1447162604454002	0
-29.199999999999999	-4.7396400000000002e-10	-4.9999999999999998e-08	-4.21706	-1.2938391376726972	-1.264639712327303	-0.029199425345394214	3.7780812043866754e-07	-1053011976311.8101	-2.2614553756400499	0
-29.300000000000001	-5.1064500000000005e-10	-4.9999999999999998e-08	-4.19686	-1.2891331420358998	-1.2601046624802292	-0.029028479555670561	3.8003299437285131e-07	-1056618181710.13	-2.2687307362420599	0
-29.399999999999999	-5.0320600000000003e-10	-4.9999999999999998e-08	-4.1842499999999996	-1.2844412719481093	-1.2555816386970517	-0.028859633251057559	3.8225641717842416e-07	-1060224387108.46	-2.3188957571955	0
-29.5	-3.1675099999999997e-10	-4.9999999999999998e-08	-4.1698700000000004	-1.2798266499794677	-1.2511337955044033	-0.028692854475064422	3.8447830337758023e-07	-1063830592506.79	-2.2098997943279999	0
-29.600000000000001	-3.9944699999999998e-10	-4.9999999999999998e-08	-4.1587100000000001	-1.2754012504514198	-1.2468731363227732	-0.028528114128646642	3.8669853737562568e-07	-1067436797905.12	-2.1678066311543498	0
-29.699999999999999	-4.7832700000000002e-10	-4.9999999999999998e-08	-4.1557700000000004	-1.2711229531721018	-1.2427575819891881	-0.028365371182913712	3.8891717427190693e-07	-1071043003303.45	-2.18565867784169	0
-29.800000000000001	-4.0754099999999998e-10	-4.9999999999999998e-08	-4.1434699999999998	-1.2668740013817164	-1.2386694105537674	-0.028204590827948905	3.9113419779523293e-07	-1074649208701.77	-2.1467306530483898	0
-29.899999999999999	-4.3950099999999999e-10	-4.9999999999999998e-08	-4.1250200000000001	-1.2626758696394167	-1.2346301393928409	-0.028045730246575751	3.9334971529149277e-07	-1078255414100.1	-2.2488834867890302	0
-30	-4.2315699999999999e-10	-4.9999999999999998e-08	-4.1141100000000002	-1.2584968289564209	-1.2306080703984175	-0.027888758558003435	3.9556368149871308e-07	-1081861619498.4301	-2.2902971621561701	0
-30.100000000000001	-4.6459399999999998e-10	-4.9999999999999998e-08	-4.1102499999999997	-1.2543933631144035	-1.226659719143661	-0.027733643970742516	3.9777607368402458e-07	-1085467824896.76	-2.2456024021650598	0
-30.199999999999999	-5.0766500000000002e-10	-4.9999999999999998e-08	-4.1032200000000003	-1.2504013171123349	-1.2228209586941168	-0.027580358418218154	3.9998682541941e-07	-1089074030295.09	-2.1942130067744201	0
-30.300000000000001	-5.0777200000000001e-10	-4.9999999999999998e-08	-4.0818500000000002	-1.2465018880782319	-1.2190730186959617	-0.027428869382270182	4.0219594376585716e-07	-1092680235693.42	-2.1267078783508899	0
-30.399999999999999	-4.3245599999999999e-10	-4.9999999999999998e-08	-4.0708500000000001	-1.242711452360177	-1.2154323160269203	-0.027279136333256737	4.0440356589234959e-07	-1096286441091.74	-2.1789259004375601	0
-30.5	-3.4729200000000001e-10	-4.9999999999999998e-08	-4.0644400000000003	-1.2390202059124147	-1.2118890902166179	-0.027131115695796737	4.0660989143699932e-07	-1099892646490.0701	-2.1734663669901599	0
-30.600000000000001	-4.30691e-10	-4.9999999999999998e-08	-4.0565600000000002	-1.235425357029251	-1.2084405945836527	-0.026984762445598331	4.0881516114410148e-07	-1103498851888.3999	-2.2138957034255502	0
-30.699999999999999	-4.6610800000000004e-10	-4.9999999999999998e-08	-4.0428800000000003	-1.2318958657895269	-1.2050558313072472	-0.026840034482279673	4.1101959145827403e-07	-1107105057286.73	-2.3438814283305498	0
-30.800000000000001	-3.8524899999999998e-10	-4.9999999999999998e-08	-4.0264800000000003	-1.228430025966941	-1.2017331233878981	-0.026696902579042892	4.1322321849773474e-07	-1110711262685.0601	-2.36435643702429	0
-30.899999999999999	-3.9136400000000001e-10	-4.9999999999999998e-08	-4.0228000000000002	-1.2250509594596246	-1.1984956127984403	-0.026555346661184309	4.1542594598313506e-07	-1114317468083.3799	-2.32674997644766	0
-31	-4.13883e-10	-4.9999999999999998e-08	-4.0042	-1.2217975609710277	-1.195382219028972	-0.026415341942055637	4.1762775707510258e-07	-1117923673481.71	-2.3100820646076201	0
-31.100000000000001	-5.0727099999999995e-10	-4.9999999999999998e-08	-3.9944700000000002	-1.2186477776596656	-1.1923709155661404	-0.0262768620935252	4.1982866783590897e-07	-1121529878880.04	-2.2730598957083199	0
-31.199999999999999	-3.8951599999999998e-10	-4.9999999999999998e-08	-3.9825900000000001	-1.2155030119836712	-1.1893631393066511	-0.026139872677020115	4.2202883479730002e-07	-1125136084278.3701	-2.35106880662318	0
-31.300000000000001	-4.9012900000000003e-10	-4.9999999999999998e-08	-3.96482	-1.212313805613946	-1.1863094614828278	-0.026004344131118184	4.2422835015597887e-07	-1128742289676.7	-2.31128047317981	0
-31.399999999999999	-2.9151399999999999e-10	-4.9999999999999998e-08	-3.9598	-1.2090256761287197	-1.1831554196777319	-0.025870256450987839	4.2642716080270391e-07	-1132348495075.02	-2.3186505910975201	0
-31.5	-3.5433800000000002e-10	-4.9999999999999998e-08	-3.9472100000000001	-1.2057328246189019	-1.1799952363488404	-0.025737588270061451	4.2862524226735715e-07	-1135954700473.3501	-2.2866897051794099	0
-31.600000000000001	-4.4784500000000002e-10	-4.9999999999999998e-08	-3.9496699999999998	-1.2024098570403676	-1.1768035358628579	-0.025606321177509717	4.3082252742037382e-07	-1139560905871.6799	-2.2364089904452702	0
-31.699999999999999	-4.8408499999999999e-10	-4.9999999999999998e-08	-3.9302000000000001	-1.1990795667779199	-1.1736031364478872	-0.025476430330032773	4.3301906368836201e-07	-1143167111270.01	-2.23864586499761	0
-31.800000000000001	-4.6895699999999998e-10	-4.9999999999999998e-08	-3.9264299999999999	-1.1957058248531589	-1.1703579370823252	-0.025347887770833744	4.3521496178968293e-07	-1146773316668.3401	-2.2134871449039499	0
-31.899999999999999	-4.6159000000000001e-10	-4.9999999999999998e-08	-3.90591	-1.1922772091570142	-1.1670565421333086	-0.025220667023705623	4.374103189762386e-07	-1150379522066.6699	-2.2950024717120301	0
-32	-4.2399200000000002e-10	-4.9999999999999998e-08	-3.9116200000000001	-1.1887529185061971	-1.1636581743970285	-0.025094744109168676	4.3960520018221591e-07	-1153985727464.99	-2.2693522170120901	0
-32.100000000000001	-4.8950899999999999e-10	-4.9999999999999998e-08	-3.8938100000000002	-1.1851597047992053	-1.1601896093943429	-0.024970095404862391	4.4179967392052399e-07	-1157591932863.3201	-2.34722159270552	0
-32.200000000000003	-3.60525e-10	-4.9999999999999998e-08	-3.8799399999999999	-1.1814608108485964	-1.1566141139901129	-0.024846696858483508	4.4399382624036619e-07	-1161198138261.6499	-2.3380379324735099	0
-32.299999999999997	-4.9260900000000001e-10	-4.9999999999999998e-08	-3.86713	-1.177764863509779	-1.1530403387482853	-0.024724524761493782	4.4618774735009596e-07	-1164804343659.98	-2.4086166444166799	0
-32.399999999999999	-4.8362000000000003e-10	-4.9999999999999998e-08	-3.8567100000000001	-1.1741689543091425	-1.1495653953682765	-0.024603558940865966	4.4838147335298869e-07	-1168410549058.3101	-2.3942172240109301	0
-32.5	-4.6000500000000001e-10	-4.9999999999999998e-08	-3.8517700000000001	-1.1706088799012531	-1.1461250981632627	-0.024483781737990373	4.5057500208454588e-07	-1172016754456.6299	-2.4025589069341202	0
-32.600000000000001	-4.5193399999999999e-10	-4.9999999999999998e-08	-3.83501	-1.1671155865357197	-1.1427504144320217	-0.02436517210369793	4.5276840075996316e-07	-1175622959854.96	-2.37415420341924	0
-32.700000000000003	-3.7835800000000001e-10	-4.9999999999999998e-08	-3.8219099999999999	-1.1636041689982581	-1.1393564580985152	-0.02424771089974298	4.5496170971543187e-07	-1179229165253.29	-2.39195027149426	0
-32.799999999999997	-3.5659100000000001e-10	-4.9999999999999998e-08	-3.8039800000000001	-1.1601284559707765	-1.1359970733840616	-0.024131382586714878	4.571549088822593e-07	-1182835370651.6201	-2.4918255009050601	0
-32.899999999999999	-4.59564e-10	-4.9999999999999998e-08	-3.7931699999999999	-1.1567749079223246	-1.1327587314325134	-0.024016176489811247	4.5934789046511052e-07	-1186441576049.95	-2.4541455734076298	0
-33	-5.0189499999999995e-10	-4.9999999999999998e-08	-3.7784599999999999	-1.1535231057144548	-1.1296210207371575	-0.023902084977297289	4.6154048979872673e-07	-1190047781448.27	-2.5244667707414199	0
-33.100000000000001	-5.3600100000000002e-10	-4.9999999999999998e-08	-3.76939	-1.1504013362230805	-1.1266122408736936	-0.023789095349386891	4.6373264075873731e-07	-1193653986846.6001	-2.5069148302722901	0
-33.200000000000003	-4.8655299999999996e-10	-4.9999999999999998e-08	-3.7625000000000002	-1.1472909414292498	-1.123613744054621	-0.023677197374628811	4.6592423220890287e-07	-1197260192244.9299	-2.4889451560055198	0
-33.299999999999997	-4.0899499999999999e-10	-4.9999999999999998e-08	-3.7467600000000001	-1.1441341682435735	-1.1205677894983621	-0.023566378745211392	4.6811519609792403e-07	-1200866397643.26	-2.5251883126695098	0
-33.399999999999999	-4.9154800000000001e-10	-4.9999999999999998e-08	-3.7412800000000002	-1.1409299547696397	-1.1174733258755212	-0.023456628894118481	4.7030543295156489e-07	-1204472603041.5901	-2.4384538713939299	0
-33.5	-6.1937599999999995e-10	-4.9999999999999998e-08	-3.73123	-1.1377569796965012	-1.1144090432067237	-0.02334793648977751	4.7249486105389456e-07	-1208078808439.9099	-2.4889470540312399	0
-33.600000000000001	-4.80711e-10	-4.9999999999999998e-08	-3.7292200000000002	-1.1345966030504611	-1.1113563108205062	-0.023240292229954829	4.7468336019516658e-07	-1211685013838.24	-2.4189627799983402	0
-33.700000000000003	-4.52423e-10	-4.9999999999999998e-08	-3.7209599999999998	-1.1314162352176269	-1.108282549943663	-0.023133685273963867	4.768708434037724e-07	-1215291219236.5701	-2.4090590981776399	0
-33.799999999999997	-3.9577500000000001e-10	-4.9999999999999998e-08	-3.71936	-1.128167977282827	-1.1051398691687853	-0.023028108114041768	4.7905715714899607e-07	-1218897424634.8999	-2.4294560734542698	0
-33.899999999999999	-5.1492499999999996e-10	-4.9999999999999998e-08	-3.7032099999999999	-1.1249424560835934	-1.1020189084325356	-0.022923547651057863	4.8124226561954038e-07	-1222503630033.23	-2.4758551409049501	0
-34	-4.6092300000000002e-10	-4.9999999999999998e-08	-3.69184	-1.1218359477024038	-1.0990159616524344	-0.022819986049969376	4.8342623801241908e-07	-1226109835431.5601	-2.4622543766224401	0
-34.100000000000001	-4.4445999999999998e-10	-4.9999999999999998e-08	-3.6820900000000001	-1.1187833339061843	-1.096065926093815	-0.022717407812369306	4.856091020044079e-07	-1229716040829.8799	-2.4111353739546901	0
-34.200000000000003	-5.99337e-10	-4.9999999999999998e-08	-3.6803599999999999	-1.115800835557476	-1.0931850392812332	-0.022615796276242772	4.877909171485215e-07	-1233322246228.21	-2.5104094958593399	0
-34.299999999999997	-5.28634e-10	-4.9999999999999998e-08	-3.6678099999999998	-1.1128577069656056	-1.0903425691634263	-0.022515137802179286	4.8997168503071697e-07	-1236928451626.54	-2.4253924640894402	0
-34.399999999999999	-4.0322500000000002e-10	-4.9999999999999998e-08	-3.6633300000000002	-1.1100347866722513	-1.0876193691342	-0.022415417538051319	4.9215143946819498e-07	-1240534657024.8701	-2.4311845722734899	0
-34.5	-5.7218099999999999e-10	-4.9999999999999998e-08	-3.65882	-1.1073527859258372	-1.0850361692354531	-0.022316616690384095	4.9433030824901033e-07	-1244140862423.2	-2.4063489091400698	0
-34.600000000000001	-5.4504899999999999e-10	-4.9999999999999998e-08	-3.6571199999999999	-1.1047696675705028	-1.0825509501714328	-0.022218717399069998	4.9650840818085809e-07	-1247747067821.52	-2.4677166839621099	0
-34.700000000000003	-4.9568400000000002e-10	-4.9999999999999998e-08	-3.6397300000000001	-1.1023259076169525	-1.0802042056088539	-0.022121702008098598	4.986858607711976e-07	-1251353273219.8501	-2.51304128242931	0
-34.799999999999997	-5.4278399999999999e-10	-4.9999999999999998e-08	-3.6361500000000002	-1.099977749125866	-1.0779521895838113	-0.022025559542054651	5.0086264489984805e-07	-1254959478618.1799	-2.6041211143588598	0
-34.899999999999999	-5.3965999999999997e-10	-4.9999999999999998e-08	-3.6340599999999998	-1.0977285738321036	-1.0757982906840255	-0.0219302831480781	5.030386490289967e-07	-1258565684016.51	-2.4900253863090498	0
-35	-5.2160000000000004e-10	-4.9999999999999998e-08	-3.6264799999999999	-1.0955318784427905	-1.0736960141378546	-0.021835864304935892	5.0521380118390359e-07	-1262171889414.8401	-2.4456309808684802	0
-35.100000000000001	-5.1048999999999996e-10	-4.9999999999999998e-08	-3.6170599999999999	-1.0933968041530877	-1.0716545155243316	-0.021742288628756157	5.0738816855931371e-07	-1265778094813.1599	-2.47526602577071	0
-35.200000000000003	-4.2718600000000002e-10	-4.9999999999999998e-08	-3.5977800000000002	-1.0913017177120281	-1.0696521726105526	-0.021649545101475542	5.0956174625954148e-07	-1269384300211.49	-2.5006061899768799	0
-35.299999999999997	-4.7366600000000005e-10	-4.9999999999999998e-08	-3.5975199999999998	-1.0893082114813142	-1.0677505888412666	-0.021557622640047569	5.1173453547418792e-07	-1272990505609.8201	-2.63129885138002	0
-35.399999999999999	-5.8372000000000003e-10	-4.9999999999999998e-08	-3.5902799999999999	-1.08736136123903	-1.0658948468254865	-0.021466514413543525	5.1390644028694642e-07	-1276596711008.1499	-2.48131265897505	0
-35.5	-5.8014399999999996e-10	-4.9999999999999998e-08	-3.5793699999999999	-1.0854137719048702	-1.0640375616435174	-0.021376210261352835	5.1607744650498267e-07	-1280202916406.48	-2.4291474488197	0
-35.600000000000001	-4.264e-10	-4.9999999999999998e-08	-3.5666799999999999	-1.0834509486492911	-1.0621642516732899	-0.021286696976001274	5.1824761822230392e-07	-1283809121804.8	-2.5306212934605101	0
-35.700000000000003	-5.4298599999999997e-10	-4.9999999999999998e-08	-3.5586899999999999	-1.0814611127841354	-1.0602631488287679	-0.021197963955367438	5.2041696225449395e-07	-1287415327203.1299	-2.54485578314255	0
-35.799999999999997	-5.8928700000000001e-10	-4.9999999999999998e-08	-3.5515699999999999	-1.079430029634876	-1.0583200297199629	-0.021109999914913136	5.2258550696815445e-07	-1291021532601.46	-2.5761439541699001	0
-35.899999999999999	-5.5810199999999998e-10	-4.9999999999999998e-08	-3.5437500000000002	-1.077375183356355	-1.0563523882565482	-0.021022795099806757	5.2475324785589446e-07	-1294627737999.79	-2.55846747058593	0
-36	-5.2210099999999999e-10	-4.9999999999999998e-08	-3.5477599999999998	-1.075254318556947	-1.0543179820882143	-0.020936336468732719	5.2692026726394767e-07	-1298233943398.1201	-2.5595843775742502	0
-36.100000000000001	-5.8093099999999999e-10	-4.9999999999999998e-08	-3.53803	-1.0730607580177158	-1.0522101487564777	-0.020850609261238162	5.2908669811106918e-07	-1301840148796.45	-2.5341093461233499	0
-36.200000000000003	-5.5117600000000002e-10	-4.9999999999999998e-08	-3.5298799999999999	-1.0708254892154487	-1.0500598882039061	-0.020765601011542678	5.3125262310012129e-07	-1305446354194.77	-2.5197446983227501	0
-36.299999999999997	-5.8530599999999998e-10	-4.9999999999999998e-08	-3.5270700000000001	-1.0686319436091916	-1.047950644777905	-0.020681298831286554	5.3341814252709135e-07	-1309052559593.1001	-2.5282329838542599	0
-36.399999999999999	-5.0485099999999998e-10	-4.9999999999999998e-08	-3.5125700000000002	-1.0665545611281808	-1.0459568698395612	-0.020597691288619657	5.355833259685614e-07	-1312658764991.4299	-2.5001656415432598	0
-36.5	-6.2463299999999997e-10	-4.9999999999999998e-08	-3.5148899999999998	-1.064524664869001	-1.0440098973890637	-0.020514767479937301	5.3774823518820088e-07	-1316264970389.76	-2.49775172955776	0
-36.600000000000001	-4.7565699999999996e-10	-4.9999999999999998e-08	-3.50888	-1.0624130094235704	-1.041980495415139	-0.020432514008431379	5.3991300351392724e-07	-1319871175788.0901	-2.6708917715839999	0
-36.700000000000003	-6.1473799999999997e-10	-4.9999999999999998e-08	-3.5007600000000001	-1.0603160721210731	-1.0399651504595722	-0.020350921661500987	5.4207766071361936e-07	-1323477381186.4099	-2.6049769067481998	0
-36.799999999999997	-5.9118300000000005e-10	-4.9999999999999998e-08	-3.4929600000000001	-1.0581813546774843	-1.0379113724192897	-0.020269982258194652	5.4424221329412874e-07	-1327083586584.74	-2.6425840930805	0
-36.899999999999999	-6.3869999999999998e-10	-4.9999999999999998e-08	-3.4903900000000001	-1.0561077873409814	-1.0359181026590181	-0.02018968468196336	5.4640675084380691e-07	-1330689791983.0701	-2.60526970060707	0
-37	-4.1826999999999999e-10	-4.9999999999999998e-08	-3.48685	-1.054076512114172	-1.033966493047118	-0.020110019067054008	5.4857133505685266e-07	-1334295997381.3999	-2.6269658988451501	0
-37.100000000000001	-6.6063399999999995e-10	-4.9999999999999998e-08	-3.4703599999999999	-1.052082584306604	-1.0320516047256536	-0.020030979580950348	5.507359219777702e-07	-1337902202779.73	-2.6405103135276198	0
-37.200000000000003	-5.8988299999999996e-10	-4.9999999999999998e-08	-3.4729199999999998	-1.0501371202476311	-1.0301845584620459	-0.019952561785585132	5.5290043084104443e-07	-1341508408178.05	-2.54118729721811	0
-37.299999999999997	-3.8267400000000002e-10	-4.9999999999999998e-08	-3.4561500000000001	-1.0482254840253409	-1.0283507227488526	-0.01987476127648824	5.550647806111326e-07	-1345114613576.3799	-2.6278662003378601	0
-37.399999999999999	-6.5100200000000004e-10	-4.9999999999999998e-08	-3.43736	-1.0463625833831729	-1.0265650088748919	-0.019797574508281013	5.5722886674921518e-07	-1348720818974.71	-2.6395204115381898	0
-37.5	-5.2221999999999998e-10	-4.9999999999999998e-08	-3.4329399999999999	-1.0445091644448627	-1.0247881673293309	-0.01972099711553188	5.5939260793989779e-07	-1352327024373.04	-2.7848938374790602	0
-37.600000000000001	-4.5633299999999999e-10	-4.9999999999999998e-08	-3.4224800000000002	-1.0426093763889652	-1.0229643506432928	-0.019645025745672395	5.6155589462959963e-07	-1355933229771.3701	-2.7737247596059098	0
-37.700000000000003	-4.8215399999999997e-10	-4.9999999999999998e-08	-3.4207299999999998	-1.0406936156991344	-1.0211239577847362	-0.019569657914398242	5.6371859211274315e-07	-1359539435169.7	-2.7335516817011798	0
-37.799999999999997	-4.6731200000000003e-10	-4.9999999999999998e-08	-3.4099200000000001	-1.0387859358142069	-1.019291047121277	-0.019494888692929813	5.658806357603602e-07	-1363145640568.02	-2.7496904293311499	0
-37.899999999999999	-5.4767100000000004e-10	-4.9999999999999998e-08	-3.4054899999999999	-1.0368818485015099	-1.0174611377565548	-0.019420710744955105	5.6804203267886536e-07	-1366751845966.3501	-2.67488606368671	0
-38	-5.0405299999999996e-10	-4.9999999999999998e-08	-3.4005000000000001	-1.0349993368636825	-1.0156522226201885	-0.019347114243494001	5.7020286688710277e-07	-1370358051364.6799	-2.8004223286261101	0
-38.100000000000001	-4.6474900000000002e-10	-4.9999999999999998e-08	-3.3906800000000001	-1.032961510838204	-1.0136874183553441	-0.019274092482859828	5.723631355117229e-07	-1373964256763.01	-2.8274845885766	0
-38.200000000000003	-6.0234100000000002e-10	-4.9999999999999998e-08	-3.3843100000000002	-1.0309524898728795	-1.011750846772282	-0.019201643100597465	5.7452270880346291e-07	-1377570462161.3401	-3.7237446631281901	0
-38.299999999999997	-5.9964699999999997e-10	-4.9999999999999998e-08	-3.37303	-1.0289831004516214	-1.0098533408709591	-0.01912975958066232	5.766815814446651e-07	-1381176667559.6599	-3.7780070689800298	0
-38.399999999999999	-5.0666300000000001e-10	-4.9999999999999998e-08	-3.3632	-1.0269954009777418	-1.0079369623448386	-0.01905843863290313	5.7883965313858097e-07	-1384782872957.99	-3.2400888896992499	0
-38.5	-5.2393700000000003e-10	-4.9999999999999998e-08	-3.3673000000000002	-1.0249660917272962	-1.0059784176598006	-0.018987674067495686	5.8099691244002795e-07	-1388389078356.3201	-2.6584958840600801	0
-38.600000000000001	-4.7669399999999997e-10	-4.9999999999999998e-08	-3.3629799999999999	-1.0230100712902754	-1.0040906012581117	-0.018919470032163765	5.8309138622161004e-07	-1391995283754.6499	-2.5788144491774498	0
-38.700000000000003	-4.9908200000000001e-10	-4.9999999999999998e-08	-3.3549000000000002	-1.0211686348122713	-1.0023148292845028	-0.018853805527768497	5.8512219145278733e-07	-1395601489152.98	-2.60660109050872	0
-38.799999999999997	-5.6130899999999999e-10	-4.9999999999999998e-08	-3.34903	-1.0194260403336317	-1.0006353807954005	-0.018790659538231225	5.8708849389705917e-07	-1399207694551.3	-2.7223485754810799	0
-38.899999999999999	-6.1486999999999997e-10	-4.9999999999999998e-08	-3.3406400000000001	-1.0178016191061421	-0.99907160744224444	-0.01873001166389765	5.88989489467136e-07	-1402813899949.6299	-2.7403703578631302	0
-39	-5.3336599999999996e-10	-4.9999999999999998e-08	-3.3384399999999999	-1.0162780973241266	-0.99760625593393748	-0.01867184139018907	5.9082442792327471e-07	-1406420105347.96	-2.85335555537204	0
-39.100000000000001	-5.9006200000000005e-10	-4.9999999999999998e-08	-3.3264200000000002	-1.0148470075858096	-0.99623087818838374	-0.018616129397425851	5.9259257239359334e-07	-1410026310746.29	-2.8427605623941798	0
-39.200000000000003	-4.5806199999999998e-10	-4.9999999999999998e-08	-3.3297300000000001	-1.0135397500426226	-0.99497689211866747	-0.018562857923955178	5.942931876559902e-07	-1413632516144.6201	-2.8095030088414599	0
-39.299999999999997	-6.1100700000000002e-10	-4.9999999999999998e-08	-3.3223500000000001	-1.0122791549041197	-0.99376714622491225	-0.018512008679207437	5.9592560692905254e-07	-1417238721542.9399	-2.7966457774908799	0
-39.399999999999999	-6.3808000000000003e-10	-4.9999999999999998e-08	-3.3152699999999999	-1.0110527181672651	-0.99258915515531554	-0.018463563011949513	5.9748922786424666e-07	-1420844926941.27	-2.6673150511669199	0
-39.5	-5.5654000000000002e-10	-4.9999999999999998e-08	-3.3130299999999999	-1.0098288095370016	-0.99141130694686896	-0.018417502590132639	5.9898349158061011e-07	-1424451132339.6001	-2.7010366561145598	0
-39.600000000000001	-4.5738199999999999e-10	-4.9999999999999998e-08	-3.3029299999999999	-1.0086636639371043	-0.99028985506289557	-0.018373808874208697	6.0040790035199954e-07	-1428057337737.9299	-5.42573383201319	0
-39.700000000000003	-5.4796900000000001e-10	-4.9999999999999998e-08	-3.29175	-1.0076013837535833	-0.98926891614964252	-0.018332467603940805	6.0176187112209341e-07	-1431663543136.26	-3.92389328126231	0
-39.799999999999997	-6.4389699999999999e-10	-4.9999999999999998e-08	-3.2793199999999998	-1.0065588306236706	-0.98826537018278127	-0.018293460440889309	6.0304500853072531e-07	-1435269748534.5801	-3.1568626186162101	0
-39.899999999999999	-7.2486399999999995e-10	-4.9999999999999998e-08	-3.2695599999999998	-1.0056249481041923	-0.98736817908935604	-0.018256769014836305	6.0425697442234372e-07	-1438875953932.9099	-2.8169631487308799	0
-40	-5.2809700000000004e-10	-4.9999999999999998e-08	-3.26701	-1.0047780355105296	-0.98655565903785769	-0.018222376472671886	6.0539743672714419e-07	-1442482159331.24	-2.8210948188354399	0
