0 5.265e-10 0 0 -0.1886708 -0.15320554 -0.035465262 0 0 0 0
-0.1 3.48473e-10 0 0 -0.17875939 -0.17184859 -0.0069107954 0 -3.6062054e+09 0 0
-0.2 3.37565e-10 0 0 -0.27611463 -0.084609238 -0.19150539 0 -7.2124108e+09 0 0
-0.3 3.13544e-10 0 0 -0.4149892 0.017655684 -0.43264488 0 -1.0818616e+10 0 0
-0.4 3.11863e-10 0 0 -0.53903063 0.11900782 -0.65803845 0 -1.4424822e+10 0 0
-0.5 2.97213e-10 0 0 -0.24970345 -0.19706393 -0.052639514 0 -1.8031027e+10 0 0
-0.6 2.17605e-10 0 0 -0.56062419 0.084446898 -0.64507108 0 -2.1637232e+10 0 0
-0.7 3.68822e-10 0 0 -0.30102515 -0.23026827 -0.070756878 0 -2.5243438e+10 0 0
-0.8 2.42221e-10 0 0 -0.28347786 -0.25635215 -0.027125705 0 -2.8849643e+10 0 0
-0.9 2.79188e-10 0 0 -0.32312709 -0.21838811 -0.10473898 0 -3.2455849e+10 0 0
-1 2.04945e-10 0 0 -0.48354341 -0.068110618 -0.4154328 0 -3.6062054e+10 0 0
-1.1 2.707e-10 0 0 -0.19945368 -0.36576565 0.16631197 0 -3.9668259e+10 0 0
-1.2 1.5415e-10 0 0 -0.51871935 -0.064364784 -0.45435457 0 -4.3274465e+10 0 0
-1.3 2.20823e-10 0 0 -0.71773091 0.09116844 -0.80889935 0 -4.688067e+10 0 0
-1.4 1.85573e-10 0 0 -0.43433091 -0.22076681 -0.21356411 0 -5.0486876e+10 0 0
-1.5 1.36173e-10 0 0 -0.20288573 -0.48120782 0.2783221 0 -5.4093081e+10 0 0
-1.6 2.93148e-10 0 0 -0.37113318 -0.3638207 -0.007312472 0 -5.7699286e+10 0 0
-1.7 2.43747e-10 0 0 -0.47963268 -0.29416471 -0.18546797 0 -6.1305492e+10 0 0
-1.8 3.1091e-10 0 0 -0.19912557 -0.58651425 0.38738868 0 -6.4911697e+10 0 0
-1.9 2.70689e-10 0 0 -0.55163736 -0.2344712 -0.31716616 0 -6.8517903e+10 0 0
-2 1.85585e-10 0 0 -0.70187285 -0.085895356 -0.6159775 0 -7.2124108e+10 0 0
-2.1 2.1832e-10 0 0 -0.83113351 0.067432947 -0.89856646 0 -7.5730313e+10 0 0
-2.2 2.04492e-10 0 0 -0.53026662 -0.23076672 -0.29949991 0 -7.9336519e+10 0 0
-2.3 1.5012e-10 0 0 -0.26837756 -0.52390885 0.25553129 0 -8.2942724e+10 0 0
-2.4 1.9871e-10 0 0 -0.43275742 -0.39192616 -0.040831261 0 -8.654893e+10 0 0
-2.5 2.65968e-10 0 0 -0.37403032 -0.48048496 0.10645464 0 -9.0155135e+10 0 0
-2.6 1.55187e-10 0 0 -0.42760836 -0.44871882 0.021110457 0 -9.376134e+10 0 0
-2.7 1.83654e-10 0 0 -0.59112894 -0.28147741 -0.30965153 0 -9.7367546e+10 0 0
-2.8 1.53315e-10 0 0 -0.3312594 -0.55104801 0.2197886 0 -1.0097375e+11 0 0
-2.9 2.49386e-11 0 0 -0.68769605 -0.20481433 -0.48288172 0 -1.0457996e+11 0 0
-3 2.00331e-10 0 0 -0.86358489 -0.014279352 -0.84930554 0 -1.0818616e+11 0 0
-3.1 1.4503e-10 0 0 -0.6004019 -0.28563186 -0.31477004 0 -1.1179237e+11 0 0
-3.2 -4.5979e-11 0 0 -0.87157429 -0.053328568 -0.81824572 0 -1.1539857e+11 0 0
-3.3 2.09475e-10 0 0 -0.33431161 -0.61546582 0.2811542 0 -1.1900478e+11 0 0
-3.4 1.84619e-10 0 0 -0.42698677 -0.51054072 0.083553949 0 -1.2261098e+11 0 0
-3.5 2.53665e-10 0 0 -0.40762027 -0.53389821 0.12627794 0 -1.2621719e+11 0 0
-3.6 -1.53387e-10 0 0 -0.53514785 -0.4259107 -0.10923715 0 -1.2982339e+11 0 0
-3.7 3.32499e-10 0 0 -0.53306696 -0.43024374 -0.10282322 0 -1.334296e+11 0 0
-3.8 -3.89743e-10 0 0 -0.63557173 -0.29301036 -0.34256137 0 -1.3703581e+11 0 0
-3.9 2.42412e-10 0 0 -0.60573979 -0.35885753 -0.24688225 0 -1.4064201e+11 0 0
-4 -4.758e-10 0 0 -0.69675863 -0.33434297 -0.36241566 0 -1.4424822e+11 0 0
-4.1 2.8547e-10 0 0 -0.89820812 -0.21409117 -0.68411695 0 -1.4785442e+11 0 0
-4.2 2.98131e-10 0 0 -0.95876164 -0.26025289 -0.69850874 0 -1.5146063e+11 0 0
-4.3 3.5423e-10 0 0 -1.0274895 -0.31901095 -0.70847855 0 -1.5506683e+11 0 0
-4.4 3.5516e-10 0 0 -1.0997501 -0.36330194 -0.7364482 0 -1.5867304e+11 0 0
-4.5 4.49407e-10 0 0 -1.1919785 -0.41330753 -0.77867092 0 -1.6227924e+11 0 0
-4.6 4.31228e-10 0 0 -1.0423954 -0.71284627 -0.32954912 0 -1.6588545e+11 0 0
-4.7 5.99873e-10 0 0 -0.83069683 -1.0568291 0.22613224 0 -1.6949165e+11 0 0
-4.8 -1.03853e-09 0 0 -1.0715711 -0.96324858 -0.10832252 0 -1.7309786e+11 0 0
-4.9 6.2499e-10 0 0 -1.3232541 -0.88684261 -0.43641153 0 -1.7670406e+11 0 0
-5 6.92332e-10 0 0 -1.4234651 -0.96799288 -0.45547227 0 -1.8031027e+11 0 0
-5.1 7.10142e-10 0 0 -1.7221536 -0.8445064 -0.87764718 0 -1.8391648e+11 0 0
-5.2 4.12822e-10 0 0 -1.6175265 -1.1250301 -0.49249639 0 -1.8752268e+11 0 0
-5.3 7.50244e-10 0 0 -1.4580656 -1.4531743 -0.004891356 0 -1.9112889e+11 0 0
-5.4 5.97429e-10 0 0 -1.788473 -1.2959367 -0.49253629 0 -1.9473509e+11 0 0
-5.5 6.1537e-10 0 0 -1.9294407 -1.3240778 -0.6053629 0 -1.983413e+11 0 0
-5.6 2.24018e-10 0 0 -1.8925809 -1.5338779 -0.35870296 0 -2.019475e+11 0 0
-5.7 1.30057e-10 0 0 -1.851925 -1.7574742 -0.09445086 0 -2.0555371e+11 0 0
-5.8 1.47796e-10 0 0 -1.8574616 -1.9374013 0.07993971 0 -2.0915991e+11 0 0
-5.9 1.26994e-10 0 0 -1.9136482 -2.0694036 0.1557554 0 -2.1276612e+11 0 0
-6 6.41346e-11 0 0 -1.9826303 -2.1911351 0.20850478 0 -2.1637232e+11 0 0
-6.1 9.96709e-11 0 0 -2.0642111 -2.303197 0.23898595 0 -2.1997853e+11 0 0
-6.2 1.04487e-10 0 0 -2.1701595 -2.4166331 0.24647367 0 -2.2358473e+11 0 0
-6.3 1.07288e-10 0 0 -2.2739725 -2.5088078 0.23483532 0 -2.2719094e+11 0 0
-6.4 1.1586e-10 0 0 -2.3926174 -2.6033523 0.21073493 0 -2.3079715e+11 0 0
-6.5 4.50015e-11 0 0 -2.5218107 -2.7025302 0.18071947 0 -2.3440335e+11 0 0
-6.6 1.05739e-10 0 0 -2.6522924 -2.8026352 0.15034281 0 -2.3800956e+11 0 0
-6.7 7.65204e-11 0 0 -2.7740063 -2.8964635 0.12245722 0 -2.4161576e+11 0 0
-6.8 2.09212e-11 0 0 -2.9030761 -3.0023667 0.09929062 0 -2.4522197e+11 0 0
-6.9 1.14644e-10 0 0 -3.0378091 -3.1187203 0.08091119 0 -2.4882817e+11 0 0
-7 9.74774e-11 0 0 -3.1610778 -3.2271542 0.06607645 0 -2.5243438e+11 0 0
-7.1 1.58322e-10 0 0 -3.273529 -3.3273789 0.05384997 0 -2.5604058e+11 0 0
-7.2 1.03331e-10 0 0 -3.3759956 -3.4190638 0.04306821 0 -2.5964679e+11 0 0
-7.3 9.18627e-11 0 0 -3.465126 -3.4998195 0.03469357 0 -2.6325299e+11 0 0
-7.4 4.02331e-11 0 0 -3.5437787 -3.570746 0.02696726 0 -2.668592e+11 0 0
-7.5 4.27604e-11 0 0 -3.6170062 -3.6371485 0.02014226 0 -2.704654e+11 0 0
-7.6 1.03867e-10 0 0 -3.6868591 -3.700883 0.01402391 0 -2.7407161e+11 0 0
-7.7 4.58241e-11 0 0 -3.7550752 -3.7627103 0.00763512 0 -2.7767782e+11 0 0
-7.8 3.03864e-11 0 0 -3.822055 -3.824123 0.00206795 0 -2.8128402e+11 0 0
-7.9 2.72989e-11 0 0 -3.8880989 -3.8862636 -0.00183531 0 -2.8489023e+11 0 0
-8 1.09053e-10 0 0 -3.9547211 -3.9486991 -0.00602208 0 -2.8849643e+11 0 0
-8.1 1.54757e-10 0 0 -4.0220372 -4.0121948 -0.00984248 0 -2.9210264e+11 0 0
-8.2 4.17233e-11 0 0 -4.0905654 -4.0762606 -0.01430477 0 -2.9570884e+11 0 0
-8.3 5.36442e-11 0 0 -4.1595195 -4.1417384 -0.01778111 0 -2.9931505e+11 0 0
-8.4 6.34313e-11 0 0 -4.2290685 -4.2083525 -0.02071597 0 -3.0292125e+11 0 0
-8.5 7.02858e-11 0 0 -4.2991828 -4.2760753 -0.02310752 0 -3.0652746e+11 0 0
-8.6 5.93781e-11 0 0 -4.3702363 -4.3444173 -0.02581898 0 -3.1013366e+11 0 0
-8.7 1.57309e-10 0 0 -4.4419289 -4.4130903 -0.02883862 0 -3.1373987e+11 0 0
-8.8 1.00696e-10 0 0 -4.5139765 -4.4819768 -0.03199966 0 -3.1734608e+11 0 0
-8.9 1.15716e-10 0 0 -4.5856913 -4.5514608 -0.03423052 0 -3.2095228e+11 0 0
-9 9.79781e-11 0 0 -4.6575454 -4.6211084 -0.03643704 0 -3.2455849e+11 0 0
-9.1 1.06776e-10 0 0 -4.7294632 -4.6907255 -0.03873775 0 -3.2816469e+11 0 0
-9.2 1.07706e-10 0 0 -4.8010209 -4.7602159 -0.040805 0 -3.317709e+11 0 0
-9.3 1.17898e-10 0 0 -4.8724539 -4.8287648 -0.04368903 0 -3.353771e+11 0 0
-9.4 1.63126e-10 0 0 -4.9425701 -4.8970064 -0.0455637 0 -3.3898331e+11 0 0
-9.5 1.36411e-10 0 0 -5.0122384 -4.9643313 -0.04790714 0 -3.4258951e+11 0 0
-9.6 9.1815e-11 0 0 -5.0810133 -5.031502 -0.04951127 0 -3.4619572e+11 0 0
-9.7 9.31025e-11 0 0 -5.1492543 -5.0983144 -0.05093998 0 -3.4980192e+11 0 0
-9.8 1.79088e-10 0 0 -5.2181759 -5.1636242 -0.05455171 0 -3.5340813e+11 0 0
-9.9 1.791e-10 0 0 -5.2857586 -5.2293512 -0.05640739 0 -3.5701433e+11 0 0
-10 1.09446e-10 0 0 -5.353916 -5.2934412 -0.06047474 0 -3.6062054e+11 0 0
-10.1 8.22544e-11 0 0 -5.4196862 -5.3588451 -0.06084107 0 -3.6422675e+11 0 0
-10.2 1.10984e-10 0 0 -5.4851759 -5.4235733 -0.06160262 0 -3.6783295e+11 0 0
-10.3 9.87411e-11 0 0 -5.5504249 -5.4876842 -0.06274066 0 -3.7143916e+11 0 0
-10.4 6.64949e-11 0 0 -5.6157924 -5.5510226 -0.06476984 0 -3.7504536e+11 0 0
-10.5 1.39987e-10 0 0 -5.6811373 -5.6136338 -0.06750359 0 -3.7865157e+11 0 0
-10.6 9.00745e-11 0 0 -5.7446644 -5.6771691 -0.06749527 0 -3.8225777e+11 0 0
-10.7 6.41942e-11 0 0 -5.8083722 -5.7397493 -0.06862289 0 -3.8586398e+11 0 0
-10.8 4.21762e-11 0 0 -5.8709393 -5.8025876 -0.06835172 0 -3.8947018e+11 0 0
-10.9 7.77721e-11 0 0 -5.9350431 -5.8629148 -0.07212829 0 -3.9307639e+11 0 0
-11 1.20139e-10 0 0 -5.9985619 -5.9224562 -0.07610571 0 -3.9668259e+11 0 0
-11.1 8.19921e-11 0 0 -6.0617907 -5.9811787 -0.08061207 0 -4.002888e+11 0 0
-11.2 1.19865e-10 0 0 -6.1228452 -6.0411261 -0.08171914 0 -4.03895e+11 0 0
-11.3 1.35815e-10 0 0 -6.1852639 -6.0997096 -0.08555425 0 -4.0750121e+11 0 0
-11.4 9.08971e-11 0 0 -6.2467264 -6.1592542 -0.08747225 0 -4.1110742e+11 0 0
-11.5 1.54746e-10 0 0 -6.3081187 -6.2184889 -0.08962983 0 -4.1471362e+11 0 0
-11.6 2.82049e-11 0 0 -6.3675145 -6.2783909 -0.08912355 0 -4.1831983e+11 0 0
-11.7 1.90258e-11 0 0 -6.4273874 -6.3356928 -0.09169458 0 -4.2192603e+11 0 0
-11.8 -3.26633e-11 0 0 -6.4859887 -6.3921385 -0.09385022 0 -4.2553224e+11 0 0
-11.9 1.51134e-10 0 0 -6.5443895 -6.4469767 -0.09741285 0 -4.2913844e+11 0 0
-12 1.56581e-10 0 0 -6.5999432 -6.5031265 -0.09681664 0 -4.3274465e+11 0 0
-12.1 1.19996e-10 0 0 -6.6560112 -6.5569505 -0.09906077 0 -4.3635085e+11 0 0
-12.2 6.41346e-11 0 0 -6.7102312 -6.6108801 -0.09935117 0 -4.3995706e+11 0 0
-12.3 -3.227e-11 0 0 -6.7650786 -6.6628803 -0.10219824 0 -4.4356326e+11 0 0
-12.4 -6.90222e-12 0 0 -6.8171853 -6.717034 -0.10015137 0 -4.4716947e+11 0 0
-12.5 -6.33001e-12 0 0 -6.8709332 -6.7695408 -0.10139235 0 -4.5077567e+11 0 0
-12.6 4.38452e-11 0 0 -6.9260082 -6.8208818 -0.10512639 0 -4.5438188e+11 0 0
-12.7 -1.07086e-10 0 0 -6.9810604 -6.871918 -0.10914241 0 -4.5798809e+11 0 0
-12.8 5.62668e-11 0 0 -7.0351608 -6.9228878 -0.11227291 0 -4.6159429e+11 0 0
-12.9 1.58918e-10 0 0 -7.0869519 -6.9745407 -0.11241119 0 -4.652005e+11 0 0
-13 2.64049e-11 0 0 -7.1375072 -7.0254771 -0.11203012 0 -4.688067e+11 0 0
-13.1 7.5376e-11 0 0 -7.1857867 -7.0768625 -0.1089242 0 -4.7241291e+11 0 0
-13.2 1.01256e-10 0 0 -7.2355287 -7.1253817 -0.11014704 0 -4.7601911e+11 0 0
-13.3 -1.52588e-12 0 0 -7.284875 -7.1726645 -0.11221046 0 -4.7962532e+11 0 0
-13.4 5.35727e-11 0 0 -7.3335178 -7.2188324 -0.11468537 0 -4.8323152e+11 0 0
-13.5 1.02007e-10 0 0 -7.3806448 -7.2640261 -0.11661864 0 -4.8683773e+11 0 0
-13.6 1.37174e-10 0 0 -7.4257462 -7.3089922 -0.11675392 0 -4.9044393e+11 0 0
-13.7 4.76837e-14 0 0 -7.469039 -7.3535174 -0.1155216 0 -4.9405014e+11 0 0
-13.8 9.29713e-11 0 0 -7.5134388 -7.3949261 -0.11851271 0 -4.9765634e+11 0 0
-13.9 4.86493e-11 0 0 -7.5558379 -7.4361964 -0.11964149 0 -5.0126255e+11 0 0
-14 6.41823e-11 0 0 -7.5997856 -7.4747973 -0.12498827 0 -5.0486876e+11 0 0
-14.1 3.59416e-11 0 0 -7.6417417 -7.5146759 -0.12706576 0 -5.0847496e+11 0 0
-14.2 -4.09365e-11 0 0 -7.6834157 -7.5538539 -0.12956185 0 -5.1208117e+11 0 0
-14.3 9.60827e-12 0 0 -7.7219017 -7.5950647 -0.12683697 0 -5.1568737e+11 0 0
-14.4 -6.18935e-11 0 0 -7.7615374 -7.633179 -0.12835846 0 -5.1929358e+11 0 0
-14.5 -1.11985e-10 0 0 -7.7992754 -7.6716493 -0.12762606 0 -5.2289978e+11 0 0
-14.6 -4.05192e-11 0 0 -7.8382041 -7.7071758 -0.13102823 0 -5.2650599e+11 0 0
-14.7 -3.34382e-11 0 0 -7.8756757 -7.7433797 -0.13229598 0 -5.3011219e+11 0 0
-14.8 -6.71864e-11 0 0 -7.9127196 -7.779686 -0.13303357 0 -5.337184e+11 0 0
-14.9 -2.25186e-11 0 0 -7.9493895 -7.8163193 -0.13307017 0 -5.373246e+11 0 0
-15 7.51615e-11 0 0 -7.987708 -7.8505961 -0.13711194 0 -5.4093081e+11 0 0
-15.1 -1.12295e-11 0 0 -8.023361 -7.8862383 -0.13712262 0 -5.4453702e+11 0 0
-15.2 -3.42131e-11 0 0 -8.0595967 -7.9203205 -0.13927626 0 -5.4814322e+11 0 0
-15.3 -7.11203e-11 0 0 -8.0955947 -7.9536983 -0.14189642 0 -5.5174943e+11 0 0
-15.4 -9.72986e-11 0 0 -8.1305328 -7.9873644 -0.14316838 0 -5.5535563e+11 0 0
-15.5 9.15527e-11 0 0 -8.1667509 -8.0172888 -0.14946214 0 -5.5896184e+11 0 0
-15.6 -9.39846e-11 0 0 -8.1965231 -8.0487082 -0.14781487 0 -5.6256804e+11 0 0
-15.7 -1.63555e-11 0 0 -8.2219691 -8.0721916 -0.14977749 0 -5.6617425e+11 0 0
-15.8 -7.33137e-12 0 0 -8.2311882 -8.0796228 -0.15156533 0 -5.6978045e+11 0 0
-15.9 -5.43952e-11 -3e-08 -50.2694 -8.2054178 -8.0500026 -0.15541518 0 -5.7338666e+11 -0.46360216 0
-16 1.40584e-10 0 0 -8.1204445 -7.9643601 -0.15608435 0 -5.7699286e+11 0 0
-16.1 6.28352e-11 0 0 -7.9801178 -7.8203029 -0.15981496 0 -5.8059907e+11 0 0
-16.2 -9.68218e-11 0 0 -7.7978705 -7.6394202 -0.15845026 0 -5.8420527e+11 0 0
-16.3 -1.53327e-10 0 0 -7.6017134 -7.443894 -0.15781943 0 -5.8781148e+11 0 0
-16.4 1.09792e-11 0 0 -7.406063 -7.2433856 -0.16267737 0 -5.9141769e+11 0 0
-16.5 -1.10018e-10 -3e-08 -49.9775 -7.2075465 -7.0423374 -0.16520906 0 -5.9502389e+11 -0.42026014 0
-16.6 -1.41382e-11 -3e-08 -49.9688 -7.0061315 -6.8411043 -0.16502723 0 -5.986301e+11 -0.41818872 0
-16.7 -8.70824e-11 0 0 -6.8030984 -6.6380239 -0.16507451 0 -6.022363e+11 0 0
-16.8 9.31025e-12 0 0 -6.5978618 -6.4336958 -0.16416597 5.0254894e-09 -6.0584251e+11 0 0
-16.9 -1.60742e-10 -3e-08 -49.3007 -6.3905981 -6.2276067 -0.16299144 1.1527029e-08 -6.0944871e+11 -0.41589577 0
-17 -4.37701e-10 -3e-08 -43.5389 -6.180438 -6.0210438 -0.15939423 1.8064293e-08 -6.1305492e+11 -0.42278006 0
-17.1 -8.39961e-10 -3e-08 -32.4196 -5.9640713 -5.8168162 -0.14725513 2.4642593e-08 -6.1666112e+11 -0.45495607 0
-17.2 -1.1163e-09 -3e-08 -20.5008 -5.7279055 -5.6287799 -0.09912557 3.1259134e-08 -6.2026733e+11 -0.67192665 0
-17.3 -1.90581e-09 -3e-08 -12.5911 -5.438293 -5.4907728 0.05247983 3.7911902e-08 -6.2387353e+11 1.2618202 0
-17.4 -2.60835e-09 -3e-08 -8.69449 -5.1043785 -5.3935166 0.28913806 4.4602312e-08 -6.2747974e+11 0.22770968 0
-17.5 -2.47893e-09 -3e-08 -5.32619 -4.8083325 -5.2548834 0.44655091 5.1329912e-08 -6.3108594e+11 0.14659764 0
-17.6 -5.76198e-10 -3e-08 -5.07379 -4.6272366 -4.9971972 0.36996066 5.8101002e-08 -6.3469215e+11 0.1759413 0
-17.7 -6.34646e-10 -3e-08 -5.00605 -4.4960341 -4.6859308 0.18989674 6.4911172e-08 -6.3829836e+11 0.34083582 0
-17.8 -4.39155e-10 -3e-08 -4.98033 -4.3844951 -4.3510612 -0.03343396 7.1763103e-08 -6.4190456e+11 -1.9249887 0
-17.9 -4.52042e-10 -3e-08 -4.91165 -4.1638241 -4.1217409 -0.04208321 7.8653011e-08 -6.4551077e+11 -1.5208071 0
-18 -4.95219e-10 -3e-08 -4.87688 -3.9376598 -3.8948871 -0.04277268 8.5575002e-08 -6.4911697e+11 -1.4879798 0
-18.1 -4.91905e-10 -3e-08 -4.81633 -3.7088861 -3.6683272 -0.04055894 9.2521539e-08 -6.5272318e+11 -1.5605254 0
-18.2 -4.73523e-10 -3e-08 -4.76166 -3.4791772 -3.4405354 -0.03864189 9.9491046e-08 -6.5632938e+11 -1.6289444 0
-18.3 -5.5182e-10 -3e-08 -4.70331 -3.2493262 -3.210452 -0.0388742 1.0648635e-07 -6.5993559e+11 -1.6103618 0
-18.4 -4.89128e-10 -3e-08 -4.6507 -3.017963 -2.9795855 -0.03837753 1.1350599e-07 -6.6354179e+11 -1.6223373 0
-18.5 -3.84629e-10 -3e-08 -4.63778 -2.7856906 -2.7472483 -0.03844233 1.2055085e-07 -6.67148e+11 -1.6108481 0
-18.6 -3.62086e-10 -3e-08 -4.58199 -2.5535664 -2.5140703 -0.03949604 1.2760305e-07 -6.707542e+11 -1.559443 0
-18.7 -4.96232e-10 -3e-08 -4.5694 -2.3228891 -2.2809298 -0.04195931 1.3463952e-07 -6.7436041e+11 -1.4600444 0
-18.8 -5.34999e-10 -3e-08 -4.5214 -2.0938412 -2.0545576 -0.03928363 1.4158697e-07 -6.7796661e+11 -1.5511955 0
-18.9 -4.1095e-10 -3e-08 -4.48936 -1.8803079 -1.8412714 -0.03903654 1.4823126e-07 -6.8157282e+11 -1.5527548 0
-19 -4.58932e-10 -3e-08 -4.44281 -1.7004961 -1.6631727 -0.03732347 1.5414511e-07 -6.8517903e+11 -1.6154756 0
-19.1 -4.7555e-10 -3e-08 -4.405 -1.5774966 -1.5408134 -0.03668323 1.5886591e-07 -6.8878523e+11 -1.6350652 0
-19.2 -4.58646e-10 -3e-08 -4.37073 -1.5103112 -1.4740433 -0.03626785 1.6240584e-07 -6.9239144e+11 -1.6451783 0
-19.3 -5.67079e-10 -3e-08 -4.32735 -1.4816391 -1.4448329 -0.03680617 1.651394e-07 -6.9599764e+11 -1.6127167 0
-19.4 -3.77333e-10 -3e-08 -4.31656 -1.4658578 -1.4283293 -0.03752849 1.6760162e-07 -6.9960385e+11 -1.5735233 0
-19.5 -3.20578e-10 -3e-08 -4.29449 -1.4510091 -1.4126219 -0.03838717 1.7004551e-07 -7.0321005e+11 -1.5304365 0
-19.6 -4.09424e-10 -3e-08 -4.26629 -1.4360337 -1.3979579 -0.03807575 1.7247969e-07 -7.0681626e+11 -1.5350816 0
-19.7 -4.03154e-10 -3e-08 -4.23089 -1.4208939 -1.3846378 -0.03625605 1.7490136e-07 -7.1042246e+11 -1.6039443 0
-19.8 -4.11654e-10 -3e-08 -4.20758 -1.407326 -1.3711925 -0.03613348 1.773077e-07 -7.1402867e+11 -1.601257 0
-19.9 -2.54989e-10 -3e-08 -4.18976 -1.3944146 -1.3586617 -0.0357529 1.7969739e-07 -7.1763487e+11 -1.6101697 0
-20 -3.54755e-10 -3e-08 -4.15186 -1.3818719 -1.3471061 -0.03476577 1.8207283e-07 -7.2124108e+11 -1.647609 0
-20.1 -3.66831e-10 -3e-08 -4.13621 -1.3701608 -1.3358221 -0.03433866 1.8443658e-07 -7.2484729e+11 -1.6598032 0
-20.2 -3.92354e-10 -3e-08 -4.11599 -1.3587812 -1.3249547 -0.03382643 1.867924e-07 -7.2845349e+11 -1.6765962 0
-20.3 -4.55093e-10 -3e-08 -4.07949 -1.3482676 -1.3139631 -0.03430448 1.8914035e-07 -7.320597e+11 -1.645088 0
-20.4 -4.48155e-10 -3e-08 -4.06994 -1.3381706 -1.3032452 -0.03492539 1.9148099e-07 -7.356659e+11 -1.6079205 0
-20.5 -2.53999e-10 -3e-08 -4.0365 -1.3274697 -1.2937378 -0.03373197 1.938152e-07 -7.3927211e+11 -1.6566869 0
-20.6 -4.18794e-10 -3e-08 -4.01506 -1.3180346 -1.2835499 -0.03448469 1.961432e-07 -7.4287831e+11 -1.6126587 0
-20.7 -4.08733e-10 -3e-08 -3.99266 -1.3078606 -1.2748466 -0.03301397 1.984633e-07 -7.4648452e+11 -1.6763624 0
-20.8 -4.0369e-10 -3e-08 -3.97358 -1.2982462 -1.2665161 -0.03173013 2.0077352e-07 -7.5009072e+11 -1.7358045 0
-20.9 -4.59909e-10 -3e-08 -3.95244 -1.289826 -1.2579933 -0.0318327 2.0307312e-07 -7.5369693e+11 -1.721933 0
-21 -3.73507e-10 -3e-08 -3.92733 -1.2811969 -1.2503942 -0.03080275 2.0536513e-07 -7.5730313e+11 -1.7710353 0
-21.1 -4.66216e-10 -3e-08 -3.90969 -1.2740563 -1.2416183 -0.03243801 2.0765385e-07 -7.6090934e+11 -1.6737838 0
-21.2 -5.72777e-10 -3e-08 -3.90181 -1.2660108 -1.2337274 -0.03228339 2.0994278e-07 -7.6451554e+11 -1.6738673 0
-21.3 -4.69112e-10 -3e-08 -3.88926 -1.2589751 -1.2251999 -0.03377522 2.1222774e-07 -7.6812175e+11 -1.5924222 0
-21.4 -4.79794e-10 -3e-08 -3.85433 -1.2505943 -1.2184807 -0.03211361 2.1450781e-07 -7.7172796e+11 -1.6669904 0
-21.5 -3.85118e-10 -3e-08 -3.83394 -1.2420196 -1.2123354 -0.02968419 2.1678384e-07 -7.7533416e+11 -1.7950326 0
-21.6 -2.7833e-10 -3e-08 -3.81516 -1.2338967 -1.2061196 -0.02777708 2.1905583e-07 -7.7894037e+11 -1.9093945 0
-21.7 -3.78394e-10 -3e-08 -3.79229 -1.2271455 -1.1985818 -0.02856369 2.2132729e-07 -7.8254657e+11 -1.8482553 0
-21.8 -4.11057e-10 -3e-08 -3.79243 -1.2205142 -1.191252 -0.02926226 2.2359528e-07 -7.8615278e+11 -1.7958566 0
-21.9 -4.78673e-10 -3e-08 -3.76511 -1.2139539 -1.1840573 -0.02989664 2.2586108e-07 -7.8975898e+11 -1.7497239 0
-22 -3.18015e-10 -3e-08 -3.73829 -1.2065124 -1.1780824 -0.02842999 2.2812329e-07 -7.9336519e+11 -1.8316252 0
-22.1 -3.75831e-10 -3e-08 -3.71975 -1.1998023 -1.1717022 -0.02810008 2.3038205e-07 -7.9697139e+11 -1.8447443 0
-22.2 -3.69251e-10 -3e-08 -3.70806 -1.1933274 -1.1654255 -0.02790193 2.3263722e-07 -8.005776e+11 -1.8494764 0
-22.3 -5.31578e-10 -3e-08 -3.68785 -1.187392 -1.158519 -0.02887308 2.3489334e-07 -8.041838e+11 -1.7792543 0
-22.4 -3.09253e-10 -3e-08 -3.67957 -1.1816451 -1.1516719 -0.02997321 2.3714684e-07 -8.0779001e+11 -1.7062974 0
-22.5 -3.98457e-10 -3e-08 -3.65629 -1.1746308 -1.1462862 -0.02834463 2.3939828e-07 -8.1139621e+11 -1.7963158 0
-22.6 -4.36497e-10 -3e-08 -3.64048 -1.1683377 -1.1405702 -0.02776747 2.4164558e-07 -8.1500242e+11 -1.8255396 0
-22.7 -4.00281e-10 -3e-08 -3.61871 -1.1619958 -1.1351732 -0.02682267 2.4389001e-07 -8.1860863e+11 -1.881517 0
-22.8 -3.66342e-10 -3e-08 -3.60563 -1.156452 -1.129097 -0.02735494 2.4613318e-07 -8.2221483e+11 -1.8368149 0
-22.9 -4.35591e-10 -3e-08 -3.58944 -1.1500427 -1.1238822 -0.02616051 2.483764e-07 -8.2582104e+11 -1.9122925 0
-23 -4.80878e-10 -3e-08 -3.57004 -1.1446845 -1.1174954 -0.02718908 2.5062089e-07 -8.2942724e+11 -1.8319502 0
-23.1 -3.14105e-10 -3e-08 -3.55882 -1.1384807 -1.1118586 -0.02662215 2.528664e-07 -8.3303345e+11 -1.8628629 0
-23.2 -3.93546e-10 -3e-08 -3.53739 -1.1324143 -1.1061773 -0.02623706 2.5511093e-07 -8.3663965e+11 -1.8820574 0
-23.3 -2.6319e-10 -3e-08 -3.5305 -1.1269007 -1.1001685 -0.02673226 2.5735307e-07 -8.4024586e+11 -1.8392654 0
-23.4 -2.95973e-10 -3e-08 -3.51428 -1.1219913 -1.0938548 -0.02813645 2.5959203e-07 -8.4385206e+11 -1.7400064 0
-23.5 -3.5305e-10 -3e-08 -3.50541 -1.1162068 -1.0885431 -0.02766368 2.6182965e-07 -8.4745827e+11 -1.7622122 0
-23.6 -3.6186e-10 -3e-08 -3.49289 -1.1109722 -1.0832528 -0.02771935 2.6406121e-07 -8.5106447e+11 -1.751221 0
-23.7 -4.28641e-10 -3e-08 -3.47081 -1.1051318 -1.0788906 -0.02624119 2.6628936e-07 -8.5467068e+11 -1.8420615 0
-23.8 -4.41885e-10 -3e-08 -3.45057 -1.0994707 -1.0746237 -0.02484706 2.685146e-07 -8.5827688e+11 -1.9372427 0
-23.9 -3.61609e-10 -3e-08 -3.4391 -1.09498 -1.0691947 -0.02578531 2.7073975e-07 -8.6188309e+11 -1.8589416 0
-24 -5.25796e-10 -3e-08 -3.4337 -1.0897149 -1.0645633 -0.0251516 2.7296465e-07 -8.654893e+11 -1.897838 0
-24.1 -3.89946e-10 -3e-08 -3.41387 -1.0842681 -1.0597185 -0.02454953 2.7519374e-07 -8.690955e+11 -1.936314 0
-24.2 -4.70674e-10 -3e-08 -3.39659 -1.0790249 -1.0547756 -0.02424934 2.7742171e-07 -8.7270171e+11 -1.9521839 0
-24.3 -3.23415e-10 -3e-08 -3.39277 -1.0739759 -1.0499548 -0.02402111 2.7964634e-07 -8.7630791e+11 -1.962622 0
-24.4 -3.95989e-10 -3e-08 -3.3723 -1.0689745 -1.0453324 -0.02364217 2.8186835e-07 -8.7991412e+11 -1.9859067 0
-24.5 -5.39505e-10 -3e-08 -3.34956 -1.063876 -1.0409381 -0.02293788 2.8408897e-07 -8.8352032e+11 -2.0385278 0
-24.6 -3.72744e-10 -3e-08 -3.33521 -1.0589435 -1.0364356 -0.02250794 2.8630898e-07 -8.8712653e+11 -2.0690222 0
-24.7 -2.58875e-10 -3e-08 -3.32524 -1.0544368 -1.0314975 -0.02293932 2.885291e-07 -8.9073273e+11 -2.0218946 0
-24.8 -2.76887e-10 -3e-08 -3.30802 -1.0505822 -1.0261001 -0.02448207 2.9074717e-07 -8.9433894e+11 -1.8868449 0
-24.9 -4.15778e-10 -3e-08 -3.30715 -1.0460307 -1.0215291 -0.02450156 2.9296387e-07 -8.9794514e+11 -1.8777723 0
-25 -5.05197e-10 -3e-08 -3.29988 -1.0408913 -1.01767 -0.02322131 2.9517925e-07 -9.0155135e+11 -1.9733735 0
-25.1 -4.93395e-10 -3e-08 -3.29006 -1.031834 -1.0178256 -0.01400833 2.9739361e-07 -9.0515755e+11 -3.2581864 0
-25.2 -3.50881e-10 -3e-08 -3.26965 -1.0280836 -1.0127677 -0.0153159 2.9960698e-07 -9.0876376e+11 -2.9681985 0
-25.3 -4.77123e-10 -3e-08 -3.26616 -1.024989 -1.0071407 -0.01784839 3.0181943e-07 -9.1236997e+11 -2.5369765 0
-25.4 -3.73638e-10 -3e-08 -3.24707 -1.0228721 -1.0009397 -0.02193238 3.0402759e-07 -9.1597617e+11 -2.0564423 0
-25.5 -2.94828e-10 -3e-08 -3.24637 -1.019181 -0.99671354 -0.022467423 3.0623152e-07 -9.1958238e+11 -1.9995974 0
-25.6 -4.18901e-10 -3e-08 -3.22391 -1.0089577 -0.99938863 -0.009569064 3.0843153e-07 -9.2318858e+11 -4.6765608 0
-25.7 -3.64029e-10 -3e-08 -3.22211 -1.0058352 -0.99512469 -0.010710537 3.1062982e-07 -9.2679479e+11 -4.1619 0
-25.8 -3.47996e-10 -3e-08 -3.20153 -1.0051991 -0.98835034 -0.01684878 3.1282838e-07 -9.3040099e+11 -2.6354079 0
-25.9 -3.52633e-10 -3e-08 -3.19479 -1.0022555 -0.98381622 -0.018439246 3.1502764e-07 -9.340072e+11 -2.3987947 0
-26 -5.16772e-10 -3e-08 -3.18299 -0.99993338 -0.97874747 -0.021185912 3.1722598e-07 -9.376134e+11 -2.0797709 0
-26.1 -4.58586e-10 -3e-08 -3.172 -0.99619118 -0.97535623 -0.020834948 3.194216e-07 -9.4121961e+11 -2.1067019 0
-26.2 -4.3211e-10 -3e-08 -3.15662 -0.99236832 -0.97249473 -0.019873587 3.2161245e-07 -9.4482581e+11 -2.2001812 0
-26.3 -3.24225e-10 -3e-08 -3.14803 -0.98980133 -0.96868299 -0.021118339 3.2380007e-07 -9.4843202e+11 -2.0626261 0
-26.4 -4.57346e-10 -3e-08 -3.14279 -0.98694042 -0.96532626 -0.021614163 3.2598597e-07 -9.5203823e+11 -2.0076761 0
-26.5 -3.73852e-10 -3e-08 -3.12968 -0.98430646 -0.96165861 -0.022647851 3.2817277e-07 -9.5564443e+11 -1.9088119 0
-26.6 -5.41961e-10 -3e-08 -3.12249 -0.9809431 -0.95870764 -0.022235462 3.303597e-07 -9.5925064e+11 -1.9369045 0
-26.7 -5.36251e-10 -3e-08 -3.11938 -0.97734089 -0.95568039 -0.021660502 3.3254997e-07 -9.6285684e+11 -1.9808712 0
-26.8 -3.63386e-10 -3e-08 -3.1044 -0.9738324 -0.95261533 -0.02121707 3.3473965e-07 -9.6646305e+11 -2.0147251 0
-26.9 -5.04792e-10 -3e-08 -3.1033 -0.97033873 -0.94953771 -0.020801015 3.3692931e-07 -9.7006925e+11 -2.0473835 0
-27 -5.31912e-10 -3e-08 -3.10089 -0.96702713 -0.94637048 -0.020656658 3.3911799e-07 -9.7367546e+11 -2.0540556 0
-27.1 -4.44484e-10 -3e-08 -3.08744 -0.96369482 -0.94324779 -0.020447031 3.4130641e-07 -9.7728166e+11 -2.0674569 0
-27.2 -3.34299e-10 -3e-08 -3.07346 -0.96015526 -0.9410374 -0.019117859 3.4348736e-07 -9.8088787e+11 -2.2030677 0
-27.3 -5.23901e-10 -3e-08 -3.06589 -0.95716049 -0.93844072 -0.018719773 3.4566663e-07 -9.8449407e+11 -2.2416757 0
-27.4 -2.92981e-10 -3e-08 -3.05684 -0.95478812 -0.93536197 -0.019426146 3.4784441e-07 -9.8810028e+11 -2.1522801 0
-27.5 -4.71187e-10 -3e-08 -3.05281 -0.9519068 -0.9328412 -0.0190656 3.5002167e-07 -9.9170648e+11 -2.185007 0
-27.6 -5.48184e-10 -3e-08 -3.04385 -0.94938307 -0.93013603 -0.01924704 3.521971e-07 -9.9531269e+11 -2.1565671 0
-27.7 -4.51779e-10 -3e-08 -3.02799 -0.94687716 -0.92768805 -0.019189111 3.5436961e-07 -9.989189e+11 -2.1552685 0
-27.8 -3.12614e-10 -3e-08 -3.02046 -0.944377 -0.92551688 -0.01886012 3.5653912e-07 -1.0025251e+12 -2.1849765 0
-27.9 -3.81553e-10 -3e-08 -3.00942 -0.94210135 -0.92320368 -0.018897673 3.5870777e-07 -1.0061313e+12 -2.1728186 0
-28 -3.77202e-10 -3e-08 -3.00053 -0.93984093 -0.92078985 -0.019051074 3.6087731e-07 -1.0097375e+12 -2.1476253 0
-28.1 -4.4595e-10 -3e-08 -2.99 -0.93765761 -0.91827592 -0.01938169 3.630471e-07 -1.0133437e+12 -2.1034783 0
-28.2 -4.71973e-10 -3e-08 -2.98639 -0.93557499 -0.91561374 -0.019961255 3.652174e-07 -1.0169499e+12 -2.0351623 0
-28.3 -3.98123e-10 -3e-08 -2.9717 -0.93296139 -0.91353576 -0.019425634 3.6738713e-07 -1.0205561e+12 -2.083888 0
-28.4 -2.9285e-10 -3e-08 -2.96249 -0.93059239 -0.91124102 -0.019351367 3.6955657e-07 -1.0241623e+12 -2.0845198 0
-28.5 -5.11992e-10 -3e-08 -2.94897 -0.9275503 -0.90962245 -0.01792785 3.7172597e-07 -1.0277685e+12 -2.2421411 0
-28.6 -5.14793e-10 -3e-08 -2.94379 -0.92553907 -0.90691958 -0.018619498 3.7389594e-07 -1.0313747e+12 -2.1513051 0
-28.7 -4.75335e-10 -3e-08 -2.94458 -0.92330564 -0.90445072 -0.018854919 3.7606578e-07 -1.0349809e+12 -2.1170418 0
-28.8 -4.67336e-10 -3e-08 -2.93314 -0.92125175 -0.90190123 -0.019350524 3.7823458e-07 -1.0385872e+12 -2.0556577 0
-28.9 -4.0189e-10 -3e-08 -2.93486 -0.91908576 -0.89973108 -0.019354682 3.8040054e-07 -1.0421934e+12 -2.0481046 0
-29 -4.3844e-10 -3e-08 -2.92949 -0.9170496 -0.89765758 -0.019392028 3.825641e-07 -1.0457996e+12 -2.0371114 0
-29.1 -5.06818e-10 -3e-08 -2.92333 -0.91490419 -0.89578166 -0.019122533 3.8472673e-07 -1.0494058e+12 -2.0587215 0
-29.2 -5.39863e-10 -3e-08 -2.91279 -0.91249576 -0.89427324 -0.018222516 3.8688825e-07 -1.053012e+12 -2.1530039 0
-29.3 -5.07057e-10 -3e-08 -2.90313 -0.9102421 -0.89263604 -0.017606059 3.8904949e-07 -1.0566182e+12 -2.2207836 0
-29.4 -5.62727e-10 -3e-08 -2.89153 -0.90829922 -0.89078565 -0.017513572 3.912097e-07 -1.0602244e+12 -2.2249177 0
-29.5 -3.20053e-10 -3e-08 -2.88506 -0.90627383 -0.88908173 -0.017192103 3.9336923e-07 -1.0638306e+12 -2.2588375 0
-29.6 -6.00529e-10 -3e-08 -2.88279 -0.90456848 -0.88711264 -0.017455838 3.9552818e-07 -1.0674368e+12 -2.2171935 0
-29.7 -5.73754e-10 -3e-08 -2.87263 -0.90275805 -0.88516351 -0.017594546 3.9768803e-07 -1.071043e+12 -2.1923076 0
-29.8 -3.65901e-10 -3e-08 -2.86906 -0.90095621 -0.88310361 -0.017852602 3.9984897e-07 -1.0746492e+12 -2.1533678 0
-29.9 -5.38886e-10 -3e-08 -2.86473 -0.89888198 -0.88118899 -0.017692993 4.0201125e-07 -1.0782554e+12 -2.1655266 0
-30 -5.21302e-10 -3e-08 -2.85741 -0.89695656 -0.87915973 -0.017796837 4.0417317e-07 -1.0818616e+12 -2.1457145 0
-30.1 -3.66151e-10 -3e-08 -2.84921 -0.89500908 -0.87727774 -0.017731341 4.0633376e-07 -1.0854678e+12 -2.1464854 0
-30.2 -4.28426e-10 -3e-08 -2.84642 -0.8931176 -0.87556338 -0.017554214 4.0849198e-07 -1.089074e+12 -2.1609647 0
-30.3 -5.83482e-10 -3e-08 -2.83256 -0.89107995 -0.87397448 -0.017105472 4.1065042e-07 -1.0926802e+12 -2.2103361 0
-30.4 -4.87244e-10 -3e-08 -2.83734 -0.88911707 -0.87229974 -0.016817325 4.1280898e-07 -1.0962864e+12 -2.2408124 0
-30.5 -3.47567e-10 -3e-08 -2.83091 -0.88741323 -0.87025757 -0.017155661 4.1496869e-07 -1.0998926e+12 -2.1894181 0
-30.6 -4.64463e-10 -3e-08 -2.82351 -0.88583451 -0.86817913 -0.017655373 4.1712746e-07 -1.1034989e+12 -2.1204971 0
-30.7 -5.81384e-10 -3e-08 -2.80793 -0.88337314 -0.86708783 -0.016285314 4.1928511e-07 -1.1071051e+12 -2.2914031 0
-30.8 -5.12528e-10 -3e-08 -2.80752 -0.88148214 -0.86539756 -0.016084578 4.2144308e-07 -1.1107113e+12 -2.3124674 0
-30.9 -4.06361e-10 -3e-08 -2.79984 -0.87952537 -0.86358013 -0.015945236 4.2360308e-07 -1.1143175e+12 -2.3251265 0
-31 -4.98343e-10 -3e-08 -2.79447 -0.87762886 -0.86165804 -0.015970827 4.2576356e-07 -1.1179237e+12 -2.3139124 0
-31.1 -3.11029e-10 -3e-08 -2.78296 -0.87582505 -0.85964393 -0.016181126 4.2792403e-07 -1.1215299e+12 -2.2764959 0
-31.2 -5.54359e-10 -3e-08 -2.77186 -0.8735641 -0.85805 -0.015514103 4.3008489e-07 -1.1251361e+12 -2.3667629 0
-31.3 -5.03755e-10 -3e-08 -2.77391 -0.87129696 -0.85633257 -0.014964394 4.3224713e-07 -1.1287423e+12 -2.4458653 0
-31.4 -3.00205e-10 -3e-08 -2.76154 -0.86918779 -0.85427732 -0.014910469 4.3441127e-07 -1.1323485e+12 -2.4468934 0
-31.5 -4.14085e-10 -3e-08 -2.75627 -0.86760436 -0.85170892 -0.015895438 4.3657528e-07 -1.1359547e+12 -2.2879839 0
-31.6 -5.89275e-10 -3e-08 -2.75139 -0.8654059 -0.84988311 -0.015522789 4.3873794e-07 -1.1395609e+12 -2.3354962 0
-31.7 -4.35913e-10 -3e-08 -2.75217 -0.86359097 -0.84790172 -0.01568925 4.4089818e-07 -1.1431671e+12 -2.3034276 0
-31.8 -3.40879e-10 -3e-08 -2.7406 -0.86148652 -0.84636686 -0.015119661 4.4305675e-07 -1.1467733e+12 -2.3826861 0
-31.9 -4.64487e-10 -3e-08 -2.73858 -0.85981311 -0.84438527 -0.015427836 4.452155e-07 -1.1503795e+12 -2.3277713 0
-32 -5.38552e-10 -3e-08 -2.73279 -0.85787074 -0.84261187 -0.015258872 4.4737488e-07 -1.1539857e+12 -2.3461923 0
-32.1 -4.493e-10 -3e-08 -2.73 -0.85620815 -0.84058054 -0.01562761 4.4953404e-07 -1.1575919e+12 -2.2836966 0
-32.2 -3.96168e-10 -3e-08 -2.71966 -0.85374096 -0.83945171 -0.01428925 4.5169216e-07 -1.1611981e+12 -2.4898358 0
-32.3 -5.60701e-10 -3e-08 -2.71235 -0.85180926 -0.83777724 -0.01403202 4.5385038e-07 -1.1648043e+12 -2.5276288 0
-32.4 -5.76627e-10 -3e-08 -2.70604 -0.84959379 -0.83639572 -0.013198069 4.5600851e-07 -1.1684105e+12 -2.6790487 0
-32.5 -4.01878e-10 -3e-08 -2.70071 -0.84780476 -0.83458876 -0.013216001 4.5816663e-07 -1.1720168e+12 -2.6671816 0
-32.6 -4.18127e-10 -3e-08 -2.69114 -0.84598491 -0.83289288 -0.01309203 4.603239e-07 -1.175623e+12 -2.6841786 0
-32.7 -5.24926e-10 -3e-08 -2.68237 -0.84430993 -0.83104069 -0.013269242 4.6248128e-07 -1.1792292e+12 -2.6402323 0
-32.8 -5.29873e-10 -3e-08 -2.67827 -0.84250751 -0.82942416 -0.013083354 4.6463752e-07 -1.1828354e+12 -2.6695808 0
-32.9 -4.60947e-10 -3e-08 -2.67178 -0.84106424 -0.82751685 -0.013547391 4.6679304e-07 -1.1864416e+12 -2.5703037 0
-33 -3.87073e-10 -3e-08 -2.67162 -0.8398085 -0.82560544 -0.01420306 4.6894661e-07 -1.1900478e+12 -2.4442192 0
-33.1 -4.57013e-10 -3e-08 -2.66883 -0.83841565 -0.82392775 -0.014487897 4.7109916e-07 -1.193654e+12 -2.3889258 0
-33.2 -6.04785e-10 -3e-08 -2.66631 -0.83735598 -0.82199784 -0.015358142 4.7325085e-07 -1.1972602e+12 -2.2467733 0
-33.3 -6.15788e-10 -3e-08 -2.6593 -0.83518509 -0.82114962 -0.01403547 4.7540285e-07 -1.2008664e+12 -2.4511214 0
-33.4 -3.84474e-10 -3e-08 -2.64547 -0.83364424 -0.81977319 -0.013871048 4.7755378e-07 -1.2044726e+12 -2.4727503 0
-33.5 -6.17719e-10 -3e-08 -2.64148 -0.83225561 -0.81817095 -0.014084657 4.7970548e-07 -1.2080788e+12 -2.427979 0
-33.6 -5.26524e-10 -3e-08 -2.64144 -0.83051646 -0.81678137 -0.013735089 4.8185864e-07 -1.211685e+12 -2.4823628 0
-33.7 -4.4843e-10 -3e-08 -2.63896 -0.82886012 -0.814977 -0.013883116 4.8401533e-07 -1.2152912e+12 -2.4486074 0
-33.8 -4.84705e-10 -3e-08 -2.63367 -0.82663635 -0.81343607 -0.013200284 4.8617523e-07 -1.2188974e+12 -2.5676512 0
-33.9 -4.0499e-10 -3e-08 -2.62575 -0.82489415 -0.81138978 -0.013504374 4.8833539e-07 -1.2225036e+12 -2.5024295 0
-34 -5.98204e-10 -3e-08 -2.61903 -0.82296627 -0.80974669 -0.013219577 4.9049324e-07 -1.2261098e+12 -2.5488222 0
-34.1 -4.82869e-10 -3e-08 -2.6107 -0.82105401 -0.80837401 -0.012680008 4.9264806e-07 -1.229716e+12 -2.6494889 0
-34.2 -5.20957e-10 -3e-08 -2.61065 -0.81961753 -0.80673105 -0.012886472 4.9480071e-07 -1.2333222e+12 -2.5994165 0
-34.3 -4.23801e-10 -3e-08 -2.60074 -0.81801326 -0.80533854 -0.012674715 4.9695247e-07 -1.2369285e+12 -2.63514 0
-34.4 -6.34444e-10 -3e-08 -2.59729 -0.81656775 -0.80382223 -0.01274552 4.9910387e-07 -1.2405347e+12 -2.6128833 0
-34.5 -4.52662e-10 -3e-08 -2.59351 -0.81490008 -0.8025714 -0.012328679 5.012548e-07 -1.2441409e+12 -2.693397 0
-34.6 -4.8337e-10 -3e-08 -2.58671 -0.81338559 -0.80123431 -0.012151282 5.0340503e-07 -1.2477471e+12 -2.7248199 0
-34.7 -5.37264e-10 -3e-08 -2.58165 -0.81206409 -0.79969262 -0.012371471 5.0555538e-07 -1.2513533e+12 -2.6686105 0
-34.8 -5.22375e-10 -3e-08 -2.57256 -0.81042157 -0.79834409 -0.012077473 5.0770708e-07 -1.2549595e+12 -2.7257165 0
-34.9 -6.24037e-10 -3e-08 -2.57185 -0.80893859 -0.79671254 -0.012226047 5.098601e-07 -1.2585657e+12 -2.6848778 0
-35 -6.09386e-10 -3e-08 -2.56217 -0.80712715 -0.79533373 -0.011793416 5.1201391e-07 -1.2621719e+12 -2.7754177 0
-35.1 -4.94909e-10 -3e-08 -2.54874 -0.80571041 -0.79351325 -0.012197163 5.1416823e-07 -1.2657781e+12 -2.6759011 0
-35.2 -4.89259e-10 -3e-08 -2.54282 -0.80363365 -0.7922674 -0.01136625 5.1632345e-07 -1.2693843e+12 -2.8633612 0
-35.3 -6.10769e-10 -3e-08 -2.54015 -0.80241379 -0.79009631 -0.012317485 5.1847939e-07 -1.2729905e+12 -2.6347491 0
-35.4 -5.85878e-10 -3e-08 -2.53787 -0.80111192 -0.78807743 -0.013034491 5.2063459e-07 -1.2765967e+12 -2.4827825 0
-35.5 -4.33707e-10 -3e-08 -2.53217 -0.79957579 -0.78649692 -0.013078871 5.2278763e-07 -1.2802029e+12 -2.4673877 0
-35.6 -6.85406e-10 -3e-08 -2.53623 -0.79826777 -0.78492521 -0.013342557 5.2493815e-07 -1.2838091e+12 -2.4118314 0
-35.7 -4.33683e-10 -3e-08 -2.52762 -0.79639111 -0.78403075 -0.012360353 5.2708753e-07 -1.2874153e+12 -2.5961927 0
-35.8 -5.43463e-10 -3e-08 -2.51754 -0.79474423 -0.78298832 -0.011755906 5.2923604e-07 -1.2910215e+12 -2.7220549 0
-35.9 -4.94552e-10 -3e-08 -2.5162 -0.79312746 -0.78184633 -0.011281132 5.3138528e-07 -1.2946277e+12 -2.828713 0
-36 -6.39856e-10 -3e-08 -2.50618 -0.79201454 -0.78021793 -0.01179661 5.3353434e-07 -1.2982339e+12 -2.6975921 0
-36.1 -5.13625e-10 -3e-08 -2.50656 -0.79095551 -0.77861782 -0.012337688 5.3568252e-07 -1.3018401e+12 -2.5721425 0
-36.2 -6.18339e-10 -3e-08 -2.5007 -0.78975558 -0.77719185 -0.012563732 5.3783036e-07 -1.3054464e+12 -2.5188875 0
-36.3 -5.02944e-10 -3e-08 -2.49453 -0.78813791 -0.77618748 -0.011950433 5.3997815e-07 -1.3090526e+12 -2.6408622 0
-36.4 -6.26314e-10 -3e-08 -2.49311 -0.78615453 -0.77542188 -0.010732652 5.4212729e-07 -1.3126588e+12 -2.9324295 0
-36.5 -4.78327e-10 -3e-08 -2.48121 -0.7849541 -0.77385029 -0.011103808 5.4427667e-07 -1.316265e+12 -2.8266446 0
-36.6 -6.0854e-10 -3e-08 -2.48215 -0.78349753 -0.77271309 -0.010784438 5.4642417e-07 -1.3198712e+12 -2.9024009 0
-36.7 -3.97921e-10 -3e-08 -2.48173 -0.78242266 -0.77135875 -0.011063912 5.4856992e-07 -1.3234774e+12 -2.8213777 0
-36.8 -5.28979e-10 -3e-08 -2.46738 -0.78115555 -0.77034986 -0.010805689 5.5071404e-07 -1.3270836e+12 -2.88095 0
-36.9 -5.29277e-10 -3e-08 -2.46619 -0.78002691 -0.76922337 -0.010803531 5.5285795e-07 -1.3306898e+12 -2.8737165 0
-37 -5.91338e-10 -3e-08 -2.46889 -0.77906221 -0.76783885 -0.011223359 5.5500285e-07 -1.334296e+12 -2.7587442 0
-37.1 -5.80859e-10 -3e-08 -2.46436 -0.77807182 -0.76642673 -0.011645089 5.5714832e-07 -1.3379022e+12 -2.6516689 0
-37.2 -5.38194e-10 -3e-08 -2.45365 -0.77659752 -0.76532158 -0.011275947 5.5929566e-07 -1.3415084e+12 -2.7311153 0
-37.3 -5.15819e-10 -3e-08 -2.45441 -0.77510868 -0.76417537 -0.010933312 5.6144359e-07 -1.3451146e+12 -2.8091533 0
-37.4 -5.64063e-10 -3e-08 -2.44702 -0.77375148 -0.76299661 -0.010754876 5.6359047e-07 -1.3487208e+12 -2.8481247 0
-37.5 -6.66904e-10 -3e-08 -2.44617 -0.77256058 -0.76182487 -0.010735708 5.6573551e-07 -1.352327e+12 -2.8456013 0
-37.6 -5.22625e-10 -3e-08 -2.44056 -0.77138851 -0.76081974 -0.010568775 5.6787859e-07 -1.3559332e+12 -2.8828597 0
-37.7 -4.88329e-10 -3e-08 -2.43322 -0.77033351 -0.75976425 -0.010569262 5.7002096e-07 -1.3595394e+12 -2.8750804 0
-37.8 -5.00226e-10 -3e-08 -2.43285 -0.76913962 -0.75886448 -0.010275147 5.7216316e-07 -1.3631456e+12 -2.9495527 0
-37.9 -6.30355e-10 -3e-08 -2.43307 -0.76823571 -0.75775808 -0.010477624 5.7430447e-07 -1.3667518e+12 -2.8849214 0
-38 -5.84471e-10 -3e-08 -2.42654 -0.76761505 -0.75633061 -0.011284444 5.7644618e-07 -1.3703581e+12 -2.671605 0
-38.1 -4.74739e-10 -3e-08 -2.42553 -0.76643686 -0.75559166 -0.010845203 5.785865e-07 -1.3739643e+12 -2.7725114 0
-38.2 -6.04117e-10 -3e-08 -2.41553 -0.76509575 -0.75506493 -0.010030822 5.807263e-07 -1.3775705e+12 -2.9897586 0
-38.3 -5.36025e-10 -3e-08 -2.40386 -0.76407064 -0.75434558 -0.009725059 5.8286479e-07 -1.3811767e+12 -3.0757072 0
-38.4 -5.38027e-10 -3e-08 -2.39919 -0.76302722 -0.75366967 -0.009357553 5.8500301e-07 -1.3847829e+12 -3.1881775 0
-38.5 -4.99105e-10 -3e-08 -2.39391 -0.76236112 -0.75263016 -0.009730951 5.8714109e-07 -1.3883891e+12 -3.0578769 0
-38.6 -5.85759e-10 -3e-08 -2.38683 -0.73742186 -0.7276968 -0.009725066 5.8978974e-07 -1.3919953e+12 -3.0518005 0
-38.7 -5.83589e-10 -3e-08 -2.38115 -0.71246473 -0.70269785 -0.00976688 5.9243928e-07 -1.3956015e+12 -3.0308831 0
-38.8 -5.83804e-10 -3e-08 -2.38404 -0.68804082 -0.6771557 -0.010885123 5.9508892e-07 -1.3992077e+12 -2.7125075 0
-38.9 -4.11153e-10 -3e-08 -2.38482 -0.66295491 -0.65231573 -0.010639181 5.9773813e-07 -1.4028139e+12 -2.7680773 0
-39 -6.17099e-10 -3e-08 -2.37603 -0.63797144 -0.62756792 -0.010403517 6.0038528e-07 -1.4064201e+12 -2.8235223 0
-39.1 -5.77652e-10 -3e-08 -2.37067 -0.61331986 -0.60262175 -0.010698109 6.0303102e-07 -1.4100263e+12 -2.738749 0
-39.2 -5.16725e-10 -3e-08 -2.37721 -0.58810446 -0.57825781 -0.009846648 6.0567656e-07 -1.4136325e+12 -2.9679838 0
-39.3 -4.97639e-10 -3e-08 -2.36909 -0.56384177 -0.55300259 -0.01083918 6.0832145e-07 -1.4172387e+12 -2.6893482 0
-39.4 -5.88107e-10 -3e-08 -2.36533 -0.53907884 -0.52831064 -0.010768199 6.1096567e-07 -1.4208449e+12 -2.7002049 0
-39.5 -6.54233e-10 -3e-08 -2.36315 -0.51396059 -0.50413606 -0.009824532 6.1360818e-07 -1.4244511e+12 -2.9520727 0
-39.6 -5.27763e-10 -3e-08 -2.36475 -0.48926696 -0.4795633 -0.009703656 6.162504e-07 -1.4280573e+12 -2.9812983 0
-39.7 -5.65147e-10 -3e-08 -2.35212 -0.46439956 -0.45512974 -0.009269823 6.1889299e-07 -1.4316635e+12 -3.1129637 0
-39.8 -5.57387e-10 -3e-08 -2.34724 -0.43981606 -0.43049729 -0.009318773 6.2153468e-07 -1.4352697e+12 -3.0888314 0
-39.9 -5.04351e-10 -3e-08 -2.3447 -0.41541776 -0.40582507 -0.009592691 6.2417483e-07 -1.438876e+12 -2.9931099 0
-40 -6.14071e-10 -3e-08 -2.33995 -0.39140601 -0.38099159 -0.010414424 6.2681259e-07 -1.4424822e+12 -2.7500511 0
