0 2.9521e-09 -1e-08 -48.6793 -0.18248354 -0.10166209 -0.080821448 0 0 0 0
-0.1 4.32622e-10 0 0 -0.28282492 -0.0040008341 -0.27882409 0 -3.6062054e+09 0 0
-0.2 3.2866e-10 0 0 -0.36573287 0.068813508 -0.43454638 0 -7.2124108e+09 0 0
-0.3 2.84565e-10 0 0 -0.57348925 0.26083502 -0.83432428 0 -1.0818616e+10 0 0
-0.4 3.29232e-10 0 0 -0.15241834 -0.18296414 0.030545798 0 -1.4424822e+10 0 0
-0.5 3.78835e-10 0 0 -0.27658917 -0.089985322 -0.18660385 0 -1.8031027e+10 0 0
-0.6 3.3896e-10 0 0 -0.35597281 -0.047553823 -0.30841898 0 -2.1637232e+10 0 0
-0.7 2.22361e-10 0 0 -0.52590882 0.11539531 -0.64130413 0 -2.5243438e+10 0 0
-0.8 3.58105e-10 0 0 -0.62775584 0.20418712 -0.83194297 0 -2.8849643e+10 0 0
-0.9 2.91502e-10 0 0 -0.71040797 0.2679063 -0.97831427 0 -3.2455849e+10 0 0
-1 3.17657e-10 0 0 -0.30646693 -0.16154653 -0.1449204 0 -3.6062054e+10 0 0
-1.1 2.99954e-10 0 0 -0.3944149 -0.10540772 -0.28900719 0 -3.9668259e+10 0 0
-1.2 2.74849e-10 0 0 -0.44676025 -0.087063798 -0.35969645 0 -4.3274465e+10 0 0
-1.3 2.2676e-10 0 0 -0.62726034 0.068328536 -0.69558887 0 -4.688067e+10 0 0
-1.4 1.97899e-10 0 0 -0.73095873 0.14296534 -0.87392407 0 -5.0486876e+10 0 0
-1.5 4.73309e-10 0 0 -0.2774148 -0.31685549 0.03944069 0 -5.4093081e+10 0 0
-1.6 2.2006e-10 0 0 -0.33509831 -0.26462953 -0.070468784 0 -5.7699286e+10 0 0
-1.7 3.34382e-10 0 0 -0.34276791 -0.26474941 -0.078018498 0 -6.1305492e+10 0 0
-1.8 3.36337e-10 0 0 -0.48138558 -0.1254978 -0.35588778 0 -6.4911697e+10 0 0
-1.9 3.11625e-10 0 0 -0.6001071 -0.024996618 -0.57511048 0 -6.8517903e+10 0 0
-2 3.28159e-10 0 0 -0.67954389 0.025119703 -0.70466359 0 -7.2124108e+10 0 0
-2.1 2.53093e-10 0 0 -0.78104598 0.10395607 -0.88500205 0 -7.5730313e+10 0 0
-2.2 2.43318e-10 0 0 -0.45650691 -0.25705084 -0.19945607 0 -7.9336519e+10 0 0
-2.3 1.90079e-10 0 0 -0.4481538 -0.28524471 -0.16290909 0 -8.2942724e+10 0 0
-2.4 2.37584e-10 0 0 -0.54331343 -0.19385422 -0.34945921 0 -8.654893e+10 0 0
-2.5 1.86384e-10 0 0 -0.64868268 -0.087049721 -0.56163295 0 -9.0155135e+10 0 0
-2.6 2.11692e-10 0 0 -0.75375654 -0.0080537915 -0.74570274 0 -9.376134e+10 0 0
-2.7 2.32589e-10 0 0 -0.90732108 0.12038173 -1.0277028 0 -9.7367546e+10 0 0
-2.8 2.06375e-10 0 0 -0.093280804 -0.71063757 0.61735676 0 -1.0097375e+11 0 0
-2.9 2.0324e-10 0 0 0.032585694 -0.85389067 0.88647636 0 -1.0457996e+11 0 0
-3 2.63083e-10 0 0 -0.38516723 -0.4281428 0.042975573 0 -1.0818616e+11 0 0
-3.1 2.51496e-10 0 0 -0.3629213 -0.48207508 0.11915378 0 -1.1179237e+11 0 0
-3.2 -6.35624e-11 0 0 -0.49289474 -0.38911641 -0.10377833 0 -1.1539857e+11 0 0
-3.3 3.19052e-10 0 0 -0.67531891 -0.21827307 -0.45704584 0 -1.1900478e+11 0 0
-3.4 2.91812e-10 0 0 -0.42227647 -0.48406146 0.061784988 0 -1.2261098e+11 0 0
-3.5 -9.74536e-11 0 0 -0.70604889 -0.22382273 -0.48222615 0 -1.2621719e+11 0 0
-3.6 2.09069e-10 0 0 -0.86438795 -0.073763668 -0.79062428 0 -1.2982339e+11 0 0
-3.7 2.59507e-10 0 0 -0.53206211 -0.40837673 -0.12368538 0 -1.334296e+11 0 0
-3.8 -3.70657e-10 0 0 -0.74155981 -0.25609649 -0.48546333 0 -1.3703581e+11 0 0
-3.9 3.38817e-10 0 0 -0.93226017 -0.12880003 -0.80346014 0 -1.4064201e+11 0 0
-4 4.06003e-10 0 0 -0.94584842 -0.17513448 -0.77071394 0 -1.4424822e+11 0 0
-4.1 4.4874e-10 0 0 -0.94536472 -0.23244077 -0.71292395 0 -1.4785442e+11 0 0
-4.2 3.74079e-10 0 0 -0.99380088 -0.21400481 -0.77979607 0 -1.5146063e+11 0 0
-4.3 3.90947e-10 0 0 -1.0236949 -0.2298154 -0.79387948 0 -1.5506683e+11 0 0
-4.4 4.41813e-10 0 0 -1.0583124 -0.2780733 -0.78023914 0 -1.5867304e+11 0 0
-4.5 4.62973e-10 0 0 -0.8744077 -0.57724004 -0.29716766 0 -1.6227924e+11 0 0
-4.6 7.23553e-10 0 0 -1.033742 -0.5866647 -0.44707728 0 -1.6588545e+11 0 0
-4.7 4.75478e-10 0 0 -1.2695718 -0.52930465 -0.74026715 0 -1.6949165e+11 0 0
-4.8 4.28152e-10 0 0 -0.98628138 -1.0055467 0.019265341 0 -1.7309786e+11 0 0
-4.9 5.92363e-10 0 0 -1.3135559 -0.88447398 -0.42908194 0 -1.7670406e+11 0 0
-5 5.89931e-10 0 0 -1.6464991 -0.74979739 -0.89670167 0 -1.8031027e+11 0 0
-5.1 -7.68447e-10 0 0 -1.1043135 -1.5165224 0.41220891 0 -1.8391648e+11 0 0
-5.2 5.26977e-10 0 0 -1.5449789 -1.3169137 -0.22806519 0 -1.8752268e+11 0 0
-5.3 -7.95269e-10 0 0 -1.5540811 -1.5369715 -0.017109583 0 -1.9112889e+11 0 0
-5.4 -1.06702e-09 0 0 -1.793063 -1.5475416 -0.24552136 0 -1.9473509e+11 0 0
-5.5 -1.04319e-09 0 0 -1.9109979 -1.6968167 -0.21418125 0 -1.983413e+11 0 0
-5.6 -9.61554e-10 0 0 -2.0605905 -1.8211042 -0.23948634 0 -2.019475e+11 0 0
-5.7 -1.12637e-09 0 0 -2.5374488 -1.6229523 -0.91449647 0 -2.0555371e+11 0 0
-5.8 6.54197e-10 0 0 -2.570263 -1.8748912 -0.69537173 0 -2.0915991e+11 0 0
-5.9 2.03943e-10 0 0 -2.557968 -2.1746169 -0.38335117 0 -2.1276612e+11 0 0
-6 2.13695e-10 0 0 -2.5425637 -2.4778998 -0.06466387 0 -2.1637232e+11 0 0
-6.1 2.81405e-10 0 0 -2.5573198 -2.7728501 0.21553033 0 -2.1997853e+11 0 0
-6.2 1.4019e-10 0 0 -2.6054403 -3.0239466 0.41850633 0 -2.2358473e+11 0 0
-6.3 2.04492e-10 0 0 -2.6361792 -3.2865126 0.65033332 0 -2.2719094e+11 0 0
-6.4 1.71649e-10 0 0 -2.6643915 -3.5694021 0.90501068 0 -2.3079715e+11 0 0
-6.5 1.22774e-10 0 0 -2.688114 -3.8489921 1.1608782 0 -2.3440335e+11 0 0
-6.6 2.19309e-10 0 0 -2.713121 -4.1079683 1.3948474 0 -2.3800956e+11 0 0
-6.7 1.10066e-10 0 0 -2.7569445 -4.3532359 1.5962914 0 -2.4161576e+11 0 0
-6.8 2.04802e-10 0 0 -2.8185463 -4.5796474 1.7611011 0 -2.4522197e+11 0 0
-6.9 1.46627e-11 0 0 -2.8857919 -4.7750802 1.8892883 0 -2.4882817e+11 0 0
-7 1.2629e-10 0 0 -2.9654715 -4.9466456 1.9811741 0 -2.5243438e+11 0 0
-7.1 6.73175e-11 0 0 -3.0620662 -5.1009346 2.0388684 0 -2.5604058e+11 0 0
-7.2 1.20509e-10 0 0 -3.1747712 -5.2386336 2.0638624 0 -2.5964679e+11 0 0
-7.3 -1.02282e-11 0 0 -3.3148927 -5.373033 2.0581404 0 -2.6325299e+11 0 0
-7.4 2.14493e-10 0 0 -3.4635252 -5.4849739 2.0214487 0 -2.668592e+11 0 0
-7.5 2.11751e-10 0 0 -3.6152309 -5.5696425 1.9544117 0 -2.704654e+11 0 0
-7.6 1.67847e-11 0 0 -3.7658994 -5.6231676 1.8572682 0 -2.7407161e+11 0 0
-7.7 1.30928e-10 0 0 -3.9180034 -5.6487797 1.7307763 0 -2.7767782e+11 0 0
-7.8 -6.87838e-12 0 0 -4.0760721 -5.652759 1.5766869 0 -2.8128402e+11 0 0
-7.9 7.9298e-11 0 0 -4.24114 -5.6365008 1.3953608 0 -2.8489023e+11 0 0
-8 2.38419e-14 0 0 -4.4123263 -5.6019091 1.1895828 0 -2.8849643e+11 0 0
-8.1 1.43731e-10 0 0 -4.5868033 -5.5532583 0.96645499 0 -2.9210264e+11 0 0
-8.2 -4.57168e-11 0 0 -4.756554 -5.499745 0.74319102 0 -2.9570884e+11 0 0
-8.3 6.04749e-11 0 0 -4.9106942 -5.4537163 0.54302204 0 -2.9931505e+11 0 0
-8.4 7.64966e-11 0 0 -5.0392206 -5.4260534 0.38683279 0 -3.0292125e+11 0 0
-8.5 4.39525e-11 0 0 -5.140531 -5.4199267 0.27939566 0 -3.0652746e+11 0 0
-8.6 -1.77264e-11 0 0 -5.2192162 -5.4315899 0.21237369 0 -3.1013366e+11 0 0
-8.7 5.52058e-11 0 0 -5.2831097 -5.4544831 0.1713734 0 -3.1373987e+11 0 0
-8.8 -2.72751e-11 0 0 -5.3387548 -5.4830225 0.14426772 0 -3.1734608e+11 0 0
-8.9 7.05004e-11 0 0 -5.3896353 -5.5142858 0.12465052 0 -3.2095228e+11 0 0
-9 4.37021e-11 0 0 -5.437945 -5.5468064 0.10886141 0 -3.2455849e+11 0 0
-9.1 1.78838e-10 0 0 -5.4849615 -5.5802409 0.09527934 0 -3.2816469e+11 0 0
-9.2 1.75798e-10 0 0 -5.5317662 -5.6147996 0.0830334 0 -3.317709e+11 0 0
-9.3 4.02927e-11 0 0 -5.5788587 -5.6512709 0.07241221 0 -3.353771e+11 0 0
-9.4 -3.68118e-11 0 0 -5.6272228 -5.6894055 0.06218269 0 -3.3898331e+11 0 0
-9.5 2.83003e-11 0 0 -5.6764023 -5.7302038 0.0538015 0 -3.4258951e+11 0 0
-9.6 1.85788e-10 0 0 -5.7287566 -5.772004 0.04324748 0 -3.4619572e+11 0 0
-9.7 2.33269e-10 0 0 -5.785265 -5.8146498 0.02938478 0 -3.4980192e+11 0 0
-9.8 -7.83324e-11 0 0 -5.8386813 -5.8656948 0.02701346 0 -3.5340813e+11 0 0
-9.9 -1.47462e-11 0 0 -5.8945455 -5.9188287 0.02428323 0 -3.5701433e+11 0 0
-10 6.1512e-11 0 0 -5.9540118 -5.9716048 0.01759298 0 -3.6062054e+11 0 0
-10.1 1.08409e-10 0 0 -6.0143762 -6.0252423 0.01086613 0 -3.6422675e+11 0 0
-10.2 1.06585e-10 0 0 -6.0744714 -6.0797729 0.00530151 0 -3.6783295e+11 0 0
-10.3 -2.6691e-11 0 0 -6.1334312 -6.1344158 0.00098453 0 -3.7143916e+11 0 0
-10.4 2.32697e-11 0 0 -6.1926819 -6.1875812 -0.0051007 0 -3.7504536e+11 0 0
-10.5 1.78945e-10 0 0 -6.2507848 -6.240075 -0.01070972 0 -3.7865157e+11 0 0
-10.6 -1.62125e-11 0 0 -6.3087764 -6.2913306 -0.01744578 0 -3.8225777e+11 0 0
-10.7 1.65558e-10 0 0 -6.3662935 -6.341428 -0.02486548 0 -3.8586398e+11 0 0
-10.8 -3.829e-11 0 0 -6.4219695 -6.3919129 -0.03005657 0 -3.8947018e+11 0 0
-10.9 -2.92778e-11 0 0 -6.4756736 -6.443141 -0.03253253 0 -3.9307639e+11 0 0
-11 1.30272e-10 0 0 -6.5294026 -6.4932131 -0.03618942 0 -3.9668259e+11 0 0
-11.1 2.72512e-11 0 0 -6.583455 -6.5417285 -0.04172641 0 -4.002888e+11 0 0
-11.2 9.0003e-12 0 0 -6.6365857 -6.5892148 -0.04737089 0 -4.03895e+11 0 0
-11.3 1.62005e-10 0 0 -6.6867765 -6.6375764 -0.04920009 0 -4.0750121e+11 0 0
-11.4 -2.43664e-11 0 0 -6.7360967 -6.6849329 -0.05116381 0 -4.1110742e+11 0 0
-11.5 8.95262e-11 0 0 -6.7843966 -6.7320251 -0.05237152 0 -4.1471362e+11 0 0
-11.6 1.17826e-10 0 0 -6.8340317 -6.7765043 -0.05752742 0 -4.1831983e+11 0 0
-11.7 3.67045e-11 0 0 -6.881827 -6.8219743 -0.05985266 0 -4.2192603e+11 0 0
-11.8 -6.89745e-11 0 0 -6.9299446 -6.8660734 -0.06387121 0 -4.2553224e+11 0 0
-11.9 4.60863e-11 -1e-08 -50.006 -6.9769039 -6.909856 -0.06704785 0 -4.2913844e+11 -0.47861129 0
-12 -6.97374e-12 0 0 -7.0238382 -6.952134 -0.07170418 0 -4.3274465e+11 0 0
-12.1 2.7287e-11 0 0 -7.069752 -6.9934108 -0.07634116 0 -4.3635085e+11 0 0
-12.2 1.52624e-10 0 0 -7.1131832 -7.0349638 -0.07821941 0 -4.3995706e+11 0 0
-12.3 1.00374e-11 0 0 -7.1563828 -7.0742683 -0.08211452 0 -4.4356326e+11 0 0
-12.4 1.91331e-10 0 0 -7.1987837 -7.1119228 -0.08686091 0 -4.4716947e+11 0 0
-12.5 -6.64592e-11 0 0 -7.2378377 -7.1503777 -0.08746001 0 -4.5077567e+11 0 0
-12.6 -8.55923e-12 -1e-08 -49.9901 -7.2750796 -7.1871325 -0.08794709 0 -4.5438188e+11 -0.34460592 0
-12.7 2.43545e-11 -1e-08 -49.9868 -7.3095526 -7.2214713 -0.08808129 0 -4.5798809e+11 -0.34137158 0
-12.8 1.56164e-12 -1e-08 -49.9835 -7.3410828 -7.2483462 -0.09273658 0 -4.6159429e+11 -0.32170196 0
-12.9 -5.19276e-11 0 0 -7.3566301 -7.2618397 -0.09479041 0 -4.652005e+11 0 0
-13 4.64797e-11 0 0 -7.3440337 -7.2448281 -0.09920566 0 -4.688067e+11 0 0
-13.1 1.67274e-10 0 0 -7.2836379 -7.1832374 -0.10040043 0 -4.7241291e+11 0 0
-13.2 7.73668e-12 0 0 -7.1688257 -7.0662513 -0.10257438 0 -4.7601911e+11 0 0
-13.3 -4.06981e-11 -1e-08 -49.9648 -7.0098831 -6.9076438 -0.10223933 0 -4.7962532e+11 -0.28083105 0
-13.4 2.48075e-11 -1e-08 -49.959 -6.8203615 -6.7178357 -0.10252577 0 -4.8323152e+11 -0.27795655 0
-13.5 -1.51396e-11 -1e-08 -49.9502 -6.6276917 -6.5272867 -0.10040497 0 -4.8683773e+11 -0.28172525 0
-13.6 -5.79e-11 -1e-08 -49.9351 -6.434198 -6.3331644 -0.10103354 0 -4.9044393e+11 -0.2779139 0
-13.7 -1.01209e-11 -1e-08 -49.9247 -6.2397747 -6.1368367 -0.10293801 0 -4.9405014e+11 -0.27078114 0
-13.8 -2.00462e-10 -1e-08 -49.2738 -6.0449356 -5.937767 -0.10716859 0 -4.9765634e+11 -0.25820708 0
-13.9 -1.95432e-10 -1e-08 -46.8077 -5.8487883 -5.7364097 -0.11237863 0 -5.0126255e+11 -0.24446474 0
-14 -2.42996e-10 -1e-08 -42.2888 -5.6476961 -5.5360867 -0.11160936 0 -5.0486876e+11 -0.2443915 0
-14.1 -6.17611e-10 -1e-08 -34.867 -5.4440483 -5.3342615 -0.10978677 0 -5.0847496e+11 -0.24668664 0
-14.2 -7.34854e-10 -1e-08 -24.4468 -5.2351832 -5.1340203 -0.10116298 0 -5.1208117e+11 -0.26583049 0
-14.3 -8.80623e-10 -1e-08 -14.1344 -5.007096 -4.9495903 -0.05750577 0 -5.1568737e+11 -0.46437336 0
-14.4 -1.70704e-09 -1e-08 -9.2192 -4.7344694 -4.8067366 0.07226719 0 -5.1929358e+11 0.36695355 0
-14.5 -1.97215e-09 -1e-08 -6.85332 -4.4427567 -4.6800185 0.23726172 0 -5.2289978e+11 0.110999 0
-14.6 -1.88665e-09 -1e-08 -4.50938 -4.1470114 -4.5543602 0.40734883 4.2854606e-09 -5.2650599e+11 0.064208929 0
-14.7 -1.16583e-09 -1e-08 -2.8043 -3.9411785 -4.3354672 0.3942887 1.0907556e-08 -5.3011219e+11 0.065884475 0
-14.8 -4.43244e-10 -1e-08 -2.74171 -3.7901407 -4.0582607 0.26811999 1.7566946e-08 -5.337184e+11 0.09623296 0
-14.9 -3.56483e-10 -1e-08 -2.69995 -3.7507565 -3.6657116 -0.085044904 2.4265438e-08 -5.373246e+11 -0.30135624 0
-15 -3.75175e-10 -1e-08 -2.67092 -3.5093827 -3.4720932 -0.037289464 3.0996356e-08 -5.4093081e+11 -0.68271171 0
-15.1 -3.46589e-10 -1e-08 -2.65035 -3.2581714 -3.2857342 0.027562783 3.7754601e-08 -5.4453702e+11 0.91751831 0
-15.2 -3.69954e-10 -1e-08 -2.60839 -3.0476223 -3.0570335 0.009411239 4.4530648e-08 -5.4814322e+11 2.6694658 0
-15.3 -4.47679e-10 -1e-08 -2.58057 -2.8346798 -2.8293443 -0.005335498 5.1321345e-08 -5.5174943e+11 -4.6778723 0
-15.4 -5.04577e-10 -1e-08 -2.55619 -2.6195893 -2.6024933 -0.017096026 5.8125925e-08 -5.5535563e+11 -1.450437 0
-15.5 -3.3766e-10 -1e-08 -2.53639 -2.3980223 -2.3804176 -0.017604754 6.4948537e-08 -5.5896184e+11 -1.3994362 0
-15.6 -3.6484e-10 -1e-08 -2.51509 -2.1752918 -2.1579741 -0.017317689 7.1787381e-08 -5.6256804e+11 -1.4135143 0
-15.7 -5.35488e-10 -1e-08 -2.49894 -1.9526 -1.9352483 -0.017351784 7.8628808e-08 -5.6617425e+11 -1.4017513 0
-15.8 -3.41129e-10 -1e-08 -2.47132 -1.7300067 -1.7139307 -0.016076 8.5454263e-08 -5.6978045e+11 -1.5034177 0
-15.9 -3.78013e-10 -1e-08 -2.46405 -1.5120032 -1.4944486 -0.017554614 9.2211611e-08 -5.7338666e+11 -1.3681268 0
-16 -5.43332e-10 -1e-08 -2.45207 -1.3061409 -1.2881296 -0.018011227 9.8700733e-08 -5.7699286e+11 -1.3251086 0
-16.1 -3.6875e-10 -1e-08 -2.43803 -1.1277075 -1.109416 -0.018291437 1.0460649e-07 -5.8059907e+11 -1.2967046 0
-16.2 -2.87259e-10 -1e-08 -2.40382 -0.99326479 -0.97580519 -0.017459605 1.0956786e-07 -5.8420527e+11 -1.3500981 0
-16.3 -5.10907e-10 -1e-08 -2.3992 -0.91243933 -0.89554939 -0.016889942 1.1339532e-07 -5.8781148e+11 -1.387072 0
-16.4 -3.45147e-10 -1e-08 -2.38068 -0.87309362 -0.85657109 -0.016522527 1.1634555e-07 -5.9141769e+11 -1.4092707 0
-16.5 -3.24738e-10 -1e-08 -2.36046 -0.86351512 -0.84741947 -0.01609565 1.1866409e-07 -5.9502389e+11 -1.4378788 0
-16.6 -4.88126e-10 -1e-08 -2.34272 -0.85438332 -0.83897096 -0.015412362 1.2097044e-07 -5.986301e+11 -1.4925795 0
-16.7 -3.72255e-10 -1e-08 -2.32931 -0.84648086 -0.83116797 -0.015312894 1.2325692e-07 -6.022363e+11 -1.4932792 0
-16.8 -4.96566e-10 -1e-08 -2.31561 -0.83873559 -0.82313723 -0.015598354 1.2554415e-07 -6.0584251e+11 -1.4572253 0
-16.9 -3.72064e-10 -1e-08 -2.305 -0.83143322 -0.81488129 -0.01655193 1.2782907e-07 -6.0944871e+11 -1.365147 0
-17 -3.55852e-10 -1e-08 -2.28286 -0.82394259 -0.80743953 -0.016503068 1.3010735e-07 -6.1305492e+11 -1.3611348 0
-17.1 -4.79543e-10 -1e-08 -2.26579 -0.81652234 -0.80057424 -0.015948101 1.3237878e-07 -6.1666112e+11 -1.4002632 0
-17.2 -5.11146e-10 -1e-08 -2.24974 -0.80942921 -0.79413042 -0.015298796 1.3464227e-07 -6.2026733e+11 -1.451206 0
-17.3 -3.02136e-10 -1e-08 -2.23997 -0.80285323 -0.78773351 -0.015119712 1.3689978e-07 -6.2387353e+11 -1.4599068 0
-17.4 -3.19171e-10 -1e-08 -2.21364 -0.79667739 -0.7816645 -0.015012894 1.3914958e-07 -6.2747974e+11 -1.4618442 0
-17.5 -3.90303e-10 -1e-08 -2.20761 -0.79087345 -0.77576865 -0.015104793 1.4139359e-07 -6.3108594e+11 -1.4446476 0
-17.6 -3.16656e-10 -1e-08 -2.19172 -0.78451305 -0.77058365 -0.013929403 1.4363597e-07 -6.3469215e+11 -1.5576489 0
-17.7 -3.31497e-10 -1e-08 -2.17953 -0.77879477 -0.76480317 -0.013991597 1.4587786e-07 -6.3829836e+11 -1.5419639 0
-17.8 -5.36859e-10 -1e-08 -2.16393 -0.77300776 -0.75927353 -0.013734232 1.4811782e-07 -6.4190456e+11 -1.5620336 0
-17.9 -2.67053e-10 -1e-08 -2.15162 -0.76750226 -0.75385541 -0.013646847 1.5035361e-07 -6.4551077e+11 -1.5632535 0
-18 -5.36442e-10 -1e-08 -2.14543 -0.7622889 -0.74893143 -0.01335747 1.5258106e-07 -6.4911697e+11 -1.588247 0
-18.1 -3.79992e-10 -1e-08 -2.12249 -0.7568309 -0.7448734 -0.011957499 1.5480193e-07 -6.5272318e+11 -1.764395 0
-18.2 -4.62234e-10 -1e-08 -2.11536 -0.75261077 -0.7401718 -0.012438965 1.570165e-07 -6.5632938e+11 -1.6867826 0
-18.3 -5.26297e-10 -1e-08 -2.10495 -0.74815122 -0.73591906 -0.012232168 1.5922886e-07 -6.5993559e+11 -1.7059262 0
-18.4 -2.3638e-10 -1e-08 -2.09445 -0.74436946 -0.73108079 -0.013288664 1.6144023e-07 -6.6354179e+11 -1.5617647 0
-18.5 -3.20017e-10 -1e-08 -2.08802 -0.73985125 -0.7269268 -0.01292445 1.6365215e-07 -6.67148e+11 -1.5970958 0
-18.6 -2.75588e-10 -1e-08 -2.06906 -0.7358947 -0.72232796 -0.013566748 1.6586284e-07 -6.707542e+11 -1.5133036 0
-18.7 -2.63607e-10 -1e-08 -2.06719 -0.73210683 -0.71786783 -0.014238994 1.6807027e-07 -6.7436041e+11 -1.4341476 0
-18.8 -4.12977e-10 -1e-08 -2.0507 -0.72771617 -0.71428559 -0.013430578 1.7027478e-07 -6.7796661e+11 -1.5123844 0
-18.9 -2.84314e-10 -1e-08 -2.05831 -0.72406002 -0.71015786 -0.013902158 1.7247729e-07 -6.8157282e+11 -1.4533517 0
-19 -4.47047e-10 -1e-08 -2.04364 -0.71976172 -0.70692631 -0.012835409 1.7467711e-07 -6.8517903e+11 -1.5658546 0
-19.1 -5.08881e-10 -1e-08 -2.02733 -0.71618628 -0.70317602 -0.013010266 1.7687476e-07 -6.8878523e+11 -1.5367217 0
-19.2 -3.05533e-10 -1e-08 -2.02445 -0.71219954 -0.70012868 -0.012070861 1.7906932e-07 -6.9239144e+11 -1.6476891 0
-19.3 -4.21393e-10 -1e-08 -2.01589 -0.70907533 -0.69657398 -0.01250135 1.8126012e-07 -6.9599764e+11 -1.582707 0
-19.4 -4.21226e-10 -1e-08 -2.01164 -0.70634889 -0.69275779 -0.013591093 1.8344947e-07 -6.9960385e+11 -1.4483004 0
-19.5 -3.46673e-10 -1e-08 -2.01082 -0.70326852 -0.68961161 -0.013656916 1.8563547e-07 -7.0321005e+11 -1.4339285 0
-19.6 -4.66204e-10 -1e-08 -1.99846 -0.70040626 -0.68639679 -0.014009471 1.8781989e-07 -7.0681626e+11 -1.3907112 0
-19.7 -3.94237e-10 -1e-08 -1.99474 -0.69728931 -0.68386409 -0.013425226 1.8999977e-07 -7.1042246e+11 -1.4438661 0
-19.8 -3.40307e-10 -1e-08 -1.97907 -0.69370068 -0.68222684 -0.011473838 1.9217517e-07 -7.1402867e+11 -1.680896 0
-19.9 -3.89481e-10 -1e-08 -1.96913 -0.69119352 -0.68000151 -0.011192008 1.9434533e-07 -7.1763487e+11 -1.7145639 0
-20 -3.05533e-10 -1e-08 -1.95277 -0.68894892 -0.67801843 -0.010930488 1.9651015e-07 -7.2124108e+11 -1.7468081 0
-20.1 -5.27489e-10 -1e-08 -1.94962 -0.68737633 -0.67561426 -0.011762065 1.986723e-07 -7.2484729e+11 -1.6152328 0
-20.2 -3.42786e-10 -1e-08 -1.94187 -0.68521278 -0.67393097 -0.011281818 2.0083308e-07 -7.2845349e+11 -1.6756538 0
-20.3 -5.37133e-10 -1e-08 -1.92623 -0.68287453 -0.67230363 -0.010570904 2.0299511e-07 -7.320597e+11 -1.7795352 0
-20.4 -4.07684e-10 -1e-08 -1.92189 -0.68069786 -0.67035632 -0.010341542 2.0515883e-07 -7.356659e+11 -1.8100863 0
-20.5 -5.13792e-10 -1e-08 -1.91215 -0.67860744 -0.66804456 -0.010562879 2.0732549e-07 -7.3927211e+11 -1.7635127 0
-20.6 -5.20527e-10 -1e-08 -1.89978 -0.67692469 -0.66508749 -0.011837209 2.0949467e-07 -7.4287831e+11 -1.5660233 0
-20.7 -4.05622e-10 -1e-08 -1.89708 -0.67454096 -0.66275581 -0.011785155 2.1166465e-07 -7.4648452e+11 -1.5653415 0
-20.8 -4.33457e-10 -1e-08 -1.89748 -0.67200412 -0.66054426 -0.011459862 2.1383499e-07 -7.5009072e+11 -1.6020351 0
-20.9 -3.41725e-10 -1e-08 -1.88214 -0.66978099 -0.65809845 -0.011682536 2.1600448e-07 -7.5369693e+11 -1.5639805 0
-21 -2.97141e-10 -1e-08 -1.88618 -0.66727869 -0.65586669 -0.011412 2.1817466e-07 -7.5730313e+11 -1.5934326 0
-21.1 -3.31533e-10 -1e-08 -1.87507 -0.66494541 -0.65332219 -0.011623212 2.2034636e-07 -7.6090934e+11 -1.5570628 0
-21.2 -4.29845e-10 -1e-08 -1.87721 -0.66275711 -0.65050799 -0.012249119 2.2251939e-07 -7.6451554e+11 -1.4705305 0
-21.3 -4.47237e-10 -1e-08 -1.87776 -0.65996479 -0.64824255 -0.011722247 2.24693e-07 -7.6812175e+11 -1.5294113 0
-21.4 -3.98469e-10 -1e-08 -1.86722 -0.65786591 -0.64541771 -0.012448197 2.2686519e-07 -7.7172796e+11 -1.4334895 0
-21.5 -3.71993e-10 -1e-08 -1.87292 -0.6550872 -0.64348061 -0.011606589 2.2903518e-07 -7.7533416e+11 -1.5302828 0
-21.6 -3.93164e-10 -1e-08 -1.86497 -0.65248341 -0.64164315 -0.010840266 2.3120226e-07 -7.7894037e+11 -1.6308765 0
-21.7 -4.92513e-10 -1e-08 -1.84672 -0.65028551 -0.63969272 -0.010592789 2.3336623e-07 -7.8254657e+11 -1.6612871 0
-21.8 -4.14968e-10 -1e-08 -1.8454 -0.6474933 -0.63854686 -0.00894644 2.3552797e-07 -7.8615278e+11 -1.9579789 0
-21.9 -3.01969e-10 -1e-08 -1.83898 -0.64559395 -0.63673845 -0.008855498 2.3768728e-07 -7.8975898e+11 -1.9690541 0
-22 -5.21719e-10 -1e-08 -1.815 -0.64413719 -0.63470466 -0.009432539 2.3984428e-07 -7.9336519e+11 -1.8401934 0
-22.1 -4.91703e-10 -1e-08 -1.81579 -0.64241584 -0.63305676 -0.009359075 2.4199999e-07 -7.9697139e+11 -1.8462459 0
-22.2 -5.20909e-10 -1e-08 -1.80461 -0.64067549 -0.63149534 -0.009180151 2.4415499e-07 -8.005776e+11 -1.8737513 0
-22.3 -4.67169e-10 -1e-08 -1.80386 -0.63974614 -0.62905878 -0.010687359 2.4631067e-07 -8.041838e+11 -1.602284 0
-22.4 -4.26412e-10 -1e-08 -1.80094 -0.63776134 -0.62772607 -0.010035273 2.4846583e-07 -8.0779001e+11 -1.6987816 0
-22.5 -4.91047e-10 -1e-08 -1.79564 -0.63639381 -0.625958 -0.010435811 2.5061907e-07 -8.1139621e+11 -1.6263201 0
-22.6 -5.3587e-10 -1e-08 -1.78389 -0.63457907 -0.624647 -0.009932071 2.527722e-07 -8.1500242e+11 -1.7012436 0
-22.7 -4.19188e-10 -1e-08 -1.78629 -0.63319022 -0.6228536 -0.010336626 2.5492594e-07 -8.1860863e+11 -1.6274591 0
-22.8 -3.15404e-10 -1e-08 -1.7732 -0.63132069 -0.62129398 -0.010026709 2.5708228e-07 -8.2221483e+11 -1.6704039 0
-22.9 -4.15838e-10 -1e-08 -1.76657 -0.62993675 -0.61908598 -0.01085077 2.5924036e-07 -8.2582104e+11 -1.5368048 0
-23 -5.12373e-10 -1e-08 -1.76288 -0.62748386 -0.61776888 -0.00971498 2.6140032e-07 -8.2942724e+11 -1.7090116 0
-23.1 -4.72617e-10 -1e-08 -1.76028 -0.62585542 -0.6153251 -0.01053032 2.6356349e-07 -8.3303345e+11 -1.569861 0
-23.2 -3.46351e-10 -1e-08 -1.76202 -0.62344193 -0.61345103 -0.009990897 2.6572893e-07 -8.3663965e+11 -1.6474881 0
-23.3 -4.66549e-10 -1e-08 -1.75243 -0.62129297 -0.61127764 -0.010015331 2.6789475e-07 -8.4024586e+11 -1.6364153 0
-23.4 -3.23415e-10 -1e-08 -1.74819 -0.61906934 -0.60931756 -0.00975178 2.700591e-07 -8.4385206e+11 -1.6734587 0
-23.5 -5.40042e-10 -1e-08 -1.74799 -0.6165543 -0.60779387 -0.008760436 2.7222191e-07 -8.4745827e+11 -1.8549029 0
-23.6 -5.12111e-10 -1e-08 -1.73677 -0.61386715 -0.60662027 -0.007246878 2.7438283e-07 -8.5106447e+11 -2.2328102 0
-23.7 -5.85103e-10 -1e-08 -1.72984 -0.61174354 -0.60496675 -0.006776794 2.7654287e-07 -8.5467068e+11 -2.3776182 0
-23.8 -4.72057e-10 -1e-08 -1.73245 -0.61040056 -0.60268889 -0.007711663 2.7870125e-07 -8.5827688e+11 -2.0806056 0
-23.9 -3.7663e-10 -1e-08 -1.73374 -0.60905615 -0.60060002 -0.008456138 2.8085764e-07 -8.6188309e+11 -1.8894908 0
-24 -5.005e-10 -1e-08 -1.72903 -0.60767659 -0.59868259 -0.008994005 2.8301259e-07 -8.654893e+11 -1.7690919 0
-24.1 -5.21755e-10 -1e-08 -1.7182 -0.60644997 -0.59679238 -0.009657594 2.8516563e-07 -8.690955e+11 -1.6406984 0
-24.2 -3.74174e-10 -1e-08 -1.71607 -0.60438003 -0.59574502 -0.008635015 2.8731867e-07 -8.7270171e+11 -1.8274112 0
-24.3 -5.3004e-10 -1e-08 -1.70973 -0.60308835 -0.59392543 -0.00916292 2.8947165e-07 -8.7630791e+11 -1.7150413 0
-24.4 -4.02665e-10 -1e-08 -1.7067 -0.60108813 -0.59278921 -0.008298922 2.916249e-07 -8.7991412e+11 -1.8858331 0
-24.5 -4.18246e-10 -1e-08 -1.7015 -0.59969832 -0.59115176 -0.008546556 2.9377699e-07 -8.8352032e+11 -1.8237173 0
-24.6 -4.97496e-10 -1e-08 -1.69208 -0.59812979 -0.58977536 -0.008354433 2.9592821e-07 -8.8712653e+11 -1.8580725 0
-24.7 -4.82321e-10 -1e-08 -1.6939 -0.59691726 -0.5881986 -0.008718652 2.9807777e-07 -8.9073273e+11 -1.7732438 0
-24.8 -3.49224e-10 -1e-08 -1.68301 -0.59512437 -0.5872137 -0.007910662 3.0022722e-07 -8.9433894e+11 -1.9464813 0
-24.9 -4.48525e-10 -1e-08 -1.67973 -0.59382959 -0.58565845 -0.008171139 3.0237743e-07 -8.9794514e+11 -1.876864 0
-25 -3.80182e-10 -1e-08 -1.67609 -0.59213703 -0.58436763 -0.007769402 3.0452905e-07 -9.0155135e+11 -1.9660165 0
-25.1 -4.50754e-10 -1e-08 -1.67286 -0.59057086 -0.58282775 -0.007743107 3.0668197e-07 -9.0515755e+11 -1.9648336 0
-25.2 -4.08661e-10 -1e-08 -1.65966 -0.58864004 -0.58176129 -0.006878747 3.0883375e-07 -9.0876376e+11 -2.2029512 0
-25.3 -3.29888e-10 -1e-08 -1.66312 -0.58757266 -0.57991426 -0.007658399 3.1098464e-07 -9.1236997e+11 -1.9708621 0
-25.4 -4.26316e-10 -1e-08 -1.65793 -0.58636777 -0.57840917 -0.007958604 3.1313336e-07 -9.1597617e+11 -1.889053 0
-25.5 -5.60176e-10 -1e-08 -1.65253 -0.58519182 -0.57687817 -0.008313655 3.1528206e-07 -9.1958238e+11 -1.8012856 0
-25.6 -3.53229e-10 -1e-08 -1.64914 -0.58338955 -0.57583473 -0.00755482 3.1743222e-07 -9.2318858e+11 -1.9744706 0
-25.7 -4.93467e-10 -1e-08 -1.64372 -0.58201734 -0.57424069 -0.007776654 3.1958366e-07 -9.2679479e+11 -1.9106839 0
-25.8 -5.54395e-10 -1e-08 -1.63921 -0.58039658 -0.57273739 -0.007659191 3.2173678e-07 -9.3040099e+11 -1.9324673 0
-25.9 -4.82345e-10 -1e-08 -1.63841 -0.57897247 -0.57103272 -0.00793975 3.2388994e-07 -9.340072e+11 -1.856984 0
-26 -4.45914e-10 -1e-08 -1.63866 -0.57766856 -0.56915313 -0.008515437 3.2604369e-07 -9.376134e+11 -1.724783 0
-26.1 -4.36068e-10 -1e-08 -1.63191 -0.57606145 -0.5675405 -0.008520945 3.2819782e-07 -9.4121961e+11 -1.717064 0
-26.2 -5.11384e-10 -1e-08 -1.63341 -0.57472597 -0.56572335 -0.009002618 3.3035124e-07 -9.4482581e+11 -1.6189918 0
-26.3 -5.26512e-10 -1e-08 -1.63013 -0.57250651 -0.56483925 -0.007667258 3.3250413e-07 -9.4843202e+11 -1.8937338 0
-26.4 -4.06981e-10 -1e-08 -1.62221 -0.57086673 -0.56336529 -0.007501449 3.3465714e-07 -9.5203823e+11 -1.9282603 0
-26.5 -5.71764e-10 -1e-08 -1.61787 -0.56905134 -0.56196176 -0.007089579 3.3681126e-07 -9.5564443e+11 -2.0325837 0
-26.6 -4.43208e-10 -1e-08 -1.60964 -0.56739721 -0.56027943 -0.007117783 3.3896663e-07 -9.5925064e+11 -2.0169186 0
-26.7 -4.80688e-10 -1e-08 -1.61614 -0.56594881 -0.558308 -0.007640806 3.4112288e-07 -9.6285684e+11 -1.871821 0
-26.8 -4.81236e-10 -1e-08 -1.61028 -0.56434379 -0.55663354 -0.007710253 3.4327764e-07 -9.6646305e+11 -1.8480398 0
-26.9 -4.79937e-10 -1e-08 -1.60883 -0.56284251 -0.55496193 -0.007880576 3.4543127e-07 -9.7006925e+11 -1.8013766 0
-27 -6.21474e-10 -1e-08 -1.59793 -0.56051789 -0.55424512 -0.006272763 3.4758351e-07 -9.7367546e+11 -2.2547174 0
-27.1 -4.14419e-10 -1e-08 -1.5977 -0.55879847 -0.55297645 -0.005822025 3.4973519e-07 -9.7728166e+11 -2.4203122 0
-27.2 -5.04422e-10 -1e-08 -1.59395 -0.55733544 -0.55146505 -0.005870393 3.5188671e-07 -9.8088787e+11 -2.3915456 0
-27.3 -5.43332e-10 -1e-08 -1.58887 -0.55628179 -0.54969916 -0.006582628 3.540366e-07 -9.8449407e+11 -2.12497 0
-27.4 -4.80032e-10 -1e-08 -1.58085 -0.55454666 -0.54873806 -0.0058086 3.5618518e-07 -9.8810028e+11 -2.3993451 0
-27.5 -3.85642e-10 -1e-08 -1.58023 -0.55315103 -0.54754153 -0.005609498 3.5833266e-07 -9.9170648e+11 -2.4754723 0
-27.6 -5.25761e-10 -1e-08 -1.57532 -0.55200009 -0.5461075 -0.005892585 3.6048006e-07 -9.9531269e+11 -2.3480093 0
-27.7 -4.82821e-10 -1e-08 -1.57007 -0.55126346 -0.54415815 -0.007105308 3.6262853e-07 -9.989189e+11 -1.9402249 0
-27.8 -4.90868e-10 -1e-08 -1.56626 -0.54982535 -0.54273869 -0.007086654 3.6477882e-07 -1.0025251e+12 -1.9383345 0
-27.9 -4.33898e-10 -1e-08 -1.55906 -0.54803782 -0.54134097 -0.006696846 3.6693258e-07 -1.0061313e+12 -2.0438087 0
-28 -4.89819e-10 -1e-08 -1.55512 -0.54588855 -0.54014958 -0.005738971 3.69088e-07 -1.0097375e+12 -2.3764172 0
-28.1 -5.48899e-10 -1e-08 -1.55066 -0.54421316 -0.53845095 -0.005762207 3.7124376e-07 -1.0133437e+12 -2.3584115 0
-28.2 -4.89414e-10 -1e-08 -1.54553 -0.54299815 -0.53646168 -0.006536464 3.7339773e-07 -1.0169499e+12 -2.0716805 0
-28.3 -4.03154e-10 -1e-08 -1.54481 -0.54180089 -0.53460717 -0.007193725 3.7555007e-07 -1.0205561e+12 -1.875748 0
-28.4 -4.64356e-10 -1e-08 -1.54069 -0.54010538 -0.53332178 -0.006783599 3.7770167e-07 -1.0241623e+12 -1.9821488 0
-28.5 -5.36263e-10 -1e-08 -1.53946 -0.53865779 -0.5317555 -0.006902294 3.7985362e-07 -1.0277685e+12 -1.9412275 0
-28.6 -4.77982e-10 -1e-08 -1.54194 -0.53697802 -0.53031917 -0.006658857 3.8200665e-07 -1.0313747e+12 -2.00516 0
-28.7 -3.89218e-10 -1e-08 -1.53832 -0.53535658 -0.52878547 -0.00657111 3.8416009e-07 -1.0349809e+12 -2.0248559 0
-28.8 -5.28979e-10 -1e-08 -1.53653 -0.53417873 -0.52686803 -0.007310696 3.863129e-07 -1.0385872e+12 -1.813692 0
-28.9 -4.96602e-10 -1e-08 -1.5289 -0.53180306 -0.52639829 -0.005404769 3.8846307e-07 -1.0421934e+12 -2.4447799 0
-29 -4.62973e-10 -1e-08 -1.52958 -0.53047424 -0.52506718 -0.005407058 3.9061126e-07 -1.0457996e+12 -2.4353183 0
-29.1 -6.00028e-10 -1e-08 -1.52322 -0.52882121 -0.52426244 -0.004558766 3.9275731e-07 -1.0494058e+12 -2.8785546 0
-29.2 -4.17447e-10 -1e-08 -1.51997 -0.52779031 -0.52298329 -0.004807018 3.949018e-07 -1.053012e+12 -2.7205465 0
-29.3 -5.02944e-10 -1e-08 -1.51437 -0.52654761 -0.52200569 -0.004541925 3.9704534e-07 -1.0566182e+12 -2.8695062 0
-29.4 -4.4868e-10 -1e-08 -1.50525 -0.52573787 -0.52058089 -0.005156979 3.9918902e-07 -1.0602244e+12 -2.5186746 0
-29.5 -4.96137e-10 -1e-08 -1.50482 -0.52446572 -0.51969222 -0.004773505 4.0133193e-07 -1.0638306e+12 -2.7117856 0
-29.6 -4.24421e-10 -1e-08 -1.50091 -0.52365647 -0.51851161 -0.005144859 4.0347302e-07 -1.0674368e+12 -2.5075498 0
-29.7 -5.81253e-10 -1e-08 -1.50449 -0.52289917 -0.51753528 -0.005363888 4.0561139e-07 -1.071043e+12 -2.3970583 0
-29.8 -4.40168e-10 -1e-08 -1.49654 -0.52176598 -0.51720159 -0.004564389 4.0774694e-07 -1.0746492e+12 -2.8074746 0
-29.9 -4.97925e-10 -1e-08 -1.50204 -0.52105201 -0.51646101 -0.004590991 4.0988236e-07 -1.0782554e+12 -2.7818719 0
-30 -4.93419e-10 -1e-08 -1.50133 -0.5202505 -0.515811 -0.004439508 4.1201775e-07 -1.0818616e+12 -2.8672044 0
-30.1 -3.33536e-10 -1e-08 -1.49688 -0.519608 -0.51496498 -0.004643027 4.1415353e-07 -1.0854678e+12 -2.7324174 0
-30.2 -5.7466e-10 -1e-08 -1.49039 -0.51901479 -0.51401049 -0.005004295 4.1628993e-07 -1.089074e+12 -2.5267653 0
-30.3 -4.0971e-10 -1e-08 -1.49076 -0.5181705 -0.51333198 -0.004838521 4.1842607e-07 -1.0926802e+12 -2.6047107 0
-30.4 -5.40972e-10 -1e-08 -1.48968 -0.51732542 -0.51254854 -0.004776881 4.2056334e-07 -1.0962864e+12 -2.6296427 0
-30.5 -4.58503e-10 -1e-08 -1.48225 -0.51714973 -0.51111844 -0.006031284 4.2270036e-07 -1.0998926e+12 -2.0758938 0
-30.6 -5.00524e-10 -1e-08 -1.48426 -0.51620711 -0.51044479 -0.005762319 4.2483749e-07 -1.1034989e+12 -2.1656887 0
-30.7 -4.90797e-10 -1e-08 -1.48366 -0.51523711 -0.50988844 -0.005348673 4.2697367e-07 -1.1071051e+12 -2.3255749 0
-30.8 -4.65095e-10 -1e-08 -1.47895 -0.51454683 -0.5091061 -0.005440727 4.2910928e-07 -1.1107113e+12 -2.2788047 0
-30.9 -5.45204e-10 -1e-08 -1.47551 -0.51357084 -0.50862243 -0.004948402 4.3124475e-07 -1.1143175e+12 -2.4974184 0
-31 -4.86326e-10 -1e-08 -1.46983 -0.51282951 -0.50808067 -0.004748838 4.3337835e-07 -1.1179237e+12 -2.5939745 0
-31.1 -5.56779e-10 -1e-08 -1.46964 -0.51225717 -0.50741969 -0.004837486 4.3551143e-07 -1.1215299e+12 -2.5382515 0
-31.2 -4.10223e-10 -1e-08 -1.46996 -0.51163713 -0.5069125 -0.004724634 4.3764337e-07 -1.1251361e+12 -2.5905501 0
-31.3 -5.09846e-10 -1e-08 -1.46482 -0.5109946 -0.50654477 -0.004449833 4.3977408e-07 -1.1287423e+12 -2.7417428 0
-31.4 -5.69665e-10 -1e-08 -1.45862 -0.51040411 -0.50611656 -0.004287543 4.4190488e-07 -1.1323485e+12 -2.8364597 0
-31.5 -3.98576e-10 -1e-08 -1.45918 -0.51013187 -0.50545434 -0.004677522 4.4403479e-07 -1.1359547e+12 -2.5917217 0
-31.6 -5.82373e-10 -1e-08 -1.46278 -0.50969149 -0.50481805 -0.004873441 4.461662e-07 -1.1395609e+12 -2.479659 0
-31.7 -5.23388e-10 -1e-08 -1.4566 -0.50933967 -0.50412577 -0.005213901 4.4829727e-07 -1.1431671e+12 -2.3104294 0
-31.8 -5.46277e-10 -1e-08 -1.45463 -0.50883277 -0.50361016 -0.005222602 4.504281e-07 -1.1467733e+12 -2.2993268 0
-31.9 -4.77898e-10 -1e-08 -1.45413 -0.50810186 -0.50344162 -0.004660239 4.5255764e-07 -1.1503795e+12 -2.5687148 0
-32 -4.17328e-10 -1e-08 -1.45301 -0.50831605 -0.50241775 -0.005898299 4.5468622e-07 -1.1539857e+12 -2.0231962 0
-32.1 -4.31681e-10 -1e-08 -1.44835 -0.50727486 -0.50261067 -0.00466419 4.5681521e-07 -1.1575919e+12 -2.5505479 0
-32.2 -2.80619e-10 -1e-08 -1.45531 -0.50702448 -0.50198876 -0.005035713 4.5894446e-07 -1.1611981e+12 -2.355038 0
-32.3 -4.74811e-10 -1e-08 -1.44548 -0.50620092 -0.50188311 -0.004317811 4.6107431e-07 -1.1648043e+12 -2.7380956 0
-32.4 -5.61166e-10 -1e-08 -1.43584 -0.50562451 -0.50154458 -0.004079931 4.6320401e-07 -1.1684105e+12 -2.8887963 0
-32.5 -5.73015e-10 -1e-08 -1.43281 -0.50493062 -0.50136422 -0.003566404 4.6533327e-07 -1.1720168e+12 -3.294586 0
-32.6 -6.356e-10 -1e-08 -1.42921 -0.50460865 -0.50073973 -0.003868912 4.6746331e-07 -1.175623e+12 -3.0276684 0
-32.7 -5.31638e-10 -1e-08 -1.44147 -0.50446947 -0.49995745 -0.004512019 4.6959307e-07 -1.1792292e+12 -2.5881896 0
-32.8 -4.96519e-10 -1e-08 -1.43252 -0.50411529 -0.49932137 -0.00479392 4.7172357e-07 -1.1828354e+12 -2.4285672 0
-32.9 -5.62847e-10 -1e-08 -1.43626 -0.50364776 -0.49875584 -0.004891922 4.7385452e-07 -1.1864416e+12 -2.3726809 0
-33 -4.76301e-10 -1e-08 -1.42796 -0.50265174 -0.49874531 -0.003906427 4.7598519e-07 -1.1900478e+12 -2.9622459 0
-33.1 -5.29635e-10 -1e-08 -1.42368 -0.50197263 -0.49830501 -0.003667617 4.7811706e-07 -1.193654e+12 -3.1455948 0
-33.2 -5.16677e-10 -1e-08 -1.42472 -0.50125479 -0.49779866 -0.003456136 4.8025003e-07 -1.1972602e+12 -3.3280194 0
-33.3 -5.8012e-10 -1e-08 -1.41727 -0.50086598 -0.49690756 -0.003958429 4.823836e-07 -1.2008664e+12 -2.8969944 0
-33.4 -4.91333e-10 -1e-08 -1.42641 -0.50103762 -0.49538725 -0.005650376 4.845179e-07 -1.2044726e+12 -2.0234428 0
-33.5 -5.43511e-10 -1e-08 -1.42201 -0.50016103 -0.49503458 -0.005126442 4.8665093e-07 -1.2080788e+12 -2.2235858 0
-33.6 -5.33843e-10 -1e-08 -1.42054 -0.49977596 -0.49421069 -0.005565269 4.8878374e-07 -1.211685e+12 -2.0421579 0
-33.7 -6.42979e-10 -1e-08 -1.42292 -0.49879871 -0.49411902 -0.004679686 4.9091507e-07 -1.2152912e+12 -2.4214089 0
-33.8 -5.10764e-10 -1e-08 -1.41823 -0.49812558 -0.49365715 -0.004468431 4.930471e-07 -1.2188974e+12 -2.5283838 0
-33.9 -4.87614e-10 -1e-08 -1.41039 -0.49771115 -0.49292542 -0.004785736 4.9517925e-07 -1.2225036e+12 -2.3537824 0
-34 -5.87392e-10 -1e-08 -1.40609 -0.49665947 -0.49294119 -0.003718286 4.9731023e-07 -1.2261098e+12 -3.0205988 0
-34.1 -5.88834e-10 -1e-08 -1.40508 -0.49661438 -0.492144 -0.004470387 4.9943916e-07 -1.229716e+12 -2.5050434 0
-34.2 -4.30536e-10 -1e-08 -1.40594 -0.49649786 -0.49150199 -0.004995869 5.015672e-07 -1.2333222e+12 -2.2350004 0
-34.3 -4.37534e-10 -1e-08 -1.40624 -0.49613925 -0.49112673 -0.005012519 5.0369498e-07 -1.2369285e+12 -2.221082 0
-34.4 -5.92458e-10 -1e-08 -1.39894 -0.49523249 -0.49109459 -0.004137902 5.0582493e-07 -1.2405347e+12 -2.6827247 0
-34.5 -5.24759e-10 -1e-08 -1.39998 -0.4943543 -0.49097829 -0.003376009 5.0795547e-07 -1.2441409e+12 -3.2786274 0
-34.6 -5.36835e-10 -1e-08 -1.39278 -0.49355716 -0.49069772 -0.002859447 5.100869e-07 -1.2477471e+12 -3.8597271 0
-34.7 -5.58531e-10 -1e-08 -1.39111 -0.49349658 -0.48980748 -0.003689102 5.1221698e-07 -1.2513533e+12 -2.983078 0
-34.8 -6.20961e-10 -1e-08 -1.38812 -0.49267363 -0.48973891 -0.002934727 5.1434643e-07 -1.2549595e+12 -3.7391062 0
-34.9 -6.30355e-10 -1e-08 -1.38889 -0.49270797 -0.48889968 -0.003808289 5.1647496e-07 -1.2585657e+12 -2.8731575 0
-35 -5.08511e-10 -1e-08 -1.3914 -0.49246858 -0.4882939 -0.004174679 5.1860392e-07 -1.2621719e+12 -2.6135067 0
-35.1 -4.9181e-10 -1e-08 -1.38426 -0.49187091 -0.48778273 -0.00408818 5.2073567e-07 -1.2657781e+12 -2.6612007 0
-35.2 -4.60315e-10 -1e-08 -1.38986 -0.49139548 -0.48712619 -0.00426929 5.2286767e-07 -1.2693843e+12 -2.5410689 0
-35.3 -6.26302e-10 -1e-08 -1.37668 -0.49094088 -0.48636373 -0.004577151 5.2500057e-07 -1.2729905e+12 -2.3634412 0
-35.4 -5.09954e-10 -1e-08 -1.37711 -0.49062185 -0.48553756 -0.005084288 5.2713271e-07 -1.2765967e+12 -2.1216872 0
-35.5 -5.59402e-10 -1e-08 -1.37515 -0.48961616 -0.48534388 -0.00427228 5.2926542e-07 -1.2802029e+12 -2.5178317 0
-35.6 -6.04796e-10 -1e-08 -1.38324 -0.48923397 -0.48441466 -0.004819312 5.3139932e-07 -1.2838091e+12 -2.2257671 0
-35.7 -5.05495e-10 -1e-08 -1.37252 -0.48842616 -0.48391762 -0.004508536 5.3353316e-07 -1.2874153e+12 -2.3725261 0
-35.8 -6.09434e-10 -1e-08 -1.37592 -0.48779399 -0.48313221 -0.004661789 5.3566818e-07 -1.2910215e+12 -2.2881217 0
-35.9 -6.00004e-10 -1e-08 -1.36915 -0.48671829 -0.48274173 -0.003976553 5.3780372e-07 -1.2946277e+12 -2.6749368 0
-36 -6.11496e-10 -1e-08 -1.37016 -0.48625337 -0.48173004 -0.004523338 5.3993938e-07 -1.2982339e+12 -2.345056 0
-36.1 -6.74844e-10 -1e-08 -1.36742 -0.48538699 -0.48112855 -0.004258444 5.4207494e-07 -1.3018401e+12 -2.4840287 0
-36.2 -3.8048e-10 -1e-08 -1.36891 -0.48478521 -0.48039841 -0.004386796 5.4420905e-07 -1.3054464e+12 -2.404688 0
-36.3 -7.01535e-10 -1e-08 -1.36501 -0.48415713 -0.47974584 -0.004411285 5.4634263e-07 -1.3090526e+12 -2.3847508 0
-36.4 -6.49762e-10 -1e-08 -1.36664 -0.48339152 -0.47924703 -0.00414449 5.4847603e-07 -1.3126588e+12 -2.5312922 0
-36.5 -6.46186e-10 -1e-08 -1.36373 -0.48274204 -0.47872963 -0.004012413 5.506084e-07 -1.316265e+12 -2.6074516 0
-36.6 -5.7267e-10 -1e-08 -1.35229 -0.48200855 -0.4782233 -0.003785257 5.5274154e-07 -1.3198712e+12 -2.756375 0
-36.7 -5.74803e-10 -1e-08 -1.36058 -0.48129183 -0.47768012 -0.003611713 5.548749e-07 -1.3234774e+12 -2.8809483 0
-36.8 -5.32365e-10 -1e-08 -1.35488 -0.48032678 -0.47723231 -0.003094474 5.5700987e-07 -1.3270836e+12 -3.3533594 0
-36.9 -5.54717e-10 -1e-08 -1.35233 -0.47987285 -0.47624847 -0.003624379 5.5914511e-07 -1.3306898e+12 -2.85532 0
-37 -6.2753e-10 -1e-08 -1.35115 -0.47864752 -0.47611417 -0.002533358 5.6127953e-07 -1.334296e+12 -4.0739572 0
-37.1 -5.69713e-10 -1e-08 -1.34427 -0.47779353 -0.47559324 -0.002200288 5.634141e-07 -1.3379022e+12 -4.6780118 0
-37.2 -5.32818e-10 -1e-08 -1.34177 -0.47751405 -0.47439829 -0.003115764 5.6554973e-07 -1.3415084e+12 -3.2946346 0
-37.3 -6.81353e-10 -1e-08 -1.33873 -0.47651225 -0.47388941 -0.002622845 5.6768574e-07 -1.3451146e+12 -3.9033123 0
-37.4 -4.92299e-10 -1e-08 -1.33762 -0.47635031 -0.4725327 -0.003817607 5.6982184e-07 -1.3487208e+12 -2.6745575 0
-37.5 -6.33633e-10 -1e-08 -1.338 -0.47587258 -0.47162116 -0.004251416 5.7195657e-07 -1.352327e+12 -2.3952447 0
-37.6 -4.40264e-10 -1e-08 -1.33266 -0.47492437 -0.47119184 -0.003732527 5.7409117e-07 -1.3559332e+12 -2.7209712 0
-37.7 -6.18553e-10 -1e-08 -1.33358 -0.47384766 -0.47102384 -0.002823818 5.7622436e-07 -1.3595394e+12 -3.587044 0
-37.8 -6.82771e-10 -1e-08 -1.3328 -0.47299359 -0.47063122 -0.002362375 5.7835758e-07 -1.3631456e+12 -4.2763586 0
-37.9 -6.3597e-10 -1e-08 -1.33088 -0.47248759 -0.46977817 -0.002709419 5.8049198e-07 -1.3667518e+12 -3.7187705 0
-38 -5.68831e-10 -1e-08 -1.33018 -0.47245437 -0.46837577 -0.004078596 5.826272e-07 -1.3703581e+12 -2.4638852 0
-38.1 -5.28514e-10 -1e-08 -1.33165 -0.47142816 -0.4677895 -0.003638656 5.8476429e-07 -1.3739643e+12 -2.7545381 0
-38.2 -6.65104e-10 -1e-08 -1.32764 -0.47086095 -0.46701304 -0.00384791 5.8689854e-07 -1.3775705e+12 -2.5979243 0
-38.3 -5.20623e-10 -1e-08 -1.32525 -0.46986722 -0.46662106 -0.003246163 5.8903322e-07 -1.3811767e+12 -3.0714656 0
-38.4 -6.60682e-10 -1e-08 -1.32774 -0.4690218 -0.4663291 -0.002692692 5.9116528e-07 -1.3847829e+12 -3.6931492 0
-38.5 -5.07748e-10 -1e-08 -1.32362 -0.46843001 -0.4657343 -0.00269571 5.9329786e-07 -1.3883891e+12 -3.6794326 0
-38.6 -6.3504e-10 -1e-08 -1.31338 -0.45310604 -0.45018074 -0.002925306 5.9574516e-07 -1.3919953e+12 -3.3818641 0
-38.7 -5.62823e-10 -1e-08 -1.32136 -0.43754448 -0.43505469 -0.002489786 5.9819045e-07 -1.3956015e+12 -3.9631615 0
-38.8 -6.7451e-10 -1e-08 -1.3153 -0.42238573 -0.41964579 -0.002739935 6.0063447e-07 -1.3992077e+12 -3.5920533 0
-38.9 -5.87475e-10 -1e-08 -1.31346 -0.40767951 -0.40391351 -0.003766 6.0307711e-07 -1.4028139e+12 -2.6066627 0
-39 -5.51534e-10 -1e-08 -1.31741 -0.3923814 -0.38886509 -0.003516302 6.0551879e-07 -1.4064201e+12 -2.7846074 0
-39.1 -6.69968e-10 -1e-08 -1.31539 -0.37742599 -0.37351188 -0.003914103 6.0796006e-07 -1.4100263e+12 -2.4952022 0
-39.2 -5.37789e-10 -1e-08 -1.31681 -0.36245777 -0.35822879 -0.004228979 6.1040072e-07 -1.4136325e+12 -2.3035262 0
-39.3 -7.80904e-10 -1e-08 -1.30947 -0.34677738 -0.34368296 -0.003094421 6.1284112e-07 -1.4172387e+12 -3.1400951 0
-39.4 -6.2958e-10 -1e-08 -1.30487 -0.33194599 -0.32835572 -0.00359027 6.152808e-07 -1.4208449e+12 -2.6995503 0
-39.5 -5.40519e-10 -1e-08 -1.30399 -0.31622973 -0.31393451 -0.002295216 6.1772026e-07 -1.4244511e+12 -4.2120556 0
-39.6 -6.3858e-10 -1e-08 -1.30537 -0.30177689 -0.29817152 -0.003605364 6.2016055e-07 -1.4280573e+12 -2.6746715 0
-39.7 -5.94056e-10 -1e-08 -1.30833 -0.28676734 -0.28293709 -0.003830245 6.2260113e-07 -1.4316635e+12 -2.5112948 0
-39.8 -6.70922e-10 -1e-08 -1.29779 -0.27117421 -0.26824597 -0.002928237 6.2504215e-07 -1.4352697e+12 -3.2766153 0
-39.9 -5.2247e-10 -1e-08 -1.30447 -0.25592018 -0.25324962 -0.002670554 6.274828e-07 -1.438876e+12 -3.583773 0
-40 -6.4429e-10 -1e-08 -1.29858 -0.24066028 -0.23831658 -0.002343701 6.2992285e-07 -1.4424822e+12 -4.0733578 0
