0	3.78358e-10	0	0	-0.43044039	-0.094754483	-0.33568591	0	0	0	0
-0.1	2.01702e-10	0	0	-0.42972512	-0.094039215	-0.33568591	0	-3.6062054e+09	0	0
-0.2	2.00021e-10	0	0	-0.42779803	-0.092112125	-0.33568591	0	-7.2124108e+09	0	0
-0.3	1.7463e-10	0	0	-0.42461623	-0.088930323	-0.33568591	0	-1.0818616e+10	0	0
-0.4	3.1116e-10	0	0	-0.42588356	-0.090197651	-0.33568591	0	-1.4424822e+10	0	0
-0.5	2.6449e-10	0	0	-0.42956772	-0.093881815	-0.33568591	0	-1.8031027e+10	0	0
-0.6	2.13337e-10	0	0	-0.4381315	-0.10244559	-0.33568591	0	-2.1637232e+10	0	0
-0.7	2.177e-10	0	0	-0.44452762	-0.10884171	-0.33568591	0	-2.5243438e+10	0	0
-0.8	2.57754e-10	0	0	-0.45557783	-0.11989192	-0.33568591	0	-2.8849643e+10	0	0
-0.9	1.23084e-10	0	0	-0.46677102	-0.13108512	-0.33568591	0	-3.2455849e+10	0	0
-1	1.25575e-10	0	0	-0.47767813	-0.14199223	-0.33568591	0	-3.6062054e+10	0	0
-1.1	2.52044e-10	0	0	-0.49950539	-0.16381949	-0.33568591	0	-3.9668259e+10	0	0
-1.2	1.44982e-10	0	0	-0.49785134	-0.16216544	-0.33568591	0	-4.3274465e+10	0	0
-1.3	2.59519e-10	0	0	-0.49331925	-0.15763334	-0.33568591	0	-4.688067e+10	0	0
-1.4	8.51154e-11	0	0	-0.49243618	-0.15675028	-0.33568591	0	-5.0486876e+10	0	0
-1.5	2.58875e-10	0	0	-0.4916614	-0.15597549	-0.33568591	0	-5.4093081e+10	0	0
-1.6	1.49977e-10	0	0	-0.49584268	-0.16015677	-0.33568591	0	-5.7699286e+10	0	0
-1.7	1.74761e-10	0	0	-0.49619414	-0.16050824	-0.33568591	0	-6.1305492e+10	0	0
-1.8	2.06709e-10	0	0	-0.49882086	-0.16313496	-0.33568591	0	-6.4911697e+10	0	0
-1.9	1.15585e-10	0	0	-0.50198089	-0.16629498	-0.33568591	0	-6.8517903e+10	0	0
-2	1.27912e-10	0	0	-0.49695977	-0.16127387	-0.33568591	0	-7.2124108e+10	0	0
-2.1	1.36161e-10	0	0	-0.49587749	-0.16019158	-0.33568591	0	-7.5730313e+10	0	0
-2.2	4.26292e-11	0	0	-0.4932885	-0.1576026	-0.33568591	0	-7.9336519e+10	0	0
-2.3	7.04646e-11	0	0	-0.49101427	-0.15532837	-0.33568591	0	-8.2942724e+10	0	0
-2.4	1.90663e-10	0	0	-0.50437985	-0.16869394	-0.33568591	0	-8.654893e+10	0	0
-2.5	1.30403e-10	0	0	-0.51040766	-0.17472176	-0.33568591	0	-9.0155135e+10	0	0
-2.6	1.66976e-10	0	0	-0.52348375	-0.18779784	-0.33568591	0	-9.376134e+10	0	0
-2.7	-1.82033e-11	0	0	-0.54731662	-0.21163072	-0.33568591	0	-9.7367546e+10	0	0
-2.8	5.76496e-11	0	0	-0.56918955	-0.23350365	-0.33568591	0	-1.0097375e+11	0	0
-2.9	9.02057e-11	0	0	-0.58396155	-0.24827565	-0.33568591	0	-1.0457996e+11	0	0
-3	2.19846e-10	0	0	-0.59183453	-0.25614862	-0.33568591	0	-1.0818616e+11	0	0
-3.1	1.90747e-10	0	0	-0.61239493	-0.27670902	-0.33568591	0	-1.1179237e+11	0	0
-3.2	-8.68678e-11	0	0	-0.62444754	-0.28876163	-0.33568591	0	-1.1539857e+11	0	0
-3.3	1.17195e-10	0	0	-0.63214044	-0.29645453	-0.33568591	0	-1.1900478e+11	0	0
-3.4	-2.5574e-10	0	0	-0.64276441	-0.30707851	-0.33568591	0	-1.2261098e+11	0	0
-3.5	1.91975e-10	0	0	-0.65775683	-0.32207092	-0.33568591	0	-1.2621719e+11	0	0
-3.6	-3.14188e-10	0	0	-0.66392363	-0.32823772	-0.33568591	0	-1.2982339e+11	0	0
-3.7	2.06721e-10	0	0	-0.65948762	-0.32380172	-0.33568591	0	-1.334296e+11	0	0
-3.8	-4.66001e-10	0	0	-0.68832972	-0.35264382	-0.33568591	0	-1.3703581e+11	0	0
-3.9	2.09332e-10	0	0	-0.70798537	-0.37229946	-0.33568591	0	-1.4064201e+11	0	0
-4	-5.20957e-10	0	0	-0.7125114	-0.3768255	-0.33568591	0	-1.4424822e+11	0	0
-4.1	2.55775e-10	0	0	-0.72551549	-0.38982958	-0.33568591	0	-1.4785442e+11	0	0
-4.2	3.50368e-10	0	0	-0.73372526	-0.39803935	-0.33568591	0	-1.5146063e+11	0	0
-4.3	-6.98817e-10	0	0	-0.75989241	-0.4242065	-0.33568591	0	-1.5506683e+11	0	0
-4.4	1.97053e-10	0	0	-0.79770815	-0.46202225	-0.33568591	0	-1.5867304e+11	0	0
-4.5	3.61145e-10	0	0	-0.84517615	-0.50949024	-0.33568591	0	-1.6227924e+11	0	0
-4.6	4.58956e-10	0	0	-0.90918081	-0.5734949	-0.33568591	0	-1.6588545e+11	0	0
-4.7	-1.01444e-09	0	0	-0.98091256	-0.64522666	-0.33568591	0	-1.6949165e+11	0	0
-4.8	6.0569e-10	0	0	-1.0583961	-0.72271018	-0.33568591	0	-1.7309786e+11	0	0
-4.9	5.28491e-10	0	0	-1.1360937	-0.80040781	-0.33568591	0	-1.7670406e+11	0	0
-5	6.99484e-10	0	0	-1.2163819	-0.88069595	-0.33568591	0	-1.8031027e+11	0	0
-5.1	4.03237e-10	0	0	-1.2959261	-0.96024016	-0.33568591	0	-1.8391648e+11	0	0
-5.2	6.58166e-10	0	0	-1.3792725	-1.0435866	-0.33568591	0	-1.8752268e+11	0	0
-5.3	9.60195e-10	0	0	-1.4619424	-1.1262565	-0.33568591	0	-1.9112889e+11	0	0
-5.4	4.125e-10	0	0	-1.5472462	-1.2115603	-0.33568591	0	-1.9473509e+11	0	0
-5.5	5.60427e-10	0	0	-1.6318959	-1.29621	-0.33568591	0	-1.983413e+11	0	0
-5.6	-1.00721e-09	0	0	-1.7196479	-1.383962	-0.33568591	0	-2.019475e+11	0	0
-5.7	-1.13766e-09	0	0	-1.8133408	-1.4776549	-0.33568591	0	-2.0555371e+11	0	0
-5.8	-1.18166e-09	0	0	-1.8966774	-1.5609915	-0.33568591	0	-2.0915991e+11	0	0
-5.9	5.52714e-10	0	0	-1.986462	-1.6507761	-0.33568591	0	-2.1276612e+11	0	0
-6	2.48444e-10	0	0	-2.0821633	-1.7464774	-0.33568591	0	-2.1637232e+11	0	0
-6.1	1.5831e-10	0	0	-2.1897368	-1.8540509	-0.33568591	0	-2.1997853e+11	0	0
-6.2	1.14608e-10	0	0	-2.2865945	-1.9509086	-0.33568591	0	-2.2358473e+11	0	0
-6.3	7.06553e-11	0	0	-2.3921227	-2.0564368	-0.33568591	0	-2.2719094e+11	0	0
-6.4	7.26223e-11	0	0	-2.5054272	-2.1697413	-0.33568591	0	-2.3079715e+11	0	0
-6.5	1.40548e-10	0	0	-2.6193175	-2.2836315	-0.33568591	0	-2.3440335e+11	0	0
-6.6	1.17326e-10	0	0	-2.7266475	-2.3909615	-0.33568591	0	-2.3800956e+11	0	0
-6.7	1.22058e-10	0	0	-2.8426322	-2.5069463	-0.33568591	0	-2.4161576e+11	0	0
-6.8	5.19753e-11	0	0	-2.9665897	-2.6309038	-0.33568591	0	-2.4522197e+11	0	0
-6.9	1.42336e-11	0	0	-3.0617213	-2.7260354	-0.33568591	0	-2.4882817e+11	0	0
-7	-3.02792e-12	0	0	-3.1637014	-2.8280155	-0.33568591	0	-2.5243438e+11	0	0
-7.1	3.85284e-11	0	0	-3.2828448	-2.9471589	-0.33568591	0	-2.5604058e+11	0	0
-7.2	5.05447e-11	0	0	-3.3959296	-3.0602437	-0.33568591	0	-2.5964679e+11	0	0
-7.3	-2.81334e-12	0	0	-3.5049109	-3.169225	-0.33568591	0	-2.6325299e+11	0	0
-7.4	6.39081e-11	0	0	-3.6215736	-3.2858877	-0.33568591	0	-2.668592e+11	0	0
-7.5	6.10232e-11	0	0	-3.7316917	-3.3960058	-0.33568591	0	-2.704654e+11	0	0
-7.6	6.26445e-11	0	0	-3.8307643	-3.4950784	-0.33568591	0	-2.7407161e+11	0	0
-7.7	8.25405e-11	0	0	-3.9154927	-3.5798068	-0.33568591	0	-2.7767782e+11	0	0
-7.8	1.40715e-10	0	0	-3.9898554	-3.6541695	-0.33568591	0	-2.8128402e+11	0	0
-7.9	1.40405e-10	0	0	-4.0601324	-3.7244465	-0.33568591	0	-2.8489023e+11	0	0
-8	9.59396e-11	0	0	-4.1284289	-3.792743	-0.33568591	0	-2.8849643e+11	0	0
-8.1	-7.689e-12	0	0	-4.1956815	-3.8599956	-0.33568591	0	-2.9210264e+11	0	0
-8.2	6.5732e-11	0	0	-4.2623609	-3.926675	-0.33568591	0	-2.9570884e+11	0	0
-8.3	1.10626e-10	0	0	-4.3287177	-3.9930318	-0.33568591	0	-2.9931505e+11	0	0
-8.4	1.21593e-10	0	0	-4.3950071	-4.0593212	-0.33568591	0	-3.0292125e+11	0	0
-8.5	1.02878e-10	0	0	-4.4613859	-4.1257	-0.33568591	0	-3.0652746e+11	0	0
-8.6	1.5974e-11	0	0	-4.5278504	-4.1921645	-0.33568591	0	-3.1013366e+11	0	0
-8.7	3.26633e-12	0	0	-4.5940638	-4.2583779	-0.33568591	0	-3.1373987e+11	0	0
-8.8	1.03831e-11	0	0	-4.6599915	-4.3243056	-0.33568591	0	-3.1734608e+11	0	0
-8.9	3.61562e-11	0	0	-4.7256686	-4.3899827	-0.33568591	0	-3.2095228e+11	0	0
-9	2.66552e-11	0	0	-4.7915796	-4.4558937	-0.33568591	0	-3.2455849e+11	0	0
-9.1	6.38366e-11	0	0	-4.857863	-4.5221771	-0.33568591	0	-3.2816469e+11	0	0
-9.2	3.36051e-11	0	0	-4.9245652	-4.5888793	-0.33568591	0	-3.317709e+11	0	0
-9.3	3.76821e-11	0	0	-4.9914145	-4.6557286	-0.33568591	0	-3.353771e+11	0	0
-9.4	5.14984e-12	0	0	-5.0582191	-4.7225332	-0.33568591	0	-3.3898331e+11	0	0
-9.5	8.93831e-11	0	0	-5.1247521	-4.7890662	-0.33568591	0	-3.4258951e+11	0	0
-9.6	1.26123e-11	0	0	-5.1909733	-4.8552873	-0.33568591	0	-3.4619572e+11	0	0
-9.7	1.04427e-11	0	0	-5.2569744	-4.9212885	-0.33568591	0	-3.4980192e+11	0	0
-9.8	1.07574e-10	0	0	-5.3227017	-4.9870157	-0.33568591	0	-3.5340813e+11	0	0
-9.9	2.81692e-11	0	0	-5.3881687	-5.0524828	-0.33568591	0	-3.5701433e+11	0	0
-10	5.54442e-11	0	0	-5.4533974	-5.1177115	-0.33568591	0	-3.6062054e+11	0	0
-10.1	3.05176e-12	0	0	-5.5183201	-5.1826342	-0.33568591	0	-3.6422675e+11	0	0
-10.2	6.51479e-11	0	0	-5.5829794	-5.2472935	-0.33568591	0	-3.6783295e+11	0	0
-10.3	7.80344e-11	0	0	-5.6473992	-5.3117133	-0.33568591	0	-3.7143916e+11	0	0
-10.4	1.87159e-12	0	0	-5.7115308	-5.3758449	-0.33568591	0	-3.7504536e+11	0	0
-10.5	8.66771e-11	0	0	-5.7753404	-5.4396545	-0.33568591	0	-3.7865157e+11	0	0
-10.6	1.44875e-10	0	0	-5.8385894	-5.5029035	-0.33568591	0	-3.8225777e+11	0	0
-10.7	-1.3864e-11	0	0	-5.9012512	-5.5655653	-0.33568591	0	-3.8586398e+11	0	0
-10.8	-1.31488e-11	0	0	-5.9631097	-5.6274238	-0.33568591	0	-3.8947018e+11	0	0
-10.9	5.08785e-11	0	0	-6.0238139	-5.688128	-0.33568591	0	-3.9307639e+11	0	0
-11	1.01042e-10	0	0	-6.0833972	-5.7477113	-0.33568591	0	-3.9668259e+11	0	0
-11.1	6.16312e-12	0	0	-6.1421529	-5.806467	-0.33568591	0	-4.002888e+11	0	0
-11.2	9.61542e-11	0	0	-6.2006754	-5.8649895	-0.33568591	0	-4.03895e+11	0	0
-11.3	-4.63605e-11	0	0	-6.2591005	-5.9234146	-0.33568591	0	-4.0750121e+11	0	0
-11.4	4.97103e-11	0	0	-6.3173497	-5.9816638	-0.33568591	0	-4.1110742e+11	0	0
-11.5	6.32644e-11	0	0	-6.3750876	-6.0394017	-0.33568591	0	-4.1471362e+11	0	0
-11.6	-3.49641e-11	0	0	-6.4320886	-6.0964027	-0.33568591	0	-4.1831983e+11	0	0
-11.7	-5.79953e-11	0	0	-6.4884245	-6.1527386	-0.33568591	0	-4.2192603e+11	0	0
-11.8	-2.83957e-11	0	0	-6.5446737	-6.2089878	-0.33568591	0	-4.2553224e+11	0	0
-11.9	-3.5286e-11	0	0	-6.6009624	-6.2652765	-0.33568591	0	-4.2913844e+11	0	0
-12	1.42014e-10	0	0	-6.6573674	-6.3216815	-0.33568591	0	-4.3274465e+11	0	0
-12.1	5.47051e-11	0	0	-6.713374	-6.3776881	-0.33568591	0	-4.3635085e+11	0	0
-12.2	-7.75456e-11	0	0	-6.7688109	-6.433125	-0.33568591	0	-4.3995706e+11	0	0
-12.3	-4.78506e-11	0	0	-6.8237711	-6.4880852	-0.33568591	0	-4.4356326e+11	0	0
-12.4	2.92659e-11	0	0	-6.877963	-6.5422771	-0.33568591	0	-4.4716947e+11	0	0
-12.5	-2.25544e-11	0	0	-6.9313544	-6.5956685	-0.33568591	0	-4.5077567e+11	0	0
-12.6	6.1512e-12	0	0	-6.9836413	-6.6479554	-0.33568591	0	-4.5438188e+11	0	0
-12.7	1.35982e-10	0	0	-7.034609	-6.698923	-0.33568591	0	-4.5798809e+11	0	0
-12.8	1.20437e-10	0	0	-7.0842892	-6.7486033	-0.33568591	0	-4.6159429e+11	0	0
-12.9	-1.18136e-11	0	0	-7.1326638	-6.7969779	-0.33568591	0	-4.652005e+11	0	0
-13	-1.04666e-11	0	0	-7.1797556	-6.8440697	-0.33568591	0	-4.688067e+11	0	0
-13.1	-2.94089e-11	0	0	-7.2255139	-6.889828	-0.33568591	0	-4.7241291e+11	0	0
-13.2	1.69384e-10	0	0	-7.2698225	-6.9341366	-0.33568591	0	-4.7601911e+11	0	0
-13.3	1.29068e-10	0	0	-7.313179	-6.9774931	-0.33568591	0	-4.7962532e+11	0	0
-13.4	2.77162e-11	0	0	-7.3560765	-7.0203906	-0.33568591	0	-4.8323152e+11	0	0
-13.5	6.55651e-11	0	0	-7.3991088	-7.0634228	-0.33568591	0	-4.8683773e+11	0	0
-13.6	1.98483e-11	0	0	-7.442062	-7.1063761	-0.33568591	0	-4.9044393e+11	0	0
-13.7	1.00839e-10	0	0	-7.4850239	-7.149338	-0.33568591	0	-4.9405014e+11	0	0
-13.8	-6.54936e-11	0	0	-7.527153	-7.1914671	-0.33568591	0	-4.9765634e+11	0	0
-13.9	2.53081e-11	0	0	-7.5689887	-7.2333028	-0.33568591	0	-5.0126255e+11	0	0
-14	5.26905e-11	0	0	-7.6111223	-7.2754364	-0.33568591	0	-5.0486876e+11	0	0
-14.1	-1.69671e-10	0	0	-7.6537003	-7.3180144	-0.33568591	0	-5.0847496e+11	0	0
-14.2	4.70877e-11	0	0	-7.6961008	-7.3604149	-0.33568591	0	-5.1208117e+11	0	0
-14.3	-8.41498e-11	0	0	-7.7374855	-7.4017996	-0.33568591	0	-5.1568737e+11	0	0
-14.4	8.54731e-12	0	0	-7.777212	-7.4415261	-0.33568591	0	-5.1929358e+11	0	0
-14.5	-5.10216e-11	0	0	-7.8156293	-7.4799434	-0.33568591	0	-5.2289978e+11	0	0
-14.6	1.64628e-10	0	0	-7.8533533	-7.5176674	-0.33568591	0	-5.2650599e+11	0	0
-14.7	8.49962e-12	0	0	-7.8908103	-7.5551244	-0.33568591	0	-5.3011219e+11	0	0
-14.8	-3.90053e-11	0	0	-7.9283428	-7.5926569	-0.33568591	0	-5.337184e+11	0	0
-14.9	3.0508e-10	0	0	-7.9657284	-7.6300425	-0.33568591	0	-5.373246e+11	0	0
-15	-1.20449e-10	0	0	-8.0028983	-7.6672124	-0.33568591	0	-5.4093081e+11	0	0
-15.1	-2.8522e-10	0	0	-8.0392147	-7.7035287	-0.33568591	0	-5.4453702e+11	0	0
-15.2	-5.53846e-11	0	0	-8.0742078	-7.7385219	-0.33568591	0	-5.4814322e+11	0	0
-15.3	-2.38776e-11	0	0	-8.1078011	-7.7721152	-0.33568591	0	-5.5174943e+11	0	0
-15.4	1.20997e-10	0	0	-8.1401978	-7.8045119	-0.33568591	0	-5.5535563e+11	0	0
-15.5	1.75464e-10	0	0	-8.1722647	-7.8365788	-0.33568591	0	-5.5896184e+11	0	0
-15.6	-2.04289e-10	0	0	-8.2042648	-7.8685789	-0.33568591	0	-5.6256804e+11	0	0
-15.7	3.14951e-11	0	0	-8.2358887	-7.9002028	-0.33568591	0	-5.6617425e+11	0	0
-15.8	-2.62022e-11	0	0	-8.2671818	-7.9314959	-0.33568591	0	-5.6978045e+11	0	0
-15.9	8.74996e-12	0	0	-8.2979009	-7.962215	-0.33568591	0	-5.7338666e+11	0	0
-16	-2.5425e-10	0	0	-8.3284438	-7.9927579	-0.33568591	0	-5.7699286e+11	0	0
-16.1	-1.68085e-10	0	0	-8.3585626	-8.0228767	-0.33568591	0	-5.8059907e+11	0	0
-16.2	-2.09808e-11	0	0	-8.3880974	-8.0524115	-0.33568591	0	-5.8420527e+11	0	0
-16.3	-7.66277e-11	0	0	-8.4171817	-8.0814958	-0.33568591	0	-5.8781148e+11	0	0
-16.4	-2.46859e-10	0	0	-8.4457307	-8.1100448	-0.33568591	0	-5.9141769e+11	0	0
-16.5	-5.9402e-11	0	0	-8.4735781	-8.1378922	-0.33568591	0	-5.9502389e+11	0	0
-16.6	-2.91002e-10	0	0	-8.5006051	-8.1649192	-0.33568591	0	-5.986301e+11	0	0
-16.7	-2.30074e-11	0	0	-8.5272214	-8.1915354	-0.33568591	0	-6.022363e+11	0	0
-16.8	-1.18756e-10	0	0	-8.5533941	-8.2177082	-0.33568591	0	-6.0584251e+11	0	0
-16.9	-9.83238e-11	0	0	-8.5798293	-8.2441434	-0.33568591	0	-6.0944871e+11	0	0
-17	-1.49131e-11	0	0	-8.6055731	-8.2698872	-0.33568591	0	-6.1305492e+11	0	0
-17.1	-1.82986e-10	0	0	-8.6300476	-8.2943617	-0.33568591	0	-6.1666112e+11	0	0
-17.2	3.90649e-11	0	0	-8.6522581	-8.318106	-0.33415217	0	-6.2026733e+11	0	0
-17.3	-2.11239e-10	0	0	-8.6725565	-8.3414718	-0.33108471	0	-6.2387353e+11	0	0
-17.4	2.59995e-11	0	0	-8.6917786	-8.3647299	-0.32704866	0	-6.2747974e+11	0	0
-17.5	-2.76649e-10	0	0	-8.7091628	-8.3869056	-0.32225718	0	-6.3108594e+11	0	0
-17.6	-2.63011e-10	0	0	-8.7193014	-8.4024415	-0.31685988	0	-6.3469215e+11	0	0
-17.7	1.08004e-10	0	0	-8.7041085	-8.3931422	-0.31096629	0	-6.3829836e+11	0	0
-17.8	-1.13022e-10	0	0	-8.6372105	-8.3325517	-0.30465874	0	-6.4190456e+11	0	0
-17.9	-2.98345e-10	0	0	-8.5105707	-8.21257	-0.29800067	0	-6.4551077e+11	0	0
-18	-1.76585e-10	0	0	-8.3361354	-8.0450939	-0.29104149	0	-6.4911697e+11	0	0
-18.1	-2.00152e-11	0	0	-8.1398496	-7.856029	-0.28382065	0	-6.5272318e+11	0	0
-18.2	-9.62973e-11	0	0	-7.9405841	-7.6642141	-0.27637003	0	-6.5632938e+11	0	0
-18.3	-2.93088e-10	0	0	-7.7395247	-7.4708088	-0.26871595	0	-6.5993559e+11	0	0
-18.4	-8.80361e-11	0	0	-7.5367405	-7.27586	-0.26088055	0	-6.6354179e+11	0	0
-18.5	-8.90136e-11	0	0	-7.3320721	-7.0791894	-0.25288266	0	-6.67148e+11	0	0
-18.6	7.75695e-11	-5e-08	-40.0916	-7.1250391	-6.8803006	-0.24473857	4.5075772e-08	-6.707542e+11	-0.5834697	0
-18.7	1.61147e-10	0	0	-6.9153878	-6.6789255	-0.23646234	0	-6.7436041e+11	0	0
-18.8	1.69539e-10	-5e-08	-39.9357	-6.7040246	-6.4759585	-0.22806608	4.8370982e-08	-6.7796661e+11	-0.55829068	0
-18.9	-5.6659e-10	-5e-08	-38.3348	-6.4913609	-6.2718006	-0.21956036	5.0244861e-08	-6.8157282e+11	-0.56073316	0
-19	-8.58927e-10	-5e-08	-31.7327	-6.2778275	-6.0668731	-0.2109544	5.2294619e-08	-6.8517903e+11	-0.633558	0
-19.1	-1.54588e-09	-5e-08	-20.3835	-6.0633372	-5.8610805	-0.20225673	5.4543452e-08	-6.8878523e+11	-1.4889009	0
-19.2	-2.71692e-09	-5e-08	-12.5562	-5.8481322	-5.6546561	-0.19347611	5.7018822e-08	-6.9239144e+11	0.5956702	0
-19.3	-3.38819e-09	-5e-08	-7.86732	-5.6322681	-5.4476438	-0.18462431	5.9752588e-08	-6.9599764e+11	0.2563877	0
-19.4	-4.61876e-10	-5e-08	-7.07734	-5.4157433	-5.2400263	-0.17571701	6.2781515e-08	-6.9960385e+11	0.26345927	0
-19.5	-5.54538e-10	-5e-08	-7.02721	-5.1980722	-5.0313029	-0.16676931	6.6149942e-08	-7.0321005e+11	0.46023491	0
-19.6	-6.69706e-10	-5e-08	-6.93315	-4.9789364	-4.8211443	-0.15779214	6.9913366e-08	-7.0681626e+11	-2.7528162	0
-19.7	-4.79293e-10	-5e-08	-6.8447	-4.7579445	-4.6091542	-0.14879035	7.4143117e-08	-7.1042246e+11	-1.6193498	0
-19.8	-5.04291e-10	-5e-08	-6.74945	-4.5349244	-4.3951595	-0.13976487	7.8930991e-08	-7.1402867e+11	-1.6438794	0
-19.9	-4.41575e-10	-5e-08	-6.68743	-4.3100963	-4.1793798	-0.13071651	8.4394697e-08	-7.1763487e+11	-1.6789028	0
-20	-4.90344e-10	-5e-08	-6.60339	-4.0836417	-3.9619957	-0.121646	9.0687566e-08	-7.2124108e+11	-1.6789762	0
-20.1	-4.82249e-10	-5e-08	-6.52269	-3.8561246	-3.7435706	-0.11255405	9.8013177e-08	-7.2484729e+11	-1.7326507	0
-20.2	-3.81494e-10	-5e-08	-6.46202	-3.6278417	-3.5244004	-0.10344132	1.0664771e-07	-7.2845349e+11	-1.7333471	0
-20.3	-5.04994e-10	-5e-08	-6.38437	-3.3995025	-3.3036603	-0.095842232	1.1510354e-07	-7.320597e+11	-1.7148805	0
-20.4	-4.60184e-10	-5e-08	-6.34762	-3.1712715	-3.0815141	-0.089757405	1.2290663e-07	-7.356659e+11	-1.5978058	0
-20.5	-4.77004e-10	-5e-08	-6.31316	-2.9427634	-2.8581412	-0.084622235	1.3036503e-07	-7.3927211e+11	-1.5715697	0
-20.6	-4.44484e-10	-5e-08	-6.2672	-2.7155162	-2.6352922	-0.080224027	1.3751217e-07	-7.4287831e+11	-1.5364514	0
-20.7	-3.07643e-10	-5e-08	-6.2176	-2.4945811	-2.4181676	-0.076413588	1.4436935e-07	-7.4648452e+11	-1.5910728	0
-20.8	-3.90851e-10	-5e-08	-6.18664	-2.2977358	-2.224654	-0.073081796	1.5095113e-07	-7.5009072e+11	-1.6474421	0
-20.9	-4.46928e-10	-5e-08	-6.12356	-2.1510048	-2.0808581	-0.070146712	1.5726724e-07	-7.5369693e+11	-1.6996646	0
-21	-4.75156e-10	-5e-08	-6.10132	-2.062021	-1.9944757	-0.067545325	1.6332411e-07	-7.5730313e+11	-1.7615245	0
-21.1	-2.99656e-10	-5e-08	-6.04716	-2.018848	-1.9536194	-0.065228615	1.6912485e-07	-7.6090934e+11	-1.783657	0
-21.2	-3.69191e-10	-5e-08	-5.99968	-1.9955462	-1.9323886	-0.063157575	1.7467073e-07	-7.6451554e+11	-1.7847015	0
-21.3	-5.71752e-10	-5e-08	-5.95922	-1.9739628	-1.9126621	-0.061300713	1.7996169e-07	-7.6812175e+11	-1.7588806	0
-21.4	-4.01759e-10	-5e-08	-5.92123	-1.9534089	-1.8937768	-0.05963209	1.8499737e-07	-7.7172796e+11	-1.7712877	0
-21.5	-3.96597e-10	-5e-08	-5.89202	-1.9339329	-1.875803	-0.058129889	1.897781e-07	-7.7533416e+11	-1.7169802	0
-21.6	-4.30167e-10	-5e-08	-5.81604	-1.9153156	-1.85854	-0.056775612	1.9430491e-07	-7.7894037e+11	-1.7275797	0
-21.7	-3.76225e-10	-5e-08	-5.79213	-1.8976774	-1.8421241	-0.055553302	1.9858009e-07	-7.8254657e+11	-1.7884786	0
-21.8	-4.46331e-10	-5e-08	-5.75292	-1.8812054	-1.8267562	-0.054449228	2.0260673e-07	-7.8615278e+11	-1.7585108	0
-21.9	-3.65651e-10	-5e-08	-5.72807	-1.8657229	-1.8122713	-0.053451609	2.0638817e-07	-7.8975898e+11	-1.70683	0
-22	-3.54278e-10	-5e-08	-5.69234	-1.8509161	-1.7983659	-0.052550169	2.0992854e-07	-7.9336519e+11	-1.7261446	0
-22.1	-3.38089e-10	-5e-08	-5.65398	-1.836388	-1.784652	-0.051735955	2.1323236e-07	-7.9697139e+11	-1.7336256	0
-22.2	-4.04525e-10	-5e-08	-5.62714	-1.8219606	-1.7709599	-0.051000657	2.1630663e-07	-8.005776e+11	-1.7767029	0
-22.3	-4.71735e-10	-5e-08	-5.59313	-1.8076162	-1.7572805	-0.050335744	2.1916394e-07	-8.041838e+11	-1.7658754	0
-22.4	-4.43864e-10	-5e-08	-5.55735	-1.7934862	-1.7437564	-0.049729706	2.2183481e-07	-8.0779001e+11	-1.7870678	0
-22.5	-4.287e-10	-5e-08	-5.51965	-1.7796212	-1.7304541	-0.049167083	2.2437329e-07	-8.1139621e+11	-1.7640223	0
-22.6	-4.5985e-10	-5e-08	-5.48421	-1.7662525	-1.7176195	-0.048633025	2.2683722e-07	-8.1500242e+11	-1.7322113	0
-22.7	-4.21083e-10	-5e-08	-5.44996	-1.7534221	-1.7053053	-0.048116818	2.2927077e-07	-8.1860863e+11	-1.7263654	0
-22.8	-5.46539e-10	-5e-08	-5.41918	-1.7411673	-1.6935535	-0.047613862	2.3169261e-07	-8.2221483e+11	-1.8010653	0
-22.9	-3.09169e-10	-5e-08	-5.39109	-1.7293024	-1.682179	-0.047123401	2.3410407e-07	-8.2582104e+11	-1.7876341	0
-23	-3.81875e-10	-5e-08	-5.36666	-1.7177639	-1.671119	-0.046644858	2.3650581e-07	-8.2942724e+11	-1.7666757	0
-23.1	-4.03059e-10	-5e-08	-5.33236	-1.70646	-1.6602823	-0.046177672	2.3889858e-07	-8.3303345e+11	-1.794225	0
-23.2	-4.66621e-10	-5e-08	-5.32824	-1.6955027	-1.6497814	-0.045721351	2.412829e-07	-8.3663965e+11	-1.7872789	0
-23.3	-3.12722e-10	-5e-08	-5.30274	-1.6850731	-1.6397977	-0.045275391	2.4365952e-07	-8.4024586e+11	-1.8010079	0
-23.4	-4.92322e-10	-5e-08	-5.26938	-1.6752116	-1.6303723	-0.04483928	2.4602937e-07	-8.4385206e+11	-1.8337351	0
-23.5	-3.68369e-10	-5e-08	-5.23219	-1.6657315	-1.6213189	-0.044412563	2.4839323e-07	-8.4745827e+11	-1.950305	0
-23.6	-3.29101e-10	-5e-08	-5.21268	-1.6563299	-1.612335	-0.043994872	2.507515e-07	-8.5106447e+11	-1.9102388	0
-23.7	-3.00336e-10	-5e-08	-5.18637	-1.6468384	-1.6032525	-0.043585924	2.5310419e-07	-8.5467068e+11	-1.8964811	0
-23.8	-3.74854e-10	-5e-08	-5.16965	-1.6374552	-1.5942697	-0.043185477	2.5545115e-07	-8.5827688e+11	-1.9029388	0
-23.9	-3.77464e-10	-5e-08	-5.13997	-1.6282135	-1.5854202	-0.042793298	2.5779224e-07	-8.6188309e+11	-1.8752158	0
-24	-3.33321e-10	-5e-08	-5.1298	-1.6191663	-1.5767571	-0.042409145	2.6012739e-07	-8.654893e+11	-1.8582791	0
-24.1	-3.2264e-10	-5e-08	-5.086	-1.6103682	-1.5683355	-0.042032772	2.6245664e-07	-8.690955e+11	-1.8862197	0
-24.2	-4.77731e-10	-5e-08	-5.06555	-1.6018115	-1.5601476	-0.041663894	2.6478034e-07	-8.7270171e+11	-1.8779684	0
-24.3	-4.09377e-10	-5e-08	-5.05084	-1.5935292	-1.552227	-0.041302227	2.6709891e-07	-8.7630791e+11	-1.9387194	0
-24.4	-3.5907e-10	-5e-08	-5.02125	-1.5853438	-1.5443963	-0.040947491	2.6941285e-07	-8.7991412e+11	-1.9260424	0
-24.5	-4.24111e-10	-5e-08	-5.00237	-1.5773428	-1.5367434	-0.040599451	2.717224e-07	-8.8352032e+11	-1.9229519	0
-24.6	-4.58348e-10	-5e-08	-4.97805	-1.569488	-1.5292301	-0.040257893	2.7402775e-07	-8.8712653e+11	-1.9285568	0
-24.7	-4.05622e-10	-5e-08	-4.96572	-1.5618045	-1.5218818	-0.03992263	2.7632899e-07	-8.9073273e+11	-1.8199417	0
-24.8	-3.69895e-10	-5e-08	-4.96471	-1.5541246	-1.5145311	-0.039593458	2.7862633e-07	-8.9433894e+11	-1.800327	0
-24.9	-3.0117e-10	-5e-08	-4.93276	-1.5464617	-1.5071915	-0.039270142	2.809203e-07	-8.9794514e+11	-1.7700545	0
-25	-4.0226e-10	-5e-08	-4.91028	-1.5388289	-1.4998765	-0.038952452	2.8321144e-07	-9.0155135e+11	-1.9331974	0
-25.1	-4.34804e-10	-5e-08	-4.88393	-1.5313868	-1.4927466	-0.038640188	2.8550017e-07	-9.0515755e+11	-2.0592412	0
-25.2	-4.91858e-10	-5e-08	-4.86531	-1.524191	-1.4858578	-0.038333219	2.8778642e-07	-9.0876376e+11	-2.0108729	0
-25.3	-3.53158e-10	-5e-08	-4.84289	-1.517253	-1.4792215	-0.038031441	2.9007e-07	-9.1236997e+11	-1.9677472	0
-25.4	-4.13322e-10	-5e-08	-4.82329	-1.5105454	-1.4728107	-0.037734729	2.9235085e-07	-9.1597617e+11	-1.9360558	0
-25.5	-5.01096e-10	-5e-08	-4.80098	-1.5041111	-1.4666681	-0.03744295	2.9462903e-07	-9.1958238e+11	-1.9992608	0
-25.6	-3.52859e-10	-5e-08	-4.78267	-1.4978855	-1.4607295	-0.037155972	2.9690463e-07	-9.2318858e+11	-2.0864226	0
-25.7	-4.88997e-10	-5e-08	-4.77448	-1.4916953	-1.4548217	-0.036873661	2.9917778e-07	-9.2679479e+11	-2.0262994	0
-25.8	-3.48735e-10	-5e-08	-4.75185	-1.4854851	-1.4488893	-0.03659589	3.014486e-07	-9.3040099e+11	-1.9881595	0
-25.9	-3.88455e-10	-5e-08	-4.73302	-1.4792005	-1.442878	-0.036322531	3.0371727e-07	-9.340072e+11	-1.9420034	0
-26	-4.2522e-10	-5e-08	-4.71363	-1.4729786	-1.4369251	-0.036053475	3.0598382e-07	-9.376134e+11	-1.942631	0
-26.1	-3.5038e-10	-5e-08	-4.70655	-1.4668378	-1.4310491	-0.035788609	3.0824836e-07	-9.4121961e+11	-1.9357707	0
-26.2	-2.94399e-10	-5e-08	-4.69463	-1.4608566	-1.4253288	-0.035527826	3.1051098e-07	-9.4482581e+11	-1.9517269	0
-26.3	-4.80616e-10	-5e-08	-4.66787	-1.4549293	-1.4196583	-0.035271009	3.1277188e-07	-9.4843202e+11	-1.9813393	0
-26.4	-3.62515e-10	-5e-08	-4.64458	-1.4488327	-1.4138146	-0.035018073	3.1503105e-07	-9.5203823e+11	-2.0003754	0
-26.5	-3.13568e-10	-5e-08	-4.63352	-1.4425488	-1.4077799	-0.034768926	3.1728849e-07	-9.5564443e+11	-2.0850715	0
-26.6	-3.6267e-10	-5e-08	-4.618	-1.4360835	-1.40156	-0.03452349	3.1954417e-07	-9.5925064e+11	-2.0215569	0
-26.7	-3.58272e-10	-5e-08	-4.60912	-1.4297954	-1.3955138	-0.034281666	3.2179825e-07	-9.6285684e+11	-1.9799145	0
-26.8	-3.0973e-10	-5e-08	-4.60053	-1.4236988	-1.3896554	-0.034043358	3.2405088e-07	-9.6646305e+11	-1.9302934	0
-26.9	-4.57954e-10	-5e-08	-4.5732	-1.4177895	-1.3839811	-0.033808467	3.2630228e-07	-9.7006925e+11	-1.9318224	0
-27	-4.37009e-10	-5e-08	-4.5654	-1.4119529	-1.378376	-0.0335769	3.2855267e-07	-9.7367546e+11	-1.9361902	0
-27.1	-4.87185e-10	-5e-08	-4.55347	-1.4061982	-1.3728496	-0.033348559	3.308023e-07	-9.7728166e+11	-2.0259319	0
-27.2	-4.21262e-10	-5e-08	-4.51787	-1.4005599	-1.3674365	-0.033123362	3.3305133e-07	-9.8088787e+11	-2.0670141	0
-27.3	-2.66075e-10	-5e-08	-4.50744	-1.3950204	-1.3621192	-0.03290125	3.3529973e-07	-9.8449407e+11	-2.1148599	0
-27.4	-3.76153e-10	-5e-08	-4.48413	-1.3895465	-1.3568643	-0.032682171	3.3754735e-07	-9.8810028e+11	-2.1383688	0
-27.5	-3.74842e-10	-5e-08	-4.47365	-1.3841341	-1.3516681	-0.032466085	3.3979397e-07	-9.9170648e+11	-2.0095444	0
-27.6	-4.96268e-10	-5e-08	-4.45982	-1.3787656	-1.3465126	-0.032252939	3.4203953e-07	-9.9531269e+11	-2.1104005	0
-27.7	-4.79901e-10	-5e-08	-4.44396	-1.3733905	-1.3413479	-0.032042669	3.4428405e-07	-9.989189e+11	-2.0649259	0
-27.8	-2.99573e-10	-5e-08	-4.4191	-1.3679102	-1.336075	-0.031835206	3.4652768e-07	-1.0025251e+12	-2.1260972	0
-27.9	-5.0503e-10	-5e-08	-4.39408	-1.3624331	-1.3308026	-0.03163049	3.4877044e-07	-1.0061313e+12	-2.1285556	0
-28	-4.68612e-10	-5e-08	-4.3806	-1.3569085	-1.3254801	-0.031428485	3.5101214e-07	-1.0097375e+12	-2.2061649	0
-28.1	-3.64339e-10	-5e-08	-4.36276	-1.3514758	-1.3202466	-0.031229163	3.5325251e-07	-1.0133437e+12	-2.1718387	0
-28.2	-4.59254e-10	-5e-08	-4.35269	-1.3460125	-1.31498	-0.031032491	3.5549128e-07	-1.0169499e+12	-2.1541273	0
-28.3	-4.62377e-10	-5e-08	-4.33301	-1.3406304	-1.309792	-0.030838409	3.5772858e-07	-1.0205561e+12	-2.2132777	0
-28.4	-3.94607e-10	-5e-08	-4.32492	-1.3352082	-1.3045614	-0.030646854	3.5996452e-07	-1.0241623e+12	-2.1729438	0
-28.5	-4.44615e-10	-5e-08	-4.30923	-1.3297557	-1.2992979	-0.030457768	3.6219923e-07	-1.0277685e+12	-2.25413	0
-28.6	-3.98302e-10	-5e-08	-4.30362	-1.3242353	-1.2939642	-0.030271102	3.6443272e-07	-1.0313747e+12	-2.1795148	0
-28.7	-4.93491e-10	-5e-08	-4.28118	-1.3187117	-1.2886249	-0.030086812	3.6666497e-07	-1.0349809e+12	-2.1570114	0
-28.8	-5.04899e-10	-5e-08	-4.27172	-1.3133354	-1.2834305	-0.029904849	3.6889602e-07	-1.0385872e+12	-2.1421714	0
-28.9	-3.25513e-10	-5e-08	-4.27369	-1.308152	-1.2784268	-0.02972517	3.7112588e-07	-1.0421934e+12	-2.1270894	0
-29	-4.93157e-10	-5e-08	-4.25106	-1.3032287	-1.2736809	-0.029547733	3.7335453e-07	-1.0457996e+12	-2.1231458	0
-29.1	-3.89755e-10	-5e-08	-4.24362	-1.2985065	-1.269134	-0.029372498	3.7558195e-07	-1.0494058e+12	-2.1447163	0
-29.2	-4.73964e-10	-5e-08	-4.21706	-1.2938391	-1.2646397	-0.029199425	3.7780812e-07	-1.053012e+12	-2.2614554	0
-29.3	-5.10645e-10	-5e-08	-4.19686	-1.2891331	-1.2601047	-0.02902848	3.8003299e-07	-1.0566182e+12	-2.2687307	0
-29.4	-5.03206e-10	-5e-08	-4.18425	-1.2844413	-1.2555816	-0.028859633	3.8225642e-07	-1.0602244e+12	-2.3188958	0
-29.5	-3.16751e-10	-5e-08	-4.16987	-1.2798266	-1.2511338	-0.028692854	3.844783e-07	-1.0638306e+12	-2.2098998	0
-29.6	-3.99447e-10	-5e-08	-4.15871	-1.2754013	-1.2468731	-0.028528114	3.8669854e-07	-1.0674368e+12	-2.1678066	0
-29.7	-4.78327e-10	-5e-08	-4.15577	-1.271123	-1.2427576	-0.028365371	3.8891717e-07	-1.071043e+12	-2.1856587	0
-29.8	-4.07541e-10	-5e-08	-4.14347	-1.266874	-1.2386694	-0.028204591	3.911342e-07	-1.0746492e+12	-2.1467307	0
-29.9	-4.39501e-10	-5e-08	-4.12502	-1.2626759	-1.2346301	-0.02804573	3.9334972e-07	-1.0782554e+12	-2.2488835	0
-30	-4.23157e-10	-5e-08	-4.11411	-1.2584968	-1.2306081	-0.027888759	3.9556368e-07	-1.0818616e+12	-2.2902972	0
-30.1	-4.64594e-10	-5e-08	-4.11025	-1.2543934	-1.2266597	-0.027733644	3.9777607e-07	-1.0854678e+12	-2.2456024	0
-30.2	-5.07665e-10	-5e-08	-4.10322	-1.2504013	-1.222821	-0.027580358	3.9998683e-07	-1.089074e+12	-2.194213	0
-30.3	-5.07772e-10	-5e-08	-4.08185	-1.2465019	-1.219073	-0.027428869	4.0219594e-07	-1.0926802e+12	-2.1267079	0
-30.4	-4.32456e-10	-5e-08	-4.07085	-1.2427115	-1.2154323	-0.027279136	4.0440357e-07	-1.0962864e+12	-2.1789259	0
-30.5	-3.47292e-10	-5e-08	-4.06444	-1.2390202	-1.2118891	-0.027131116	4.0660989e-07	-1.0998926e+12	-2.1734664	0
-30.6	-4.30691e-10	-5e-08	-4.05656	-1.2354254	-1.2084406	-0.026984762	4.0881516e-07	-1.1034989e+12	-2.2138957	0
-30.7	-4.66108e-10	-5e-08	-4.04288	-1.2318959	-1.2050558	-0.026840034	4.1101959e-07	-1.1071051e+12	-2.3438814	0
-30.8	-3.85249e-10	-5e-08	-4.02648	-1.22843	-1.2017331	-0.026696903	4.1322322e-07	-1.1107113e+12	-2.3643564	0
-30.9	-3.91364e-10	-5e-08	-4.0228	-1.225051	-1.1984956	-0.026555347	4.1542595e-07	-1.1143175e+12	-2.32675	0
-31	-4.13883e-10	-5e-08	-4.0042	-1.2217976	-1.1953822	-0.026415342	4.1762776e-07	-1.1179237e+12	-2.3100821	0
-31.1	-5.07271e-10	-5e-08	-3.99447	-1.2186478	-1.1923709	-0.026276862	4.1982867e-07	-1.1215299e+12	-2.2730599	0
-31.2	-3.89516e-10	-5e-08	-3.98259	-1.215503	-1.1893631	-0.026139873	4.2202883e-07	-1.1251361e+12	-2.3510688	0
-31.3	-4.90129e-10	-5e-08	-3.96482	-1.2123138	-1.1863095	-0.026004344	4.2422835e-07	-1.1287423e+12	-2.3112805	0
-31.4	-2.91514e-10	-5e-08	-3.9598	-1.2090257	-1.1831554	-0.025870256	4.2642716e-07	-1.1323485e+12	-2.3186506	0
-31.5	-3.54338e-10	-5e-08	-3.94721	-1.2057328	-1.1799952	-0.025737588	4.2862524e-07	-1.1359547e+12	-2.2866897	0
-31.6	-4.47845e-10	-5e-08	-3.94967	-1.2024099	-1.1768035	-0.025606321	4.3082253e-07	-1.1395609e+12	-2.236409	0
-31.7	-4.84085e-10	-5e-08	-3.9302	-1.1990796	-1.1736031	-0.02547643	4.3301906e-07	-1.1431671e+12	-2.2386459	0
-31.8	-4.68957e-10	-5e-08	-3.92643	-1.1957058	-1.1703579	-0.025347888	4.3521496e-07	-1.1467733e+12	-2.2134871	0
-31.9	-4.6159e-10	-5e-08	-3.90591	-1.1922772	-1.1670565	-0.025220667	4.3741032e-07	-1.1503795e+12	-2.2950025	0
-32	-4.23992e-10	-5e-08	-3.91162	-1.1887529	-1.1636582	-0.025094744	4.396052e-07	-1.1539857e+12	-2.2693522	0
-32.1	-4.89509e-10	-5e-08	-3.89381	-1.1851597	-1.1601896	-0.024970095	4.4179967e-07	-1.1575919e+12	-2.3472216	0
-32.2	-3.60525e-10	-5e-08	-3.87994	-1.1814608	-1.1566141	-0.024846697	4.4399383e-07	-1.1611981e+12	-2.3380379	0
-32.3	-4.92609e-10	-5e-08	-3.86713	-1.1777649	-1.1530403	-0.024724525	4.4618775e-07	-1.1648043e+12	-2.4086166	0
-32.4	-4.8362e-10	-5e-08	-3.85671	-1.174169	-1.1495654	-0.024603559	4.4838147e-07	-1.1684105e+12	-2.3942172	0
-32.5	-4.60005e-10	-5e-08	-3.85177	-1.1706089	-1.1461251	-0.024483782	4.50575e-07	-1.1720168e+12	-2.4025589	0
-32.6	-4.51934e-10	-5e-08	-3.83501	-1.1671156	-1.1427504	-0.024365172	4.527684e-07	-1.175623e+12	-2.3741542	0
-32.7	-3.78358e-10	-5e-08	-3.82191	-1.1636042	-1.1393565	-0.024247711	4.5496171e-07	-1.1792292e+12	-2.3919503	0
-32.8	-3.56591e-10	-5e-08	-3.80398	-1.1601285	-1.1359971	-0.024131383	4.5715491e-07	-1.1828354e+12	-2.4918255	0
-32.9	-4.59564e-10	-5e-08	-3.79317	-1.1567749	-1.1327587	-0.024016176	4.5934789e-07	-1.1864416e+12	-2.4541456	0
-33	-5.01895e-10	-5e-08	-3.77846	-1.1535231	-1.129621	-0.023902085	4.6154049e-07	-1.1900478e+12	-2.5244668	0
-33.1	-5.36001e-10	-5e-08	-3.76939	-1.1504013	-1.1266122	-0.023789095	4.6373264e-07	-1.193654e+12	-2.5069148	0
-33.2	-4.86553e-10	-5e-08	-3.7625	-1.1472909	-1.1236137	-0.023677197	4.6592423e-07	-1.1972602e+12	-2.4889452	0
-33.3	-4.08995e-10	-5e-08	-3.74676	-1.1441342	-1.1205678	-0.023566379	4.681152e-07	-1.2008664e+12	-2.5251883	0
-33.4	-4.91548e-10	-5e-08	-3.74128	-1.14093	-1.1174733	-0.023456629	4.7030543e-07	-1.2044726e+12	-2.4384539	0
-33.5	-6.19376e-10	-5e-08	-3.73123	-1.137757	-1.114409	-0.023347936	4.7249486e-07	-1.2080788e+12	-2.4889471	0
-33.6	-4.80711e-10	-5e-08	-3.72922	-1.1345966	-1.1113563	-0.023240292	4.7468336e-07	-1.211685e+12	-2.4189628	0
-33.7	-4.52423e-10	-5e-08	-3.72096	-1.1314162	-1.1082825	-0.023133685	4.7687084e-07	-1.2152912e+12	-2.4090591	0
-33.8	-3.95775e-10	-5e-08	-3.71936	-1.128168	-1.1051399	-0.023028108	4.7905716e-07	-1.2188974e+12	-2.4294561	0
-33.9	-5.14925e-10	-5e-08	-3.70321	-1.1249425	-1.1020189	-0.022923548	4.8124227e-07	-1.2225036e+12	-2.4758551	0
-34	-4.60923e-10	-5e-08	-3.69184	-1.1218359	-1.099016	-0.022819986	4.8342624e-07	-1.2261098e+12	-2.4622544	0
-34.1	-4.4446e-10	-5e-08	-3.68209	-1.1187833	-1.0960659	-0.022717408	4.856091e-07	-1.229716e+12	-2.4111354	0
-34.2	-5.99337e-10	-5e-08	-3.68036	-1.1158008	-1.093185	-0.022615796	4.8779092e-07	-1.2333222e+12	-2.5104095	0
-34.3	-5.28634e-10	-5e-08	-3.66781	-1.1128577	-1.0903426	-0.022515138	4.8997169e-07	-1.2369285e+12	-2.4253925	0
-34.4	-4.03225e-10	-5e-08	-3.66333	-1.1100348	-1.0876194	-0.022415418	4.9215144e-07	-1.2405347e+12	-2.4311846	0
-34.5	-5.72181e-10	-5e-08	-3.65882	-1.1073528	-1.0850362	-0.022316617	4.9433031e-07	-1.2441409e+12	-2.4063489	0
-34.6	-5.45049e-10	-5e-08	-3.65712	-1.1047697	-1.082551	-0.022218717	4.9650841e-07	-1.2477471e+12	-2.4677167	0
-34.7	-4.95684e-10	-5e-08	-3.63973	-1.1023259	-1.0802042	-0.022121702	4.9868586e-07	-1.2513533e+12	-2.5130413	0
-34.8	-5.42784e-10	-5e-08	-3.63615	-1.0999777	-1.0779522	-0.02202556	5.0086264e-07	-1.2549595e+12	-2.6041211	0
-34.9	-5.3966e-10	-5e-08	-3.63406	-1.0977286	-1.0757983	-0.021930283	5.0303865e-07	-1.2585657e+12	-2.4900254	0
-35	-5.216e-10	-5e-08	-3.62648	-1.0955319	-1.073696	-0.021835864	5.052138e-07	-1.2621719e+12	-2.445631	0
-35.1	-5.1049e-10	-5e-08	-3.61706	-1.0933968	-1.0716545	-0.021742289	5.0738817e-07	-1.2657781e+12	-2.475266	0
-35.2	-4.27186e-10	-5e-08	-3.59778	-1.0913017	-1.0696522	-0.021649545	5.0956175e-07	-1.2693843e+12	-2.5006062	0
-35.3	-4.73666e-10	-5e-08	-3.59752	-1.0893082	-1.0677506	-0.021557623	5.1173454e-07	-1.2729905e+12	-2.6312989	0
-35.4	-5.8372e-10	-5e-08	-3.59028	-1.0873614	-1.0658948	-0.021466514	5.1390644e-07	-1.2765967e+12	-2.4813127	0
-35.5	-5.80144e-10	-5e-08	-3.57937	-1.0854138	-1.0640376	-0.02137621	5.1607745e-07	-1.2802029e+12	-2.4291474	0
-35.6	-4.264e-10	-5e-08	-3.56668	-1.0834509	-1.0621643	-0.021286697	5.1824762e-07	-1.2838091e+12	-2.5306213	0
-35.7	-5.42986e-10	-5e-08	-3.55869	-1.0814611	-1.0602631	-0.021197964	5.2041696e-07	-1.2874153e+12	-2.5448558	0
-35.8	-5.89287e-10	-5e-08	-3.55157	-1.07943	-1.05832	-0.02111	5.2258551e-07	-1.2910215e+12	-2.576144	0
-35.9	-5.58102e-10	-5e-08	-3.54375	-1.0773752	-1.0563524	-0.021022795	5.2475325e-07	-1.2946277e+12	-2.5584675	0
-36	-5.22101e-10	-5e-08	-3.54776	-1.0752543	-1.054318	-0.020936336	5.2692027e-07	-1.2982339e+12	-2.5595844	0
-36.1	-5.80931e-10	-5e-08	-3.53803	-1.0730608	-1.0522101	-0.020850609	5.290867e-07	-1.3018401e+12	-2.5341093	0
-36.2	-5.51176e-10	-5e-08	-3.52988	-1.0708255	-1.0500599	-0.020765601	5.3125262e-07	-1.3054464e+12	-2.5197447	0
-36.3	-5.85306e-10	-5e-08	-3.52707	-1.0686319	-1.0479506	-0.020681299	5.3341814e-07	-1.3090526e+12	-2.528233	0
-36.4	-5.04851e-10	-5e-08	-3.51257	-1.0665546	-1.0459569	-0.020597691	5.3558333e-07	-1.3126588e+12	-2.5001656	0
-36.5	-6.24633e-10	-5e-08	-3.51489	-1.0645247	-1.0440099	-0.020514767	5.3774824e-07	-1.316265e+12	-2.4977517	0
-36.6	-4.75657e-10	-5e-08	-3.50888	-1.062413	-1.0419805	-0.020432514	5.39913e-07	-1.3198712e+12	-2.6708918	0
-36.7	-6.14738e-10	-5e-08	-3.50076	-1.0603161	-1.0399652	-0.020350922	5.4207766e-07	-1.3234774e+12	-2.6049769	0
-36.8	-5.91183e-10	-5e-08	-3.49296	-1.0581814	-1.0379114	-0.020269982	5.4424221e-07	-1.3270836e+12	-2.6425841	0
-36.9	-6.387e-10	-5e-08	-3.49039	-1.0561078	-1.0359181	-0.020189685	5.4640675e-07	-1.3306898e+12	-2.6052697	0
-37	-4.1827e-10	-5e-08	-3.48685	-1.0540765	-1.0339665	-0.020110019	5.4857134e-07	-1.334296e+12	-2.6269659	0
-37.1	-6.60634e-10	-5e-08	-3.47036	-1.0520826	-1.0320516	-0.02003098	5.5073592e-07	-1.3379022e+12	-2.6405103	0
-37.2	-5.89883e-10	-5e-08	-3.47292	-1.0501371	-1.0301846	-0.019952562	5.5290043e-07	-1.3415084e+12	-2.5411873	0
-37.3	-3.82674e-10	-5e-08	-3.45615	-1.0482255	-1.0283507	-0.019874761	5.5506478e-07	-1.3451146e+12	-2.6278662	0
-37.4	-6.51002e-10	-5e-08	-3.43736	-1.0463626	-1.026565	-0.019797575	5.5722887e-07	-1.3487208e+12	-2.6395204	0
-37.5	-5.2222e-10	-5e-08	-3.43294	-1.0445092	-1.0247882	-0.019720997	5.5939261e-07	-1.352327e+12	-2.7848938	0
-37.6	-4.56333e-10	-5e-08	-3.42248	-1.0426094	-1.0229644	-0.019645026	5.6155589e-07	-1.3559332e+12	-2.7737248	0
-37.7	-4.82154e-10	-5e-08	-3.42073	-1.0406936	-1.021124	-0.019569658	5.6371859e-07	-1.3595394e+12	-2.7335517	0
-37.8	-4.67312e-10	-5e-08	-3.40992	-1.0387859	-1.019291	-0.019494889	5.6588064e-07	-1.3631456e+12	-2.7496904	0
-37.9	-5.47671e-10	-5e-08	-3.40549	-1.0368818	-1.0174611	-0.019420711	5.6804203e-07	-1.3667518e+12	-2.6748861	0
-38	-5.04053e-10	-5e-08	-3.4005	-1.0349993	-1.0156522	-0.019347114	5.7020287e-07	-1.3703581e+12	-2.8004223	0
-38.1	-4.64749e-10	-5e-08	-3.39068	-1.0329615	-1.0136874	-0.019274092	5.7236314e-07	-1.3739643e+12	-2.8274846	0
-38.2	-6.02341e-10	-5e-08	-3.38431	-1.0309525	-1.0117508	-0.019201643	5.7452271e-07	-1.3775705e+12	-3.7237447	0
-38.3	-5.99647e-10	-5e-08	-3.37303	-1.0289831	-1.0098533	-0.01912976	5.7668158e-07	-1.3811767e+12	-3.7780071	0
-38.4	-5.06663e-10	-5e-08	-3.3632	-1.0269954	-1.007937	-0.019058439	5.7883965e-07	-1.3847829e+12	-3.2400889	0
-38.5	-5.23937e-10	-5e-08	-3.3673	-1.0249661	-1.0059784	-0.018987674	5.8099691e-07	-1.3883891e+12	-2.6584959	0
-38.6	-4.76694e-10	-5e-08	-3.36298	-1.0230101	-1.0040906	-0.01891947	5.8309139e-07	-1.3919953e+12	-2.5788144	0
-38.7	-4.99082e-10	-5e-08	-3.3549	-1.0211686	-1.0023148	-0.018853806	5.8512219e-07	-1.3956015e+12	-2.6066011	0
-38.8	-5.61309e-10	-5e-08	-3.34903	-1.019426	-1.0006354	-0.01879066	5.8708849e-07	-1.3992077e+12	-2.7223486	0
-38.9	-6.1487e-10	-5e-08	-3.34064	-1.0178016	-0.99907161	-0.018730012	5.8898949e-07	-1.4028139e+12	-2.7403704	0
-39	-5.33366e-10	-5e-08	-3.33844	-1.0162781	-0.99760626	-0.018671841	5.9082443e-07	-1.4064201e+12	-2.8533556	0
-39.1	-5.90062e-10	-5e-08	-3.32642	-1.014847	-0.99623088	-0.018616129	5.9259257e-07	-1.4100263e+12	-2.8427606	0
-39.2	-4.58062e-10	-5e-08	-3.32973	-1.0135398	-0.99497689	-0.018562858	5.9429319e-07	-1.4136325e+12	-2.809503	0
-39.3	-6.11007e-10	-5e-08	-3.32235	-1.0122792	-0.99376715	-0.018512009	5.9592561e-07	-1.4172387e+12	-2.7966458	0
-39.4	-6.3808e-10	-5e-08	-3.31527	-1.0110527	-0.99258916	-0.018463563	5.9748923e-07	-1.4208449e+12	-2.6673151	0
-39.5	-5.5654e-10	-5e-08	-3.31303	-1.0098288	-0.99141131	-0.018417503	5.9898349e-07	-1.4244511e+12	-2.7010367	0
-39.6	-4.57382e-10	-5e-08	-3.30293	-1.0086637	-0.99028986	-0.018373809	6.004079e-07	-1.4280573e+12	-5.4257338	0
-39.7	-5.47969e-10	-5e-08	-3.29175	-1.0076014	-0.98926892	-0.018332468	6.0176187e-07	-1.4316635e+12	-3.9238933	0
-39.8	-6.43897e-10	-5e-08	-3.27932	-1.0065588	-0.98826537	-0.01829346	6.0304501e-07	-1.4352697e+12	-3.1568626	0
-39.9	-7.24864e-10	-5e-08	-3.26956	-1.0056249	-0.98736818	-0.018256769	6.0425697e-07	-1.438876e+12	-2.8169631	0
-40	-5.28097e-10	-5e-08	-3.26701	-1.004778	-0.98655566	-0.018222376	6.0539744e-07	-1.4424822e+12	-2.8210948	0
