0.000000000000000000e+00
0.000000000000000000e+00
0.000000000000000000e+00
0.000000000000000000e+00
0.000000000000000000e+00
0.000000000000000000e+00
0.000000000000000000e+00
0.000000000000000000e+00
0.000000000000000000e+00
0.000000000000000000e+00
0.000000000000000000e+00
0.000000000000000000e+00
0.000000000000000000e+00
0.000000000000000000e+00
0.000000000000000000e+00
0.000000000000000000e+00
0.000000000000000000e+00
0.000000000000000000e+00
0.000000000000000000e+00
0.000000000000000000e+00
0.000000000000000000e+00
1.029585344628593413e+00
1.035570778150045168e+00
1.041595610567646935e+00
1.047659483050432438e+00
1.053762006590647893e+00
1.059902761150927075e+00
1.066081294803830071e+00
1.072297122864227292e+00
1.078549727015045034e+00
1.084838554426909463e+00
1.091163016872253255e+00
1.097522489834469761e+00
1.103916311612731960e+00
1.110343782423116377e+00
1.116804163496696312e+00
1.123296676175298048e+00
1.129820501005637245e+00
1.136374776832577815e+00
1.142958599892291538e+00
1.149571022906111128e+00
1.156211054175887876e+00
1.162877656681731375e+00
1.169569747182980901e+00
1.176286195323320349e+00
1.183025822740964461e+00
1.189787402184862231e+00
1.196569656637912260e+00
1.203371258448157510e+00
1.210190828469022373e+00
1.217026935209631011e+00
1.223878093996269900e+00
1.230742766146101008e+00
1.237619358154250282e+00
1.244506220895400306e+00
1.251401648841062197e+00
1.258303879293700911e+00
1.265211091638925645e+00
1.272121406616961492e+00
1.279032885614637793e+00
1.285943529979171940e+00
1.292851280354996968e+00
1.299754016044933014e+00
1.306649554397022905e+00
1.313535650218313977e+00
1.320409995216954346e+00
1.327270217473920821e+00
1.334113880945694275e+00
1.340938484999344871e+00
1.347741463981277477e+00
1.354520186821080330e+00
1.361271956671807448e+00
1.367994010588117870e+00
1.374683519243606211e+00
1.381337586688724084e+00
1.387953250150705919e+00
1.394527479876777942e+00
1.401057179022106025e+00
1.407539183583818243e+00
1.413970262382414633e+00
1.420347117091999900e+00
1.426666382320527671e+00
1.432924625741490487e+00
1.439118348278317416e+00
1.445243984342728716e+00
1.451297902128332096e+00
1.457276403960708455e+00
1.463175726705161273e+00
1.468992042233343120e+00
1.474721457949926151e+00
1.480360017380400350e+00
1.485903700821135764e+00
1.491348426052738763e+00
1.496690049117731736e+00
1.501924365163549657e+00
1.507047109351783432e+00
1.512053957834551987e+00
1.516940528798882193e+00
1.521702383579886630e+00
1.526335027843474190e+00
1.530833912839346889e+00
1.535194436724861555e+00
1.539411945960377448e+00
1.543481736776610713e+00
1.547399056714576782e+00
1.551159106238325647e+00
1.554757040420934322e+00
1.558187970704079994e+00
1.561446966731283137e+00
1.564529058255040406e+00
1.567429237117909491e+00
1.570142459307502625e+00
1.572663647085328353e+00
1.574987691189345895e+00
1.577109453109922343e+00
1.579023767438970660e+00
1.580725444291775972e+00
1.582209271801085615e+00
1.583470018682873404e+00
1.584502436873111542e+00
1.585301264234844298e+00
1.585861227334693924e+00
1.586177044287901738e+00
1.586243427670865902e+00
1.586055087500181981e+00
1.585606734276820307e+00
1.584893082094300576e+00
1.583908851809431972e+00
1.582648774274164394e+00
1.581107593626980501e+00
1.579280070642168132e+00
1.577160986135238030e+00
1.574745144422664112e+00
1.572027376833912582e+00
1.569002545273913585e+00
1.565665545833679451e+00
1.562011312446957900e+00
1.558034820590522562e+00
1.553731091025875699e+00
1.549095193579691276e+00
1.544122250960535681e+00
1.538807442609195109e+00
1.533146008579816089e+00
1.527133253449083794e+00
1.520764550250506275e+00
1.514035344430764374e+00
1.506941157825164135e+00
1.499477592648889024e+00
1.491640335500948655e+00
1.483425161377430079e+00
1.474827937690740720e+00
1.465844628291355534e+00
1.456471297488556305e+00
1.446704114066615032e+00
1.436539355292720588e+00
1.425973410913006001e+00
1.415002787132839002e+00
1.403624110577618156e+00
1.391834132230209464e+00
1.379629731340983545e+00
1.367007919306602037e+00
1.353965843513468936e+00
1.340500791141784775e+00
1.326610192925977039e+00
1.312291626867584160e+00
1.297542821896118692e+00
1.282361661473771397e+00
1.266746187139658364e+00
1.250694601989219779e+00
1.234205274084335446e+00
1.217276739789723283e+00
1.199907707031065973e+00
1.182097058470263029e+00
1.163843854593048954e+00
1.145147336704251950e+00
1.126006929825624114e+00
1.106422245491284873e+00
1.086393084435367751e+00
1.065919439166419957e+00
1.045001496422703458e+00
0.000000000000000000e+00
0.000000000000000000e+00
0.000000000000000000e+00
0.000000000000000000e+00
0.000000000000000000e+00
0.000000000000000000e+00
0.000000000000000000e+00
0.000000000000000000e+00
0.000000000000000000e+00
0.000000000000000000e+00
0.000000000000000000e+00
0.000000000000000000e+00
0.000000000000000000e+00
0.000000000000000000e+00
0.000000000000000000e+00
0.000000000000000000e+00
0.000000000000000000e+00
0.000000000000000000e+00
0.000000000000000000e+00
0.000000000000000000e+00
0.000000000000000000e+00
