7.822429759460651152e-03
7.822429759460651152e-03
7.822429759460651152e-03
7.822429759460651152e-03
7.822429759460651152e-03
7.822429759460651152e-03
7.822429759460651152e-03
7.822429759460651152e-03
7.822429759460651152e-03
7.822429759460651152e-03
7.822429759460651152e-03
7.822429759460651152e-03
7.822429759460651152e-03
7.822429759460651152e-03
7.822429759460651152e-03
7.822429759460651152e-03
7.822429759460651152e-03
7.822429759460651152e-03
7.822429759460651152e-03
7.822429759460651152e-03
7.822429759460651152e-03
8.616404353594665083e-03
9.406408032264456515e-03
1.019245437405204291e-02
1.097455736772111334e-02
1.175273141596558379e-02
1.252699133903395663e-02
1.329735237822808093e-02
1.406383019927517040e-02
1.482644089557231051e-02
1.558520099130285101e-02
1.634012744442448622e-02
1.709123764952914445e-02
1.783854944057508551e-02
1.858208109349196099e-02
1.932185132865993013e-02
2.005787931326427978e-02
2.079018466352736474e-02
2.151878744681997441e-02
2.224370818365467226e-02
2.296496784956396711e-02
2.368258787686666061e-02
2.439659015632586817e-02
2.510699703870281074e-02
2.581383133621079767e-02
2.651711632387410839e-02
2.721687574079703284e-02
2.791313379134853154e-02
2.860591514626862480e-02
2.929524494370272514e-02
2.998114879017067108e-02
3.066365276147777624e-02
3.134278340357517928e-02
3.201856773337773132e-02
3.269103323954749424e-02
3.336020788325184949e-02
3.402612009890521733e-02
3.468879879490392032e-02
3.534827335436440537e-02
3.600457363587489246e-02
3.665772997427150376e-02
3.730777318144985061e-02
3.795473454722397832e-02
3.859864584024431250e-02
3.923953930898762404e-02
3.987744768283131569e-02
4.051240417322590076e-02
4.114444247497903856e-02
4.177359676766564944e-02
4.239990171717865353e-02
4.302339247743544592e-02
4.364410469225598471e-02
4.426207449742829148e-02
4.487733852297830922e-02
4.548993389566115264e-02
4.609989824169139633e-02
4.670726968973072657e-02
4.731208687415197622e-02
4.791438893859865239e-02
4.851421553986041274e-02
4.911160685208495330e-02
4.970660357134795704e-02
5.029924692060321750e-02
5.088957865503585670e-02
5.147764106784238902e-02
5.206347699646237531e-02
5.264712982928696633e-02
5.322864351287102946e-02
5.380806255967610086e-02
5.438543205637283440e-02
5.496079767273281957e-02
5.553420567114042417e-02
5.610570291675682358e-02
5.667533688837031458e-02
5.724315568996715675e-02
5.780920806306025922e-02
5.837354339981370294e-02
5.893621175700335113e-02
5.949726387085529228e-02
6.005675117280659392e-02
6.061472580623421258e-02
6.117124064420079860e-02
6.172634930826877836e-02
6.228010618843619201e-02
6.283256646425115777e-02
6.338378612716490113e-02
6.393382200418644412e-02
6.448273178290560292e-02
6.503057403795514668e-02
6.557740825898680792e-02
6.612329488024011603e-02
6.666829531178861123e-02
6.721247197255204864e-02
6.775588832516965532e-02
6.829860891283527635e-02
6.884069939820118555e-02
6.938222660446521917e-02
6.992325855876257990e-02
7.046386453799241556e-02
7.100411511721756164e-02
7.154408222078563473e-02
7.208383917632976701e-02
7.262346077181884574e-02
7.316302331583826590e-02
7.370260470129628982e-02
7.424228447276444431e-02
7.478214389767658121e-02
7.532226604162711725e-02
7.586273584802769032e-02
7.640364022240124509e-02
7.694506812161372444e-02
7.748711064836770468e-02
7.802986115130705613e-02
7.857341533111071585e-02
7.911787135298324614e-02
7.966332996598418648e-02
8.020989462967437200e-02
8.075767164859780356e-02
8.130677031516143904e-02
8.185730306152427804e-02
8.240938562115993071e-02
8.296313720081564813e-02
8.351868066365555898e-02
8.407614272444725867e-02
8.463565415772927869e-02
8.519735001998517132e-02
8.576136988694506302e-02
8.632785810724465103e-02
8.689696407378842691e-02
8.746884251429845603e-02
8.804365380267545338e-02
8.862156429296515203e-02
8.920274667790500933e-02
8.978738037423329710e-02
9.037565193717171652e-02
9.096775550675170741e-02
9.156389328894576352e-02
9.216427607489104112e-02
9.276912380186329299e-02
9.337866616007618747e-02
9.399314324985347247e-02
9.461280629425868061e-02
9.523791841287752857e-02
9.586875546314244101e-02
9.650560695638393804e-02
9.714877705670180164e-02
9.779858567179226803e-02
9.845536964606574348e-02
9.911948406777303100e-02
9.979130370345511147e-02
1.004712245748843741e-01
1.011596656958163171e-01
1.018570709883800940e-01
1.025639114018686293e-01
1.032806872601274850e-01
1.040079308677888531e-01
1.047462094103718128e-01
1.054961281889295055e-01
1.062583342366514166e-01
1.070335203728592643e-01
1.078224297594606584e-01
1.078224297594606584e-01
1.078224297594606584e-01
1.078224297594606584e-01
1.078224297594606584e-01
1.078224297594606584e-01
1.078224297594606584e-01
1.078224297594606584e-01
1.078224297594606584e-01
1.078224297594606584e-01
1.078224297594606584e-01
1.078224297594606584e-01
1.078224297594606584e-01
1.078224297594606584e-01
1.078224297594606584e-01
1.078224297594606584e-01
1.078224297594606584e-01
1.078224297594606584e-01
1.078224297594606584e-01
1.078224297594606584e-01
1.078224297594606584e-01
