0.000000000000000000e+00
0.000000000000000000e+00
0.000000000000000000e+00
0.000000000000000000e+00
0.000000000000000000e+00
0.000000000000000000e+00
0.000000000000000000e+00
0.000000000000000000e+00
0.000000000000000000e+00
0.000000000000000000e+00
0.000000000000000000e+00
0.000000000000000000e+00
0.000000000000000000e+00
0.000000000000000000e+00
0.000000000000000000e+00
0.000000000000000000e+00
0.000000000000000000e+00
0.000000000000000000e+00
0.000000000000000000e+00
0.000000000000000000e+00
0.000000000000000000e+00
-9.234865452968855004e-04
-1.843215496779724606e-03
-2.759186915947857768e-03
-3.671400864705424028e-03
-4.579857405357675056e-03
-5.484556600606984092e-03
-6.385498513548509142e-03
-7.282683207665571236e-03
-8.176110746824654524e-03
-9.065781195270090215e-03
-9.951694617618382296e-03
-1.083385107885215769e-02
-1.171225064431373648e-02
-1.258689337969834919e-02
-1.345777935104693242e-02
-1.432490862473854640e-02
-1.518828126748238486e-02
-1.604789734630931303e-02
-1.690375692856306566e-02
-1.775586008189097495e-02
-1.860420687423414848e-02
-1.944879737381735238e-02
-2.028963164913834619e-02
-2.112670976895673902e-02
-2.196003180228238080e-02
-2.278959781836323653e-02
-2.361540788667286159e-02
-2.443746207689717273e-02
-2.525576045892079929e-02
-2.607030310281299723e-02
-2.688109007881292131e-02
-2.768812145731431099e-02
-2.849139730884974603e-02
-2.929091770407424300e-02
-3.008668271374831740e-02
-3.087869240872046644e-02
-3.166694685990902730e-02
-3.245144613828354618e-02
-3.323219031484533209e-02
-3.400917946060769137e-02
-3.478241364657531920e-02
-3.555189294372308739e-02
-3.631761742297433954e-02
-3.707958715517840897e-02
-3.783780221108760944e-02
-3.859226266133370525e-02
-3.934296857640289663e-02
-4.008992002661143639e-02
-4.083311708207967156e-02
-4.157255981270578660e-02
-4.230824828813867233e-02
-4.304018257775028833e-02
-4.376836275060719955e-02
-4.449278887544139832e-02
-4.521346102062104994e-02
-4.593037925411947581e-02
-4.664354364348425458e-02
-4.735295425580544892e-02
-4.805861115768283315e-02
-4.876051441519330121e-02
-4.945866409385634571e-02
-5.015306025859966876e-02
-5.084370297372405034e-02
-5.153059230286728687e-02
-5.221372830896756079e-02
-5.289311105422617176e-02
-5.356874060006958094e-02
-5.424061700711057393e-02
-5.490874033510909080e-02
-5.557311064293211922e-02
-5.623372798851324766e-02
-5.689059242881107370e-02
-5.754370401976746652e-02
-5.819306281626492050e-02
-5.883866887208338142e-02
-5.948052223985639264e-02
-6.011862297102666536e-02
-6.075297111580114928e-02
-6.138356672310526368e-02
-6.201040984053707295e-02
-6.263350051432027554e-02
-6.325283878925683223e-02
-6.386842470867876154e-02
-6.448025831440079569e-02
-6.508833964667112837e-02
-6.569266874412177382e-02
-6.629324564371928685e-02
-6.689007038071424771e-02
-6.748314298859062199e-02
-6.807246349901477367e-02
-6.865803194178399238e-02
-6.923984834477454886e-02
-6.981791273388976427e-02
-7.039222513300721906e-02
-7.096278556392625336e-02
-7.152959404631466234e-02
-7.209265059765547490e-02
-7.265195523319342708e-02
-7.320750796588115783e-02
-7.375930880632534936e-02
-7.430735776273261761e-02
-7.485165484085544441e-02
-7.539220004393742958e-02
-7.592899337265976434e-02
-7.646203482508631688e-02
-7.699132439660934246e-02
-7.751686207989529065e-02
-7.803864786483052929e-02
-7.855668173846729052e-02
-7.907096368496951966e-02
-7.958149368555912651e-02
-8.008827171846259751e-02
-8.059129775885690017e-02
-8.109057177881708045e-02
-8.158609374726324970e-02
-8.207786362990834861e-02
-8.256588138920542552e-02
-8.305014698429676046e-02
-8.353066037096236462e-02
-8.400742150156931265e-02
-8.448043032502183802e-02
-8.494968678671156737e-02
-8.541519082846872613e-02
-8.587694238851392714e-02
-8.633494140141043105e-02
-8.678918779801761407e-02
-8.723968150544487987e-02
-8.768642244700647348e-02
-8.812941054217708625e-02
-8.856864570654847391e-02
-8.900412785178707376e-02
-8.943585688559239910e-02
-8.986383271165672426e-02
-9.028805522962578267e-02
-9.070852433506039481e-02
-9.112523991939935897e-02
-9.153820186992341068e-02
-9.194741006972109720e-02
-9.235286439765490185e-02
-9.275456472832928345e-02
-9.315251093206002031e-02
-9.354670287484541380e-02
-9.393714041833700623e-02
-9.432382341981460083e-02
-9.470675173216072662e-02
-9.508592520383736535e-02
-9.546134367886427441e-02
-9.583300699679918322e-02
-9.620091499271882229e-02
-9.656506749720236704e-02
-9.692546433631629710e-02
-9.728210533160132345e-02
-9.763499030006067558e-02
-9.798411905415083112e-02
-9.832949140177310587e-02
-9.867110714626835255e-02
-9.900896608641256147e-02
-9.934306801641504259e-02
-9.967341272591835610e-02
-1.000000000000000056e-01
-1.000000000000000056e-01
-1.000000000000000056e-01
-1.000000000000000056e-01
-1.000000000000000056e-01
-1.000000000000000056e-01
-1.000000000000000056e-01
-1.000000000000000056e-01
-1.000000000000000056e-01
-1.000000000000000056e-01
-1.000000000000000056e-01
-1.000000000000000056e-01
-1.000000000000000056e-01
-1.000000000000000056e-01
-1.000000000000000056e-01
-1.000000000000000056e-01
-1.000000000000000056e-01
-1.000000000000000056e-01
-1.000000000000000056e-01
-1.000000000000000056e-01
-1.000000000000000056e-01
