0.000000000000000000e+00
0.000000000000000000e+00
0.000000000000000000e+00
0.000000000000000000e+00
0.000000000000000000e+00
0.000000000000000000e+00
0.000000000000000000e+00
0.000000000000000000e+00
0.000000000000000000e+00
0.000000000000000000e+00
0.000000000000000000e+00
0.000000000000000000e+00
0.000000000000000000e+00
0.000000000000000000e+00
0.000000000000000000e+00
0.000000000000000000e+00
0.000000000000000000e+00
0.000000000000000000e+00
0.000000000000000000e+00
0.000000000000000000e+00
1.879905243168704443e+00
3.769244227267808167e+00
3.769244795535290127e+00
3.769245373830705681e+00
3.769245962117297566e+00
3.769246560353275655e+00
3.769247168491959510e+00
3.769247786481920492e+00
3.769248414267215352e+00
3.769249051787602944e+00
3.769249698978712093e+00
3.769250355772339578e+00
3.769251022096712145e+00
3.769251697876774720e+00
3.769252383034479070e+00
3.769253077489077786e+00
3.769253781157537730e+00
3.769254493954900198e+00
3.769255215794622860e+00
3.769255946588914608e+00
3.769256686249344401e+00
3.769257434687210306e+00
3.769258191813902759e+00
3.769258957541503197e+00
3.769259731783213496e+00
3.769260514453975475e+00
3.769261305470851031e+00
3.769262104753706932e+00
3.769262912225931128e+00
3.769263727814688991e+00
3.769264551451767975e+00
3.769265383074184239e+00
3.769266222624799489e+00
3.769267070053087032e+00
3.769267925315671341e+00
3.769268788377251767e+00
3.769269659211061274e+00
3.769270537799708887e+00
3.769271424136157123e+00
3.769272318224299756e+00
3.769273220079751407e+00
3.769274129730897815e+00
3.769275047219397656e+00
3.769275972601211500e+00
3.769276905947599232e+00
3.769277847345807064e+00
3.769278796900206618e+00
3.769279754733017462e+00
3.769280720985484834e+00
3.769281695818649691e+00
3.769282679414604598e+00
3.769283671977389449e+00
3.769284673733898750e+00
3.769285684935370639e+00
3.769286705858290620e+00
3.769287736805325029e+00
3.769288778106814064e+00
3.769289830121920204e+00
3.769290893239838791e+00
3.769291967881112537e+00
3.769293054498796813e+00
3.769294153580131645e+00
3.769295265647792270e+00
3.769296391261127699e+00
3.769297531018147573e+00
3.769298685556786488e+00
3.769299855556681234e+00
3.769301041740914737e+00
3.769302244877201780e+00
3.769303465780308837e+00
3.769304705314250548e+00
3.769305964393461217e+00
3.769307243985637879e+00
3.769308545113766229e+00
3.769309868857740220e+00
3.769311216357423611e+00
3.769312588815087128e+00
3.769313987497962426e+00
3.769315413741225917e+00
3.769316868950927102e+00
3.769318354606633559e+00
3.769319872265143978e+00
3.769321423563969375e+00
3.769323010224510551e+00
3.769324634056355094e+00
3.769326296961520661e+00
3.769328000938439338e+00
3.769329748086516219e+00
3.769331540611517983e+00
3.769333380830246938e+00
3.769335271176297741e+00
3.769337214206138320e+00
3.769339212604866596e+00
3.769341269193529964e+00
3.769343386935823048e+00
3.769345568945735359e+00
3.769347818495877078e+00
3.769350139026053537e+00
3.769352534152897505e+00
3.769355007679574765e+00
3.769357563606155370e+00
3.769360206141763481e+00
3.769362939716736083e+00
3.769365768995376786e+00
3.769368698890385172e+00
3.769371734578276012e+00
3.769374881516088571e+00
3.769378145458491591e+00
3.769381532477236174e+00
3.769385048981601205e+00
3.769388701740683523e+00
3.769392497907652295e+00
3.769396445045462674e+00
3.769400551154951984e+00
3.769404824705313573e+00
3.769409274667125054e+00
3.769413910548568225e+00
3.769418742433921832e+00
3.769423781025778908e+00
3.769429037691622408e+00
3.769434524513636031e+00
3.769440254343248586e+00
3.769446240861310748e+00
3.769452498642817062e+00
3.769459043228801320e+00
3.769465891203876762e+00
3.769473060282061638e+00
3.769480569401240544e+00
3.769488438826181120e+00
3.769496690262278182e+00
3.769505346980923655e+00
3.769514433957795951e+00
3.769523978025150601e+00
3.769534008041586670e+00
3.769544555078268466e+00
3.769555652627234466e+00
3.769567336832465809e+00
3.769579646745778501e+00
3.769592624614263254e+00
3.769606316199964891e+00
3.769620771136940274e+00
3.769636043333107978e+00
3.769652191420550746e+00
3.769669279261247841e+00
3.769687376518537025e+00
3.769706559302421045e+00
3.769726910899421135e+00
3.769748522600740781e+00
3.769771494643703313e+00
3.769795937285518317e+00
3.769821972030170443e+00
3.769849733032875072e+00
3.769879368714257328e+00
3.769911043618890734e+00
3.769944940562983238e+00
3.769981263122320403e+00
3.770020238523694278e+00
3.770062121017682344e+00
3.770107195823789503e+00
3.770155783765199331e+00
1.867912277312295810e+00
0.000000000000000000e+00
0.000000000000000000e+00
0.000000000000000000e+00
0.000000000000000000e+00
0.000000000000000000e+00
0.000000000000000000e+00
0.000000000000000000e+00
0.000000000000000000e+00
0.000000000000000000e+00
0.000000000000000000e+00
0.000000000000000000e+00
0.000000000000000000e+00
0.000000000000000000e+00
0.000000000000000000e+00
0.000000000000000000e+00
0.000000000000000000e+00
0.000000000000000000e+00
0.000000000000000000e+00
0.000000000000000000e+00
0.000000000000000000e+00
