7.389056098930649088e+18
7.389056098930649088e+18
7.389056098930649088e+18
7.389056098930649088e+18
7.389056098930649088e+18
7.389056098930649088e+18
7.389056098930649088e+18
7.389056098930649088e+18
7.389056098930649088e+18
7.389056098930649088e+18
7.389056098930649088e+18
7.389056098930649088e+18
7.389056098930649088e+18
7.389056098930649088e+18
7.389056098930649088e+18
7.389056098930649088e+18
7.389056098930649088e+18
7.389056098930649088e+18
7.389056098930649088e+18
7.389056098930649088e+18
7.389056098930649088e+18
7.426166271431177216e+18
7.463524409069900800e+18
7.501128455276467200e+18
7.538976170404146176e+18
7.577065126457510912e+18
7.615392701769530368e+18
7.653956075630985216e+18
7.692752222875242496e+18
7.731777908421581824e+18
7.771029681780451328e+18
7.810503871524151296e+18
7.850196579726613504e+18
7.890103676376122368e+18
7.930220793764968448e+18
7.970543320860191744e+18
8.011066397659736064e+18
8.051784909538490368e+18
8.092693481588858880e+18
8.133786472960705536e+18
8.175057971205634048e+18
8.216501786630648832e+18
8.258111446666693632e+18
8.299880190257355776e+18
8.341800962273429504e+18
8.383866407959139328e+18
8.426068867415915520e+18
8.468400370129928192e+18
8.510852629549443072e+18
8.553417037718591488e+18
8.596084659974083584e+18
8.638846229711461376e+18
8.681692143227830272e+18
8.724612454648057856e+18
8.767596870941511680e+18
8.810634747036651520e+18
8.853715081040815104e+18
8.896826509572762624e+18
8.939957303215555584e+18
8.983095362097497088e+18
9.026228211609107456e+18
9.069342998263929856e+18
9.112426485711269888e+18
9.155465050909130752e+18
9.198444680465326080e+18
9.241350967155312640e+18
9.284169106624987136e+18
9.326883894286616576e+18
9.369479722417078272e+18
9.411940577466177536e+18
9.454250037584060416e+18
9.496391270376044544e+18
9.538347030893711360e+18
9.580099659870625792e+18
9.621631082211401728e+18
9.662922805742940160e+18
9.703955920235808768e+18
9.744711096704872448e+18
9.785168586997495808e+18
9.825308223677507584e+18
9.865109420213901312e+18
9.904551171481681920e+18
9.943612054583805952e+18
9.982270230002102272e+18
1.002050344308496998e+19
1.005828902587985306e+19
1.009560389931831091e+19
1.013242457576098611e+19
1.016872716191005901e+19
1.020448736209647002e+19
1.023968048194866176e+19
1.027428143244994970e+19
1.030826473439094579e+19
1.034160452322344755e+19
1.037427455432201626e+19
1.040624820865901773e+19
1.043749849889866752e+19
1.046799807591553229e+19
1.049771923574243533e+19
1.052663392695236608e+19
1.055471375847906099e+19
1.058193000787990323e+19
1.060825363004499763e+19
1.063365526635567514e+19
1.065810525429605581e+19
1.068157363751895654e+19
1.070403017636902093e+19
1.072544435886511718e+19
1.074578541214253670e+19
1.076502231435638579e+19
1.078312380704654336e+19
1.080005840796391629e+19
1.081579442435763610e+19
1.083029996672230810e+19
1.084354296300343091e+19
1.085549117325955686e+19
1.086611220477814170e+19
1.087537352764243149e+19
1.088324249074570854e+19
1.088968633824871834e+19
1.089467222647590093e+19
1.089816724124497510e+19
1.090013841562429030e+19
1.090055274811145421e+19
1.089937722122704486e+19
1.089657882051486925e+19
1.089212455394166374e+19
1.088598147168729702e+19
1.087811668631640064e+19
1.086849739332161946e+19
1.085709089202812723e+19
1.084386460684857344e+19
1.082878610887708262e+19
1.081182313780961485e+19
1.079294362417916518e+19
1.077211571189147443e+19
1.074930778104805376e+19
1.072448847104159334e+19
1.069762670390982451e+19
1.066869170793119539e+19
1.063765304144696320e+19
1.060448061689305088e+19
1.056914472502422118e+19
1.053161605931324416e+19
1.049186574050677555e+19
1.044986534131894272e+19
1.040558691124417126e+19
1.035900300146862080e+19
1.031008668986086810e+19
1.025881160602065101e+19
1.020515195636501094e+19
1.014908254923005952e+19
1.009057881996646605e+19
1.002961685600649626e+19
9.966173421879529472e+18
9.900225984153292800e+18
9.831752736276885504e+18
9.760732623302121472e+18
9.687145366459074560e+18
9.610971487560613888e+18
9.532192333211883520e+18
9.450790098799237120e+18
9.366747852233281536e+18
9.280049557419628544e+18
9.190680097432904704e+18
9.098625297366050816e+18
9.003871946829124608e+18
8.906407822070750208e+18
8.806221707694807040e+18
8.703303417944712192e+18
8.597643817527571456e+18
8.489234841949805568e+18
8.378069517335521280e+18
8.264141979697907712e+18
8.147447493634163712e+18
8.027982470412337152e+18
7.905744485419108352e+18
7.780732294934765568e+18
7.652945852201336832e+18
7.522386322747380736e+18
7.389056098930651136e+18
7.389056098930651136e+18
7.389056098930651136e+18
7.389056098930651136e+18
7.389056098930651136e+18
7.389056098930651136e+18
7.389056098930651136e+18
7.389056098930651136e+18
7.389056098930651136e+18
7.389056098930651136e+18
7.389056098930651136e+18
7.389056098930651136e+18
7.389056098930651136e+18
7.389056098930651136e+18
7.389056098930651136e+18
7.389056098930651136e+18
7.389056098930651136e+18
7.389056098930651136e+18
7.389056098930651136e+18
7.389056098930651136e+18
7.389056098930651136e+18
