0	8.49247E-11	3	-0.000000000397789	0.000000001	1000000000
0.05	3.19719E-11	3	-0.00000000043143	0.000000001	1000000000
0.1	3.85284E-11	3	-0.000000000398672	0.000000001	1000000000
0.15	6.80804E-11	3	-0.000000000366378	0.000000001	1000000000
0.2	0.00000000016315	3	-0.000000000351799	0.000000001	1000000000
0.25	0.000000000468326	3	-0.000000000334108	0.000000001	1000000000
0.3	0.00000000152555	3	-0.000000000325143	0.000000001	1000000000
0.35	0.00000000510603	3	-0.000000000336766	0.00000000170201	587540613.744925
0.4	0.000000017637	3	-0.000000000362432	0.000000005879	170096955.264501
0.45	0.0000000600314	3	-0.000000000441158	2.00104666666667E-08	49973847.0200595
0.5	0.000000199829	3	-0.000000000639403	6.66096666666667E-08	15012835.9747584
0.55	0.000000602374	3	-0.000000000251532	2.00791333333333E-07	4980294.63423056
0.6	0.00000158757	3	-0.000000000271094	0.00000052919	1889680.45503505
0.65	0.00000355215	3	-0.000000000310647	0.00000118405	844558.929099278
0.7	0.00000684622	3	-0.000000000385857	2.28207333333333E-06	438198.012918077
0.75	0.0000117287	3	-0.000000000495768	3.90956666666667E-06	255782.823330804
0.8	0.0000183202	3	-0.000000000187266	6.10673333333333E-06	163753.670811454
0.85	0.0000266954	3	-0.000000000249982	8.89846666666667E-06	112378.911722619
0.9	0.000036911	3	-0.000000000190938	1.23036666666667E-05	81276.5842160873
0.95	0.0000489952	3	-0.000000000166571	1.63317333333333E-05	61230.4878845275
1	0.0000629167	3	-0.000000000159264	2.09722333333333E-05	47682.0939432615
1.05	0.0000786937	3	-0.000000000147557	2.62312333333333E-05	38122.4926518895
1.1	0.0000962976	3	-0.000000000129318	0.0000320992	31153.4243844083
1.15	0.00011569	3	-0.000000000124311	3.85633333333333E-05	25931.3683118679
1.2	0.000136891	3	-0.000000000124919	4.56303333333333E-05	21915.2464369462
1.25	0.000159847	3	-0.000000000116229	5.32823333333333E-05	18767.9468491745
1.3	0.000184502	3	-0.000000000110197	6.15006666666667E-05	16259.9863416115
1.35	0.000210889	3	-0.000000000111616	7.02963333333333E-05	14225.4930318793
1.4	0.000238927	3	-0.000000000119293	7.96423333333333E-05	12556.1363931243
1.45	0.000268608	3	-0.000000000125372	0.000089536	11168.691922802
1.5	0.000299902	3	-0.000000000132108	9.99673333333333E-05	10003.2677341265
1.55	0.000332767	3	-0.000000000136912	1.10922333333333E-04	9015.31702362314
1.6	0.00036719	3	-0.000000000148034	1.22396666666667E-04	8170.15713935565
1.65	0.000403125	3	-0.000000000156069	0.000134375	7441.86046511628
1.7	0.000440533	3	-0.000000000176108	1.46844333333333E-04	6809.93251356879
1.75	0.000479416	3	-0.000000000198984	1.59805333333333E-04	6257.61342967277
1.8	0.000519717	3	-0.000000000219679	0.000173239	5772.37227183255
1.85	0.000561386	3	-0.00000000022645	1.87128666666667E-04	5343.91666340094
1.9	0.000604446	3	-0.000000000245059	0.000201482	4963.22252111851
1.95	0.000648798	3	-0.000000000253606	0.000216266	4623.93533888822
2	0.000694504	3	-0.000000000272584	2.31501333333333E-04	4319.62954856991
2.05	0.000743177	3	-0.00000000025599	2.47725666666667E-04	4036.72341851268
2.1	0.000791442	3	-0.000000000279605	0.000263814	3790.54940223036
2.15	0.000840963	3	-0.00000000030179	0.000280321	3567.33887222149
2.2	0.000891646	3	-0.000000000321496	2.97215333333333E-04	3364.56396372551
2.25	0.000943443	3	-0.000000000346708	0.000314481	3179.84234341661
2.3	0.000996373	3	-0.000000000362968	3.32124333333333E-04	3010.92060904902
2.35	0.00105182	3	-0.000000000374186	3.50606666666667E-04	2852.19904546405
2.4	0.0011068	3	-0.000000000111246	3.68933333333333E-04	2710.51680520419
2.45	0.00116272	3	-0.000000000107872	3.87573333333333E-04	2580.15687353791
2.5	0.00121955	3	-0.000000000103676	4.06516666666667E-04	2459.92374236399
2.55	0.00127713	3	-9.21607E-11	0.00042571	2349.01693641211
2.6	0.00133511	3	-7.76529E-11	4.45036666666667E-04	2247.00586468531
2.65	0.00139401	3	-4.99725E-11	0.00046467	2152.06490627757
2.7	0.00145305	3	-3.68237E-11	0.00048435	2064.62269020337
2.75	0.00151195	3	-9.88245E-12	5.03983333333333E-04	1984.19259896161
2.8	0.00157021	3	-4.92334E-12	5.23403333333333E-04	1910.57247119812
2.85	0.00162713	3	1.27554E-12	5.42376666666667E-04	1843.73713225126
2.9	0.00168186	3	9.91821E-12	0.00056062	1783.73943134387
2.95	0.00173416	3	2.21848E-11	5.78053333333333E-04	1729.94418046778
3	0.00178362	3	3.23534E-11	0.00059454	1681.97261748579
3.05	0.00183012	3	4.09365E-11	0.00061004	1639.23677135926
3.1	0.00187389	3	-3.61204E-11	0.00062463	1600.94776107456
3.15	0.00191521	3	-4.14371E-11	6.38403333333333E-04	1566.40786127892
3.2	0.00195387	3	-4.14014E-11	0.00065129	1535.41433155737
3.25	0.00199041	3	-4.80056E-11	0.00066347	1507.22715420441
3.3	0.00202481	3	-5.13315E-11	6.74936666666667E-04	1481.62049772571
3.35	0.00205745	3	-6.11544E-11	6.85816666666667E-04	1458.11562856935
3.4	0.00208837	3	-6.04391E-11	6.96123333333333E-04	1436.5270521986
3.45	0.00211779	3	-6.29902E-11	0.00070593	1416.57104812092
3.5	0.00214581	3	-6.99878E-11	0.00071527	1398.07345477931
3.55	0.00217252	3	-6.97136E-11	7.24173333333333E-04	1380.88487102535
3.6	0.00219798	3	-7.03931E-11	0.00073266	1364.88958043294
3.65	0.00222243	3	-6.89387E-11	0.00074081	1349.87378680093
3.7	0.00224587	3	-7.54595E-11	7.48623333333333E-04	1335.78524135413
3.75	0.00226835	3	-7.13229E-11	7.56116666666667E-04	1322.54722595719
3.8	0.00228987	3	-6.77466E-11	0.00076329	1310.11804163555
3.85	0.00231065	3	-6.29306E-11	7.70216666666667E-04	1298.33596607015
3.9	0.00233071	3	-5.47886E-11	7.76903333333333E-04	1287.16142291405
3.95	0.00234996	3	-5.30481E-11	0.00078332	1276.61747433999
4	0.00236864	3	-4.86135E-11	7.89546666666667E-04	1266.54958119427
4.05	0.00238672	3	-4.11868E-11	7.95573333333333E-04	1256.95515184018
4.1	0.00240408	3	-3.30329E-11	0.00080136	1247.87860636917
4.15	0.00242095	3	-2.21252E-11	8.06983333333333E-04	1239.18296536484
4.2	0.00243722	3	-1.88828E-11	8.12406666666667E-04	1230.91062768236
4.25	0.00245312	3	-8.73804E-12	8.17706666666667E-04	1222.93242890686
4.3	0.00246844	3	3.82662E-12	8.22813333333333E-04	1215.34248351185
4.35	0.00248331	3	1.53899E-11	0.00082777	1208.06504222187
4.4	0.00249779	3	2.61664E-11	8.32596666666667E-04	1201.0617385769
4.45	0.00251191	3	4.13775E-11	8.37303333333333E-04	1194.31030570363
4.5	0.00252556	3	4.93526E-11	8.41853333333333E-04	1187.85536673055
4.55	0.00253885	3	5.06878E-11	8.46283333333333E-04	1181.6373554956
4.6	0.0025519	3	6.49691E-11	8.50633333333333E-04	1175.59465496297
4.65	0.00256454	3	6.59466E-11	8.54846666666667E-04	1169.80043204629
4.7	0.00257675	3	7.13229E-11	8.58916666666667E-04	1164.25730086349
4.75	0.00258886	3	0.000000000074029	8.62953333333333E-04	1158.81121420239
4.8	0.00260048	3	9.02534E-11	8.66826666666667E-04	1153.63317541377
4.85	0.00261199	3	9.77516E-11	8.70663333333333E-04	1148.54957331383
4.9	0.00262308	3	-2.90513E-11	0.00087436	1143.6936730866
4.95	0.002634	3	0.00000000010457	0.000878	1138.95216400911
5	0.00264473	3	0.000000000116098	8.81576666666667E-04	1134.33129279737
5.05	0.00265511	3	0.000000000130355	8.85036666666667E-04	1129.89668977933
5.1	0.00266538	3	0.000000000139976	0.00088846	1125.54307453346
5.15	0.00267531	3	0.000000000148678	0.00089177	1121.36537447997
5.2	0.00268502	3	0.000000000161076	8.95006666666667E-04	1117.31011314627
5.25	0.00269452	3	0.000000000161302	8.98173333333333E-04	1113.37084155991
5.3	0.00270384	3	0.000000000169158	0.00090128	1109.53310846796
5.35	0.00271297	3	0.000000000178373	9.04323333333333E-04	1105.79917949701
5.4	0.00272191	3	0.000000000185597	9.07303333333333E-04	1102.16722815964
5.45	0.00273062	3	0.000000000187325	9.10206666666667E-04	1098.65158828398
5.5	0.00273927	3	0.000000000195348	0.00091309	1095.18229309269
5.55	0.00274773	3	0.000000000199628	0.00091591	1091.81033070935
5.6	0.00275604	3	0.000000000200808	0.00091868	1088.51830887796
5.65	0.00276416	3	0.000000000202453	9.21386666666666E-04	1085.32067608243
5.7	0.00277215	3	9.0003E-12	0.00092405	1082.19252204967
5.75	0.00277998	3	8.66652E-12	0.00092666	1079.14445427665
5.8	0.0027877	3	1.60813E-11	9.29233333333334E-04	1076.15597087204
5.85	0.00279529	3	2.08259E-11	9.31763333333333E-04	1073.23390417452
5.9	0.00280266	3	2.97546E-11	0.00093422	1070.41168033226
5.95	0.00280992	3	0.000000000194228	0.00093664	1067.64605398018
6	0.00281704	3	0.000000000195682	9.39013333333333E-04	1064.94760457785
6.05	0.00282408	3	0.000000000200808	0.00094136	1062.29285289369
6.1	0.00283089	3	0.000000000199735	0.00094363	1059.73739707301
6.15	0.00283767	3	0.000000000196934	0.00094589	1057.20538328981
6.2	0.00284436	3	0.000000000202084	0.00094812	1054.71881196473
6.25	0.00285098	3	0.000000000208998	9.50326666666667E-04	1052.26974584178
6.3	0.00285733	3	0.000000000204241	9.52443333333333E-04	1049.93122950447
6.35	0.00286377	3	0.000000000206625	0.00095459	1047.57016101153
6.4	0.00287003	3	0.000000000214267	9.56676666666667E-04	1045.28524092083
6.45	0.00287613	3	0.000000000217199	0.00095871	1043.06828968093
6.5	0.00288221	3	0.000000000220478	9.60736666666667E-04	1040.86794508381
6.55	0.00288808	3	0.00000000020839	9.62693333333333E-04	1038.75238913049
6.6	0.00289398	3	0.000000000217962	0.00096466	1036.63466920988
6.65	0.00289973	3	5.22256E-11	9.66576666666667E-04	1034.57908150069
6.7	0.0029054	3	5.07355E-11	9.68466666666667E-04	1032.56006057686
6.75	0.00291094	3	5.18799E-11	9.70313333333333E-04	1030.59492809883
6.8	0.00291637	3	0.000000000227809	9.72123333333333E-04	1028.67605962206
6.85	0.0029218	3	5.89728E-11	9.73933333333333E-04	1026.76432336231
6.9	0.00292708	3	0.000000000225699	9.75693333333333E-04	1024.91219918827
6.95	0.00293231	3	0.000000000228107	9.77436666666667E-04	1023.08418959796
7	0.00293749	3	7.50423E-11	9.79163333333333E-04	1021.2800724428
7.05	0.0029426	3	7.76052E-11	9.80866666666667E-04	1019.50655882553
7.1	0.00294755	3	0.000000000211489	9.82516666666667E-04	1017.79443944971
7.15	0.0029526	3	0.000000000205195	0.0009842	1016.0536476326
7.2	0.00295748	3	0.000000000110006	9.85826666666667E-04	1014.37710483249
7.25	0.00296226	3	0.000000000124919	0.00098742	1012.74027262968
7.3	0.00296704	3	0.000000000169551	9.89013333333334E-04	1011.10871440897
7.35	0.00297165	3	0.000000000169146	0.00099055	1009.54015445964
7.4	0.00297632	3	0.000000000151539	9.92106666666667E-04	1007.95613374906
7.45	0.00298077	3	0.000000000155938	0.00099359	1006.45135317384
7.5	0.0029853	3	0.000000000146675	0.0009951	1004.92412822832
7.55	0.00298969	3	0.000000000131261	9.96563333333333E-04	1003.44851807378
7.6	0.00299402	3	0.00000000020225	9.98006666666667E-04	1001.9973146472
7.65	0.00299839	3	0.000000000113475	9.99463333333334E-04	1000.53695483243
7.7	0.0030026	3	0.000000000102615	1.00086666666667E-03	999.134083794045
7.75	0.00300678	3	9.62973E-11	0.00100226	997.745096082853
7.8	0.00301088	3	9.25183E-11	1.00362666666667E-03	996.386438516314
7.85	0.00301491	3	0.000000000258982	0.00100497	995.054578743644
7.9	0.00301896	3	7.79986E-11	0.00100632	993.719691549408
7.95	0.00302284	3	7.28011E-11	1.00761333333333E-03	992.444191554962
8	0.00302677	3	0.000000000269687	1.00892333333333E-03	991.155588300399
8.05	0.00303066	3	0.000000000276268	0.00101022	989.883391736453
8.1	0.00303444	3	7.30634E-11	0.00101148	988.650294617788
8.15	0.0030382	3	0.000000000290477	1.01273333333333E-03	987.4267658482
8.2	0.00304192	3	0.000000000085783	1.01397333333333E-03	986.219229960025
8.25	0.00304557	3	0.000000000269604	0.00101519	985.037283661187
8.3	0.00304925	3	0.00000000026933	1.01641666666667E-03	983.848487332951
8.35	0.00305282	3	0.000000000274551	1.01760666666667E-03	982.69796450495
8.4	0.00305637	3	9.56416E-11	0.00101879	981.556552380765
8.45	0.00305987	3	0.000000000105083	1.01995666666667E-03	980.433809279479
8.5	0.0030633	3	0.000000000261915	0.0010211	979.336010185094
8.55	0.00306665	3	0.000000000108933	1.02221666666667E-03	978.266186229273
8.6	0.00307001	3	0.000000000118196	1.02333666666667E-03	977.195514021127
8.65	0.00307332	3	0.000000000118482	0.00102444	976.143063527391
8.7	0.00307652	3	0.000000000263906	1.02550666666667E-03	975.127741734167
8.75	0.00307981	3	0.000000000262237	1.02660333333333E-03	974.086063750686
8.8	0.00308307	3	0.000000000129879	0.00102769	973.05607722173
8.85	0.00308618	3	0.000000000267828	1.02872666666667E-03	972.075510825681
8.9	0.00308928	3	0.00000000022403	0.00102976	971.100062150404
8.95	0.00309237	3	0.000000000225961	0.00103079	970.129706341738
9	0.00309542	3	0.000000000119805	1.03180666666667E-03	969.173811631378
9.05	0.00309844	3	0.000000000115967	1.03281333333333E-03	968.22917339048
9.1	0.00310138	3	0.00000000027777	1.03379333333333E-03	967.311325925878
9.15	0.00310433	3	0.0000000001279	1.03477666666667E-03	966.392103932249
9.2	0.00310722	3	0.000000000276422	0.00103574	965.493270511905
9.25	0.00310999	3	0.000000000285423	1.03666333333333E-03	964.633326795263
9.3	0.00311285	3	0.00000000012219	1.03761666666667E-03	963.747048524664
9.35	0.00311564	3	0.000000000284255	1.03854666666667E-03	962.884030247397
9.4	0.00311848	3	0.000000000286436	1.03949333333333E-03	962.007131679536
9.45	0.00312122	3	0.000000000285077	1.04040666666667E-03	961.162622307944
9.5	0.00312394	3	0.000000000134051	1.04131333333333E-03	960.325742491853
9.55	0.00312656	3	0.000000000286019	1.04218666666667E-03	959.521007113249
9.6	0.0031292	3	0.000000000136089	1.04306666666667E-03	958.711491755081
9.65	0.0031318	3	0.000000000288713	1.04393333333333E-03	957.915575707261
9.7	0.0031343	3	0.000000000139451	1.04476666666667E-03	957.151517085155
9.75	0.00313698	3	0.000000000140309	0.00104566	956.333798749115
9.8	0.00313943	3	0.000000000144458	1.04647666666667E-03	955.587479255788
9.85	0.00314184	3	0.000000000290215	0.00104728	954.854480177221
9.9	0.00314435	3	0.000000000145161	1.04811666666667E-03	954.092260721612
9.95	0.00314681	3	0.000000000284278	1.04893666666667E-03	953.346404771817
10	0.00314924	3	0.000000000285506	1.04974666666667E-03	952.610788634718
