0	1.69992E-11	3	-0.000000000275517	0.000000001	1000000000
0.05	3.49641E-11	3	-0.000000000250781	0.000000001	1000000000
0.1	3.79086E-11	3	-0.000000000241351	0.000000001	1000000000
0.15	6.56605E-11	3	-0.000000000227225	0.000000001	1000000000
0.2	0.000000000134838	3	-0.000000000226545	0.000000001	1000000000
0.25	0.000000000397921	3	-0.000000000210679	0.000000001	1000000000
0.3	0.00000000128731	3	-0.000000000220549	0.000000001	1000000000
0.35	0.0000000043957	3	-0.000000000237238	1.46523333333333E-09	682485155.947858
0.4	0.0000000152035	3	-0.000000000262463	5.06783333333333E-09	197322984.839017
0.45	0.0000000524952	3	-0.000000000349116	0.0000000174984	57148082.1103644
0.5	0.000000179837	3	-0.000000000567186	5.99456666666667E-08	16681772.9388279
0.55	0.000000545755	3	-0.000000000183964	1.81918333333333E-07	5496972.08454343
0.6	0.00000146506	3	-0.000000000220048	4.88353333333333E-07	2047697.70521344
0.65	0.00000332192	3	-0.000000000266337	1.10730666666667E-06	903092.187650515
0.7	0.00000644059	3	-0.000000000349033	2.14686333333333E-06	465795.8354747
0.75	0.0000110583	3	-0.000000000463736	0.0000036861	271289.438702151
0.8	0.0000172083	3	-0.000000000183713	0.0000057361	174334.47812974
0.85	0.0000249538	3	-0.000000000181663	8.31793333333333E-06	120222.170571216
0.9	0.0000342933	3	-0.000000000185275	0.0000114311	87480.6449073143
0.95	0.0000451892	3	-0.000000000183749	1.50630666666667E-05	66387.5439264249
1	0.00005758	3	-0.000000000180495	1.91933333333333E-05	52101.4241055922
1.05	0.0000714426	3	-0.000000000209725	0.0000238142	41991.7528197462
1.1	0.0000867249	3	-0.000000000179875	0.0000289083	34592.1413573264
1.15	0.00010334	3	-0.000000000173044	3.44466666666667E-05	29030.3851364428
1.2	0.000121276	3	-0.000000000169361	4.04253333333333E-05	24736.9636201722
1.25	0.000140464	3	-0.000000000164366	4.68213333333333E-05	21357.7856247864
1.3	0.000160847	3	-0.000000000164938	5.36156666666667E-05	18651.2648666124
1.35	0.000182409	3	-0.000000000155127	0.000060803	16446.5569133102
1.4	0.000205068	3	-0.000000000155938	0.000068356	14629.2936977003
1.45	0.000228813	3	-0.000000000156534	0.000076271	13111.1431605722
1.5	0.000253575	3	-0.000000000152385	0.000084525	11830.8192842354
1.55	0.000279306	3	-0.000000000152326	0.000093102	10740.9078215291
1.6	0.000306013	3	-0.000000000154662	1.02004333333333E-04	9803.50507984955
1.65	0.000333627	3	-0.000000000148988	0.000111209	8992.07797930024
1.7	0.000362102	3	-0.000000000144792	1.20700666666667E-04	8284.95838189239
1.75	0.000391456	3	-0.0000000001472	1.30485333333333E-04	7663.69655848933
1.8	0.000421605	3	-0.000000000150108	0.000140535	7115.66513679866
1.85	0.000452523	3	-0.000000000152397	0.000150841	6629.49728522086
1.9	0.000484218	3	-0.0000000001508	0.000161406	6195.5565468446
1.95	0.000516606	3	-0.000000000150561	0.000172202	5807.13348277024
2	0.00054971	3	-0.000000000137723	1.83236666666667E-04	5457.42300485711
2.05	0.000584724	3	-0.000000000146866	0.000194908	5130.62573111417
2.1	0.000619183	3	-0.00000000015105	2.06394333333333E-04	4845.09426130885
2.15	0.000654302	3	-0.000000000150156	2.18100666666667E-04	4585.0387130102
2.2	0.000689986	3	-0.000000000146997	2.29995333333333E-04	4347.91430550765
2.25	0.000726229	3	-0.000000000145161	2.42076333333333E-04	4130.92839861807
2.3	0.00076304	3	-0.000000000144422	2.54346666666667E-04	3931.64185363808
2.35	0.000800381	3	-0.000000000135362	2.66793666666667E-04	3748.21491264785
2.4	0.00083818	3	-0.000000000132334	2.79393333333333E-04	3579.18346894462
2.45	0.000876417	3	-0.000000000130939	0.000292139	3423.02807909933
2.5	0.00091506	3	-0.000000000278437	0.00030502	3278.47354271851
2.55	0.000954058	3	-0.000000000192153	3.18019333333333E-04	3144.46291525253
2.6	0.00099305	3	-0.000000000151801	3.31016666666667E-04	3020.99592165551
2.65	0.00103393	3	-0.000000000140524	3.44643333333333E-04	2901.55039509445
2.7	0.00107329	3	0.000000000169408	3.57763333333333E-04	2795.14390332529
2.75	0.00111249	3	0.000000000170398	0.00037083	2696.65345306475
2.8	0.00115095	3	0.000000000168419	0.00038365	2606.54242147791
2.85	0.00118814	3	0.000000000168812	3.96046666666667E-04	2524.95497163634
2.9	0.00122375	3	0.000000000166988	4.07916666666667E-04	2451.4811031665
2.95	0.0012574	3	0.000000000163507	4.19133333333333E-04	2385.8756163512
3	0.00128882	3	0.000000000154412	4.29606666666667E-04	2327.71061901584
3.05	0.00131813	3	0.000000000150943	4.39376666666667E-04	2275.95153740526
3.1	0.00134536	3	0.000000000142193	4.48453333333333E-04	2229.88642445145
3.15	0.00137069	3	0.000000000134873	4.56896666666667E-04	2188.67869467203
3.2	0.0013944	3	0.000000000117874	0.0004648	2151.46299483649
3.25	0.00141646	3	0.000000000102246	4.72153333333333E-04	2117.95603123279
3.3	0.00143708	3	8.88705E-11	4.79026666666667E-04	2087.56645419879
3.35	0.00145651	3	7.37071E-11	4.85503333333333E-04	2059.7180932503
3.4	0.00147488	3	8.01325E-11	4.91626666666667E-04	2034.0637882404
3.45	0.00149215	3	0.000000000067699	4.97383333333333E-04	2010.52173038904
3.5	0.0015085	3	0.000000000058794	5.02833333333333E-04	1988.73052701359
3.55	0.00152398	3	4.99845E-11	5.07993333333333E-04	1968.5297707319
3.6	0.00153869	3	3.96848E-11	5.12896666666667E-04	1949.7104679955
3.65	0.00155263	3	2.93016E-11	5.17543333333333E-04	1932.20535478511
3.7	0.00156601	3	1.50204E-11	5.22003333333333E-04	1915.69657920448
3.75	0.00157878	3	1.14679E-11	0.00052626	1900.20142135066
3.8	0.00159084	3	-2.67029E-12	0.00053028	1885.79618314853
3.85	0.00160251	3	-5.11408E-12	0.00053417	1872.06320085366
3.9	0.00161374	3	-1.09792E-11	5.37913333333333E-04	1859.03553236581
3.95	0.00162448	3	-2.24352E-11	5.41493333333333E-04	1846.74480449128
4	0.00163472	3	-2.70605E-11	5.44906666666667E-04	1835.17666634041
4.05	0.00164462	3	-2.65002E-11	5.48206666666667E-04	1824.1295861658
4.1	0.00165418	3	-2.98381E-11	5.51393333333333E-04	1813.58739677665
4.15	0.00166336	3	-1.76907E-11	5.54453333333333E-04	1803.5782993459
4.2	0.00167223	3	-0.000000000015986	0.00055741	1794.01158931487
4.25	0.00168077	3	-5.60284E-12	5.60256666666667E-04	1784.89620828549
4.3	0.00168906	3	1.13249E-12	0.00056302	1776.13583886896
4.35	0.00169697	3	1.78218E-11	5.65656666666667E-04	1767.85682716842
4.4	0.00170473	3	3.01242E-11	5.68243333333333E-04	1759.80947129457
4.45	0.00171215	3	5.41568E-11	5.70716666666667E-04	1752.18292789767
4.5	0.00171946	3	6.59943E-11	5.73153333333333E-04	1744.73381177812
4.55	0.00172652	3	7.89642E-11	5.75506666666667E-04	1737.59933276186
4.6	0.00173336	3	8.64744E-11	5.77786666666667E-04	1730.74260395994
4.65	0.00173998	3	9.59277E-11	5.79993333333333E-04	1724.15774893964
4.7	0.0017464	3	0.000000000108349	5.82133333333333E-04	1717.81951442968
4.75	0.00175264	3	0.000000000105584	5.84213333333333E-04	1711.70348731057
4.8	0.00175875	3	0.000000000132501	0.00058625	1705.75692963753
4.85	0.00176471	3	0.000000000157392	5.88236666666667E-04	1699.99603334259
4.9	0.00177046	3	0.000000000174332	5.90153333333333E-04	1694.474882234
4.95	0.00177608	3	0.000000000190485	5.92026666666667E-04	1689.11310301338
5	0.00178153	3	0.000000000208247	5.93843333333333E-04	1683.94582184976
5.05	0.00178688	3	0.000000000227046	5.95626666666667E-04	1678.90401146132
5.1	0.00179205	3	0.000000000228202	0.00059735	1674.06043358165
5.15	0.00179715	3	0.000000000221324	0.00059905	1669.30974042234
5.2	0.00180208	3	0.000000000224185	6.00693333333333E-04	1664.74296368641
5.25	0.00180696	3	0.000000000213575	0.00060232	1660.24704476026
5.3	0.00181162	3	0.000000000201106	6.03873333333333E-04	1655.97641889579
5.35	0.00181631	3	6.65426E-11	6.05436666666667E-04	1651.70042558814
5.4	0.00182075	3	8.46028E-11	6.06916666666667E-04	1647.67266236441
5.45	0.00182517	3	0.000000000110936	0.00060839	1643.68250628709
5.5	0.00182947	3	0.000000000110292	6.09823333333333E-04	1639.8191826048
5.55	0.0018337	3	0.000000000128555	6.11233333333333E-04	1636.03642907782
5.6	0.00183784	3	0.000000000105834	6.12613333333333E-04	1632.3510207635
5.65	0.00184182	3	0.000000000078094	0.00061394	1628.82366355018
5.7	0.00184575	3	0.000000000190437	0.00061525	1625.3555465258
5.75	0.00184962	3	4.31538E-11	0.00061654	1621.95477990074
5.8	0.00185344	3	3.53694E-11	6.17813333333333E-04	1618.61187845304
5.85	0.00185715	3	0.000000000246692	0.00061905	1615.37840239076
5.9	0.00186084	3	0.00000000025723	0.00062028	1612.17514670794
5.95	0.00186437	3	0.000000000257909	6.21456666666667E-04	1609.12265269233
6	0.00186788	3	2.33293E-11	6.22626666666667E-04	1606.0988928625
6.05	0.00187131	3	3.52025E-11	0.00062377	1603.15500905783
6.1	0.00187468	3	0.000000000055337	6.24893333333333E-04	1600.273113278
6.15	0.00187802	3	0.000000000209785	6.26006666666667E-04	1597.42707745391
6.2	0.00188116	3	0.000000000182927	6.27053333333333E-04	1594.76067958068
6.25	0.00188436	3	0.000000000157285	0.00062812	1592.05247404954
6.3	0.0018875	3	0.000000000132573	6.29166666666667E-04	1589.40397350993
6.35	0.00189056	3	0.000000000152636	6.30186666666667E-04	1586.83141503047
6.4	0.00189357	3	0.000000000148463	0.00063119	1584.30900362807
6.45	0.00189651	3	0.000000000128114	0.00063217	1581.8529825838
6.5	0.00189939	3	0.000000000118947	0.00063313	1579.45445643075
6.55	0.0019023	3	9.87649E-11	0.0006341	1577.03832203123
6.6	0.0019051	3	9.62496E-11	6.35033333333333E-04	1574.72048711354
6.65	0.00190782	3	9.40442E-11	0.00063594	1572.47539076013
6.7	0.00191048	3	0.00000000023222	6.36826666666667E-04	1570.28600142373
6.75	0.00191318	3	7.04408E-11	6.37726666666667E-04	1568.06991501061
6.8	0.00191583	3	0.000000000260711	0.00063861	1565.90094110647
6.85	0.00191835	3	0.000000000268245	0.00063945	1563.84392837595
6.9	0.00192087	3	0.000000000048089	0.00064029	1561.79231285824
6.95	0.0019234	3	0.000000000275588	6.41133333333333E-04	1559.73796402204
7	0.00192589	3	5.54681E-11	6.41963333333333E-04	1557.721365187
7.05	0.0019282	3	6.05941E-11	6.42733333333333E-04	1555.85520174256
7.1	0.00193059	3	0.000000000259888	0.00064353	1553.92910975401
7.15	0.00193298	3	8.56876E-11	6.44326666666667E-04	1552.00778073234
7.2	0.00193524	3	0.000000000245798	0.00064508	1550.1953246109
7.25	0.00193752	3	0.000000000234354	0.00064584	1548.3711135885
7.3	0.0019397	3	0.00000000013243	6.46566666666667E-04	1546.63092230757
7.35	0.0019419	3	0.000000000203264	0.0006473	1544.87872701993
7.4	0.00194411	3	0.00000000014925	6.48036666666667E-04	1543.12255993745
7.45	0.00194626	3	0.000000000189936	6.48753333333333E-04	1541.41789894464
7.5	0.00194829	3	0.000000000189376	0.00064943	1539.81183499376
7.55	0.00195039	3	0.000000000169981	0.00065013	1538.15390768
7.6	0.00195237	3	0.00000000017904	0.00065079	1536.59398577114
7.65	0.00195439	3	0.000000000185001	6.51463333333333E-04	1535.00580743864
7.7	0.00195635	3	0.000000000175107	6.52116666666667E-04	1533.4679377412
7.75	0.00195827	3	0.000000000168288	6.52756666666667E-04	1531.96443799885
7.8	0.00196028	3	0.000000000205278	6.53426666666667E-04	1530.39361723835
7.85	0.0019621	3	0.000000000153995	6.54033333333333E-04	1528.97405840681
7.9	0.00196396	3	0.000000000225008	6.54653333333333E-04	1527.52601885985
7.95	0.00196579	3	0.000000000140655	6.55263333333333E-04	1526.10400907523
8	0.00196758	3	0.000000000245702	0.00065586	1524.71564053304
8.05	0.00196945	3	0.000000000254762	6.56483333333333E-04	1523.26791743888
8.1	0.00197118	3	0.000000000115395	0.00065706	1521.9310260859
8.15	0.00197294	3	0.000000000263166	6.57646666666667E-04	1520.57335752735
8.2	0.00197464	3	0.000000000113487	6.58213333333333E-04	1519.26427095572
8.25	0.00197631	3	0.000000000274861	0.00065877	1517.98047877104
8.3	0.00197807	3	0.000000000274456	6.59356666666667E-04	1516.62984626429
8.35	0.00197972	3	0.000000000112259	6.59906666666667E-04	1515.36580930637
8.4	0.00198132	3	0.000000000278866	0.00066044	1514.14208709345
8.45	0.00198292	3	0.000000000112879	6.60973333333333E-04	1512.92033970105
8.5	0.00198446	3	0.00000000029223	6.61486666666667E-04	1511.74626850629
8.55	0.00198603	3	0.000000000114644	0.00066201	1510.55120013293
8.6	0.00198753	3	9.31859E-11	0.00066251	1509.41117869919
8.65	0.00198906	3	0.000000000290906	0.00066302	1508.25012820126
8.7	0.00199062	3	0.000000000113142	0.00066354	1507.06814962173
8.75	0.00199208	3	0.000000000305915	6.64026666666667E-04	1505.96361591904
8.8	0.00199345	3	0.000000000116706	6.64483333333333E-04	1504.92864130026
8.85	0.00199493	3	0.000000000305355	6.64976666666667E-04	1503.81216383532
8.9	0.00199629	3	0.000000000114763	0.00066543	1502.78767112995
8.95	0.0019978	3	0.000000000297785	6.65933333333333E-04	1501.6518169987
9	0.00199916	3	0.000000000117052	6.66386666666667E-04	1500.63026471118
9.05	0.00200055	3	0.00000000030371	0.00066685	1499.58761340631
9.1	0.00200186	3	0.000000000124669	6.67286666666667E-04	1498.60629614459
9.15	0.00200323	3	0.00000000029757	6.67743333333333E-04	1497.58140602926
9.2	0.00200448	3	0.000000000136328	0.00066816	1496.64750957854
9.25	0.0020058	3	0.000000000284231	0.0006686	1495.66257852229
9.3	0.00200709	3	0.000000000282025	0.00066903	1494.7012839484
9.35	0.0020083	3	0.00000000016681	6.69433333333333E-04	1493.80072698302
9.4	0.00200953	3	0.000000000271773	6.69843333333333E-04	1492.88639632153
9.45	0.0020108	3	0.00000000018841	6.70266666666667E-04	1491.94350507261
9.5	0.00201209	3	0.000000000251257	6.70696666666667E-04	1490.98698368363
9.55	0.00201329	3	0.000000000198531	6.71096666666667E-04	1490.09829681765
9.6	0.00201445	3	0.000000000242901	6.71483333333333E-04	1489.24023927126
9.65	0.00201564	3	0.000000000219905	0.00067188	1488.36101684825
9.7	0.00201691	3	0.000000000222719	6.72303333333333E-04	1487.42383150463
9.75	0.00201798	3	0.000000000228512	0.00067266	1486.63515000149
9.8	0.00201912	3	0.000000000238216	0.00067304	1485.79579222632
9.85	0.00202021	3	0.000000000219691	6.73403333333333E-04	1484.99413427317
9.9	0.00202133	3	0.000000000257075	6.73776666666667E-04	1484.17131294742
9.95	0.00202241	3	0.000000000187492	6.74136666666667E-04	1483.3787412048
10	0.00202358	3	0.000000000288868	6.74526666666667E-04	1482.52107650797
