0.000000000000000000e+00
0.000000000000000000e+00
0.000000000000000000e+00
0.000000000000000000e+00
0.000000000000000000e+00
0.000000000000000000e+00
0.000000000000000000e+00
0.000000000000000000e+00
0.000000000000000000e+00
0.000000000000000000e+00
0.000000000000000000e+00
0.000000000000000000e+00
0.000000000000000000e+00
0.000000000000000000e+00
0.000000000000000000e+00
0.000000000000000000e+00
0.000000000000000000e+00
0.000000000000000000e+00
0.000000000000000000e+00
0.000000000000000000e+00
0.000000000000000000e+00
8.018150227147378961e-03
1.437503102393713171e-02
1.951957430974839147e-02
2.374327143327380207e-02
2.724652144374442586e-02
3.017324015838386900e-02
3.263037735710152404e-02
3.469962071988274416e-02
3.644477219725767575e-02
3.791659199887568304e-02
3.915609144810988651e-02
4.019683836719175479e-02
4.106661270996969648e-02
4.178862223921166880e-02
4.238241274069542985e-02
4.286456140220639560e-02
4.324921320429082894e-02
4.354850162331857372e-02
4.377288271030295441e-02
4.393140336129342655e-02
4.403191892863630302e-02
4.408127136078025116e-02
4.408543624423538060e-02
4.404964509303275350e-02
4.397848774941016947e-02
4.387599866364893381e-02
4.374573000116552951e-02
4.359081390501295256e-02
4.341401576842216642e-02
4.321778000691871291e-02
4.300426953555176041e-02
4.277539993400632234e-02
4.253286910624197448e-02
4.227818310099722143e-02
4.201267864692990323e-02
4.173754286522696200e-02
4.145383054857543909e-02
4.116247933489054767e-02
4.086432305440366314e-02
4.056010348749747307e-02
4.025048073637696455e-02
3.993604238497188569e-02
3.961731159734755564e-02
3.929475428453337721e-02
3.896878545240087255e-02
3.863977482850979722e-02
3.830805185325918127e-02
3.797391010988447613e-02
3.763761125854665768e-02
3.729938853173010715e-02
3.695944984121054405e-02
3.661798054081273623e-02
3.627514588391637929e-02
3.593109321007664780e-02
3.558595389110855850e-02
3.523984506346417717e-02
3.489287117064108351e-02
3.454512533664058638e-02
3.419669058910224102e-02
3.384764094862639794e-02
3.349804239893307972e-02
3.314795375085427542e-02
3.279742741169707626e-02
3.244651007021952249e-02
3.209524330631209621e-02
3.174366413345719451e-02
3.139180548113024855e-02
3.103969662349793240e-02
3.068736356004685834e-02
3.033482935313250653e-02
2.998211442686053024e-02
2.962923683119614293e-02
2.927621247473168042e-02
2.892305532912346419e-02
2.856977760782887510e-02
2.821638992142982624e-02
2.786290141151299971e-02
2.750931986478698243e-02
2.715565180884712757e-02
2.680190259074750198e-02
2.644807643930125254e-02
2.609417651180340192e-02
2.574020492565010781e-02
2.538616277511212410e-02
2.503205013330541892e-02
2.467786603918404459e-02
2.432360846915766067e-02
2.396927429270435950e-02
2.361485921110434080e-02
2.326035767816002006e-02
2.290576280148658508e-02
2.255106622265084029e-02
2.219625797410062357e-02
2.184132631045570053e-02
2.148625751131852391e-02
2.113103565230289513e-02
2.077564234046191949e-02
2.042005640971602393e-02
2.006425357122698996e-02
1.970820601292350843e-02
1.935188194154617916e-02
1.899524505962911156e-02
1.863825396875650603e-02
1.828086148920567144e-02
1.792301388469188725e-02
1.756464997934017655e-02
1.720570015219554522e-02
1.684608519251335965e-02
1.648571499670724652e-02
1.612448708512738763e-02
1.576228491374668042e-02
1.539897595228386512e-02
1.503440949622101251e-02
1.466841417549365201e-02
1.430079511724639124e-02
1.393133071383845234e-02
1.355976894011294911e-02
1.318582315564447924e-02
1.280916731805298650e-02
1.242943052227657788e-02
1.204619076764192921e-02
1.165896783930180959e-02
1.126721517269177637e-02
1.087031054855543827e-02
1.046754544113702445e-02
1.005811281251389397e-02
9.641093110702205968e-03
9.215438186806550538e-03
8.779952795435431653e-03
8.333273280740219682e-03
7.873842975015721626e-03
7.399883744270841467e-03
6.909363000895050490e-03
6.399955361395172175e-03
5.868997949044012577e-03
5.313438116305418610e-03
4.729772075413358860e-03
4.113972557490609694e-03
3.461403143564997179e-03
2.766716286458830408e-03
2.023731216843645871e-03
1.225286822873244714e-03
3.630630996658058851e-04
-5.726372802510456498e-04
-1.593158563818228551e-03
-2.711827970246994280e-03
-3.944379214963695743e-03
-5.309492862435156134e-03
-6.829495255167924647e-03
-8.531276562238409439e-03
-1.044751769051099205e-02
-1.261836238572366410e-02
-1.509374743201889052e-02
-1.793673412542966944e-02
-2.122841464305315687e-02
-2.507539357620968898e-02
-2.962167820213047059e-02
-3.506854602185900671e-02
-4.170986230983331905e-02
-5.000000000000000278e-02
-5.000000000000000278e-02
-5.000000000000000278e-02
-5.000000000000000278e-02
-5.000000000000000278e-02
-5.000000000000000278e-02
-5.000000000000000278e-02
-5.000000000000000278e-02
-5.000000000000000278e-02
-5.000000000000000278e-02
-5.000000000000000278e-02
-5.000000000000000278e-02
-5.000000000000000278e-02
-5.000000000000000278e-02
-5.000000000000000278e-02
-5.000000000000000278e-02
-5.000000000000000278e-02
-5.000000000000000278e-02
-5.000000000000000278e-02
-5.000000000000000278e-02
-5.000000000000000278e-02
