7.389056098930649088e+18
7.389056098930649088e+18
7.389056098930649088e+18
7.389056098930649088e+18
7.389056098930649088e+18
7.389056098930649088e+18
7.389056098930649088e+18
7.389056098930649088e+18
7.389056098930649088e+18
7.389056098930649088e+18
7.389056098930649088e+18
7.389056098930649088e+18
7.389056098930649088e+18
7.389056098930649088e+18
7.389056098930649088e+18
7.389056098930649088e+18
7.389056098930649088e+18
7.389056098930649088e+18
7.389056098930649088e+18
7.389056098930649088e+18
7.389056098930649088e+18
5.406762521861519360e+18
4.215904301302237696e+18
3.442680447363244544e+18
2.911092371434989568e+18
2.529334410573308416e+18
2.245634323298934528e+18
2.028945687093884160e+18
1.859701589850901760e+18
1.725052636453340672e+18
1.616264043731772416e+18
1.527220437127936256e+18
1.453530006225189632e+18
1.391967987432166656e+18
1.340119903443086336e+18
1.296146464059846144e+18
1.258624813589455104e+18
1.226438975023985664e+18
1.198702754953308672e+18
1.174704526540521472e+18
1.153867043777454848e+18
1.135717764521007872e+18
1.119866638258523648e+18
1.105989274138025472e+18
1.093814039217483008e+18
1.083112063487824000e+18
1.073689419591456384e+18
1.065380947048737792e+18
1.058045332576035712e+18
1.051561158874661248e+18
1.045823706764489728e+18
1.040742348239987712e+18
1.036238406729837568e+18
1.032243389532819712e+18
1.028697518861334016e+18
1.025548504107507328e+18
1.022750510248737152e+18
1.020263286730698368e+18
1.018051428432215168e+18
1.016083745958865792e+18
1.014332726922063232e+18
1.012774073328285952e+18
1.011386302946774272e+18
1.010150404707153536e+18
1.009049539925312512e+18
1.008068782561396736e+18
1.007194892850528384e+18
1.006416119571135232e+18
1.005722026971009920e+18
1.005103342991415680e+18
1.004551825941313536e+18
1.004060147198076032e+18
1.003621787864397824e+18
1.003230947606748160e+18
1.002882464149049088e+18
1.002571742104862592e+18
1.002294690008862976e+18
1.002047664559338880e+18
1.001827421212382976e+18
1.001631070378726528e+18
1.001456038569164032e+18
1.001300033916282368e+18
1.001161015571018240e+18
1.001037166533970816e+18
1.000926869534852992e+18
1.000828685620087808e+18
1.000741335149342592e+18
1.000663680937597312e+18
1.000594713310803456e+18
1.000533536870987776e+18
1.000479358791175808e+18
1.000431478482354560e+18
1.000389278494072064e+18
1.000352216527630336e+18
1.000319818456423808e+18
1.000291672262012160e+18
1.000267422807296640e+18
1.000246767379839872e+18
1.000229451949106048e+18
1.000215268091425024e+18
1.000204050545876480e+18
1.000195675373251840e+18
1.000190058698866688e+18
1.000187156028469376e+18
1.000186962134847488e+18
1.000189511521202944e+18
1.000194879476016128e+18
1.000203183743121280e+18
1.000214586840154112e+18
1.000229299068675072e+18
1.000247582270135680e+18
1.000269754393732096e+18
1.000296194955264512e+18
1.000327351480525952e+18
1.000363747042856576e+18
1.000405989022524160e+18
1.000454779235834752e+18
1.000510925604766592e+18
1.000575355563839232e+18
1.000649131430335616e+18
1.000733467997524480e+18
1.000829752648740352e+18
1.000939568333920384e+18
1.001064719800278656e+18
1.001207263526339712e+18
1.001369541874729344e+18
1.001554222055439232e+18
1.001764340579467136e+18
1.002003353984891648e+18
1.002275196736044416e+18
1.002584347334573824e+18
1.002935903842499072e+18
1.003335670206288768e+18
1.003790254993130880e+18
1.004307184412555392e+18
1.004895031806895488e+18
1.005563566163086336e+18
1.006323922639001344e+18
1.007188798626408448e+18
1.008172679510231808e+18
1.009292099056569856e+18
1.010565940303300480e+18
1.012015783980311040e+18
1.013666312907054848e+18
1.015545782575480064e+18
1.017686570320873728e+18
1.020125818235619328e+18
1.022906188455131008e+18
1.026076753859164032e+18
1.029694052876798848e+18
1.033823344353092608e+18
1.038540107863723136e+18
1.043931847182446080e+18
1.050100270824678528e+18
1.057163945115873280e+18
1.065261544043917952e+18
1.074555859061052288e+18
1.085238785038445056e+18
1.097537571607584384e+18
1.111722730767434240e+18
1.128118134739454336e+18
1.147114042024869248e+18
1.169184084242234112e+18
1.194907678045659904e+18
1.224999968970747392e+18
1.260352386705997312e+18
1.302088391065557760e+18
1.351641347724136448e+18
1.410865269078291456e+18
1.482195414442710528e+18
1.568886347028761344e+18
1.675373561922945024e+18
1.807838257534453760e+18
1.975117659319810048e+18
2.190226636148325120e+18
2.473011059694597632e+18
2.855011631721118208e+18
3.388929930810444800e+18
4.168450973388915712e+18
5.373742288676712448e+18
7.389056098930647040e+18
7.389056098930647040e+18
7.389056098930647040e+18
7.389056098930647040e+18
7.389056098930647040e+18
7.389056098930647040e+18
7.389056098930647040e+18
7.389056098930647040e+18
7.389056098930647040e+18
7.389056098930647040e+18
7.389056098930647040e+18
7.389056098930647040e+18
7.389056098930647040e+18
7.389056098930647040e+18
7.389056098930647040e+18
7.389056098930647040e+18
7.389056098930647040e+18
7.389056098930647040e+18
7.389056098930647040e+18
7.389056098930647040e+18
7.389056098930647040e+18
