7.822429759460651152e-03
7.822429759460651152e-03
7.822429759460651152e-03
7.822429759460651152e-03
7.822429759460651152e-03
7.822429759460651152e-03
7.822429759460651152e-03
7.822429759460651152e-03
7.822429759460651152e-03
7.822429759460651152e-03
7.822429759460651152e-03
7.822429759460651152e-03
7.822429759460651152e-03
7.822429759460651152e-03
7.822429759460651152e-03
7.822429759460651152e-03
7.822429759460651152e-03
7.822429759460651152e-03
7.822429759460651152e-03
7.822429759460651152e-03
7.822429759460651152e-03
7.879139025626247933e-03
7.953883590985559235e-03
8.047310778711683904e-03
8.159562030846398764e-03
8.290384680895679717e-03
8.439230778657295581e-03
8.605340941077397818e-03
8.787813297224861264e-03
8.985658709481196549e-03
9.197843958433454814e-03
9.423324721041292928e-03
9.661070109621810661e-03
9.910080373531672537e-03
1.016939915731487724e-02
1.043812149406705102e-02
1.071539851008174692e-02
1.100043963567992264e-02
1.129251296070219943e-02
1.159094424132293792e-02
1.189511495573804256e-02
1.220445971722636247e-02
1.251846328122502815e-02
1.283665732563188736e-02
1.315861713805059792e-02
1.348395830793940389e-02
1.381233349375047929e-02
1.414342931359635798e-02
1.447696339146816065e-02
1.481268157850804817e-02
1.515035535945630403e-02
1.548977944746801443e-02
1.583076956547970274e-02
1.617316040876738692e-02
1.651680378093049739e-02
1.686156689398965805e-02
1.720733082238751904e-02
1.755398910026470874e-02
1.790144645131765480e-02
1.824961764073253570e-02
1.859842643905228882e-02
1.894780468831366513e-02
1.929769146134407282e-02
1.964803230570043649e-02
1.999877856433990644e-02
2.034988676571798313e-02
2.070131807659947656e-02
2.105303781143490899e-02
2.140501499269220620e-02
2.175722195703870543e-02
2.210963400273921117e-02
2.246222907407202998e-02
2.281498747896672230e-02
2.316789163643623306e-02
2.352092585071314038e-02
2.387407610930696381e-02
2.422732990247870519e-02
2.458067606188201956e-02
2.493410461634929312e-02
2.528760666300796170e-02
2.564117425209894857e-02
2.599480028403689663e-02
2.634847841740309282e-02
2.670220298669754785e-02
2.705596892879844409e-02
2.740977171718601835e-02
2.776360730308572583e-02
2.811747206277258326e-02
2.847136275035647146e-02
2.882527645543748324e-02
2.917921056508221422e-02
2.953316272962646857e-02
2.988713083185865621e-02
3.024111295918060008e-02
3.059510737838022285e-02
3.094911251268363597e-02
3.130312692078233983e-02
3.165714927755596680e-02
3.201117835623195490e-02
3.236521301174046655e-02
3.271925216503759198e-02
3.307329478818007984e-02
3.342733988994361222e-02
3.378138650178100222e-02
3.413543366391938449e-02
3.448948041139431736e-02
3.484352575981530808e-02
3.519756869065024385e-02
3.555160813580651724e-02
3.590564296127311122e-02
3.625967194957103318e-02
3.661369378073869169e-02
3.696770701155348282e-02
3.732171005266134850e-02
3.767570114325089620e-02
3.802967832286802130e-02
3.838363939991987217e-02
3.873758191636289538e-02
3.909150310800739436e-02
3.944539985979983454e-02
3.979926865536313751e-02
4.015310551998235722e-02
4.050690595611827760e-02
4.086066487041168510e-02
4.121437649100568451e-02
4.156803427385991762e-02
4.192163079655655822e-02
4.227515763790198888e-02
4.262860524140604790e-02
4.298196276047090009e-02
4.333521788284051823e-02
4.368835663154518184e-02
4.404136313922080159e-02
4.439421939228567482e-02
4.474690494101342397e-02
4.509939657104675148e-02
4.545166793134707006e-02
4.580368911296864298e-02
4.615542617237599482e-02
4.650684059229123063e-02
4.685788867225935961e-02
4.720852084025906059e-02
4.755868087576445996e-02
4.790830503369089555e-02
4.825732105764709429e-02
4.860564706988865918e-02
4.895319032435523077e-02
4.929984580822037443e-02
4.964549467655089698e-02
4.999000250404562334e-02
5.033321733751590366e-02
5.067496753293110334e-02
5.101505936167915339e-02
5.135327437244016635e-02
5.168936649806697009e-02
5.202305890152807838e-02
5.235404056181944960e-02
5.268196261044430506e-02
5.300643444239964974e-02
5.332701964356837548e-02
5.364323180016197096e-02
5.395453028675794432e-02
5.426031616908943284e-02
5.455992840780429787e-02
5.485264061175249006e-02
5.513765866580173924e-02
5.541411965032065623e-02
5.568109257837011022e-02
5.593758160237659316e-02
5.618253248303536201e-02
5.641484326526167298e-02
5.663338026126665120e-02
5.683700058607314698e-02
5.702458260554290476e-02
5.719506571114821303e-02
5.734750078656603717e-02
5.748111251964109492e-02
5.759537425892315154e-02
5.769009530742782305e-02
5.776551923569662322e-02
5.782242975946065566e-02
5.782242975946065566e-02
5.782242975946065566e-02
5.782242975946065566e-02
5.782242975946065566e-02
5.782242975946065566e-02
5.782242975946065566e-02
5.782242975946065566e-02
5.782242975946065566e-02
5.782242975946065566e-02
5.782242975946065566e-02
5.782242975946065566e-02
5.782242975946065566e-02
5.782242975946065566e-02
5.782242975946065566e-02
5.782242975946065566e-02
5.782242975946065566e-02
5.782242975946065566e-02
5.782242975946065566e-02
5.782242975946065566e-02
5.782242975946065566e-02
