0.000000000000000000e+00
0.000000000000000000e+00
0.000000000000000000e+00
0.000000000000000000e+00
0.000000000000000000e+00
0.000000000000000000e+00
0.000000000000000000e+00
0.000000000000000000e+00
0.000000000000000000e+00
0.000000000000000000e+00
0.000000000000000000e+00
0.000000000000000000e+00
0.000000000000000000e+00
0.000000000000000000e+00
0.000000000000000000e+00
0.000000000000000000e+00
0.000000000000000000e+00
0.000000000000000000e+00
0.000000000000000000e+00
0.000000000000000000e+00
1.342713577847321621e-02
2.277460919033833311e-02
2.271873704683128117e-02
2.268954943125729012e-02
2.267434282001416779e-02
2.266681916059416074e-02
2.266364046784764483e-02
2.266294863009843744e-02
2.266367156119842782e-02
2.266517487057248190e-02
2.266707711898002103e-02
2.266914737020047504e-02
2.267124626925623790e-02
2.267329112332526833e-02
2.267523469160338118e-02
2.267705204061997576e-02
2.267873226561371858e-02
2.268027321106248079e-02
2.268167807344103823e-02
2.268295320333605161e-02
2.268410668147793213e-02
2.268514739926597718e-02
2.268608447072838555e-02
2.268692686338320483e-02
2.268768317406954713e-02
2.268836150074846070e-02
2.268896937756623156e-02
2.268951375124112976e-02
2.269000098399858931e-02
2.269043687309479918e-02
2.269082668022001301e-02
2.269117516628192666e-02
2.269148662857779775e-02
2.269176493838873446e-02
2.269201357773829864e-02
2.269223567453394416e-02
2.269243403564371805e-02
2.269261117767710709e-02
2.269276935538783180e-02
2.269291058771567143e-02
2.269303668154366155e-02
2.269314925328791421e-02
2.269324974845832524e-02
2.269333945933242613e-02
2.269341954089589344e-02
2.269349102519626141e-02
2.269355483424597211e-02
2.269361179161329123e-02
2.269366263282043480e-02
2.269370801466730203e-02
2.269374852358552880e-02
2.269378468311711652e-02
2.269381696060802228e-02
2.269384577319744425e-02
2.269387149317200411e-02
2.269389445275214745e-02
2.269391494837102313e-02
2.269393324449517704e-02
2.269394957703584764e-02
2.269396415639788819e-02
2.269397717019929275e-02
2.269398878569615224e-02
2.269399915194728404e-02
2.269400840174412223e-02
2.269401665332879819e-02
2.269402401192419094e-02
2.269403057109662530e-02
2.269403641396661869e-02
2.269404161428228636e-02
2.269404623737194746e-02
2.269405034098607304e-02
2.269405397604000452e-02
2.269405718726953680e-02
2.269406001379923807e-02
2.269406248964147069e-02
2.269406464412721328e-02
2.269406650226975242e-02
2.269406808507516693e-02
2.269406940979538587e-02
2.269407049013183811e-02
2.269407133638780619e-02
2.269407195557339441e-02
2.269407235146484944e-02
2.269407252461552033e-02
2.269407247232156644e-02
2.269407218853902730e-02
2.269407166374904500e-02
2.269407088477196771e-02
2.269406983452582072e-02
2.269406849172172017e-02
2.269406683049722540e-02
2.269406481997383179e-02
2.269406242373613741e-02
2.269405959922651470e-02
2.269405629703694083e-02
2.269405246009326832e-02
2.269404802271658694e-02
2.269404290954627965e-02
2.269403703430716152e-02
2.269403029840266067e-02
2.269402258930844352e-02
2.269401377874223288e-02
2.269400372058407236e-02
2.269399224850770017e-02
2.269397917329316408e-02
2.269396427977139752e-02
2.269394732335861323e-02
2.269392802612808790e-02
2.269390607235262369e-02
2.269388110346026027e-02
2.269385271232153903e-02
2.269382043678420599e-02
2.269378375236629636e-02
2.269374206400272265e-02
2.269369469673381337e-02
2.269364088520027176e-02
2.269357976182150016e-02
2.269351034350414534e-02
2.269343151671971565e-02
2.269334202078527110e-02
2.269324042917190629e-02
2.269312512867057915e-02
2.269299429622750539e-02
2.269284587329925551e-02
2.269267753758478015e-02
2.269248667203405123e-02
2.269227033111248862e-02
2.269202520438703616e-02
2.269174757765509559e-02
2.269143329205048146e-02
2.269107770186100381e-02
2.269067563221332032e-02
2.269022133838226318e-02
2.268970846929455748e-02
2.268913003893469060e-02
2.268847841097102261e-02
2.268774530410064619e-02
2.268692182870974544e-02
2.268599856981061771e-02
2.268496573733432692e-02
2.268381341367621887e-02
2.268253194110439117e-02
2.268111251023702257e-02
2.267954803841576786e-02
2.267783446846843853e-02
2.267597268232491789e-02
2.267397132408211294e-02
2.267185098726526640e-02
2.266965048298852023e-02
2.266743634522978834e-02
2.266531748706721375e-02
2.266346826775624684e-02
2.266216570328011617e-02
2.266185126978821629e-02
2.266323714139706347e-02
2.266749635557812823e-02
2.267661997546020769e-02
2.269412784970867639e-02
2.272658697079215848e-02
2.278715716516576534e-02
1.347478783400876505e-02
0.000000000000000000e+00
0.000000000000000000e+00
0.000000000000000000e+00
0.000000000000000000e+00
0.000000000000000000e+00
0.000000000000000000e+00
0.000000000000000000e+00
0.000000000000000000e+00
0.000000000000000000e+00
0.000000000000000000e+00
0.000000000000000000e+00
0.000000000000000000e+00
0.000000000000000000e+00
0.000000000000000000e+00
0.000000000000000000e+00
0.000000000000000000e+00
0.000000000000000000e+00
0.000000000000000000e+00
0.000000000000000000e+00
0.000000000000000000e+00
