0.000000000000000000e+00
0.000000000000000000e+00
0.000000000000000000e+00
0.000000000000000000e+00
0.000000000000000000e+00
0.000000000000000000e+00
0.000000000000000000e+00
0.000000000000000000e+00
0.000000000000000000e+00
0.000000000000000000e+00
0.000000000000000000e+00
0.000000000000000000e+00
0.000000000000000000e+00
0.000000000000000000e+00
0.000000000000000000e+00
0.000000000000000000e+00
0.000000000000000000e+00
0.000000000000000000e+00
0.000000000000000000e+00
0.000000000000000000e+00
0.000000000000000000e+00
7.060411944113440530e-01
5.152446728726540748e-01
3.913605537094057008e-01
3.061907542928788972e-01
2.450263858192717192e-01
1.995726207297954524e-01
1.648552737516896516e-01
1.377393799471766378e-01
1.161662392545639022e-01
9.873638512413998591e-02
8.447002653336455058e-02
7.266351787918733096e-02
6.280019507398230949e-02
5.449321620548490397e-02
4.744789449584062291e-02
4.143626333056306399e-02
3.627952348103394287e-02
3.183569110976188637e-02
2.799075102772563550e-02
2.465221822828932499e-02
2.174438311342730135e-02
1.920475270139370208e-02
1.698135384785648752e-02
1.503066615754109110e-02
1.331602061237161481e-02
1.180634662424532438e-02
1.047518256702789467e-02
9.299887556608344222e-03
8.261008397094397535e-03
7.341767226133317711e-03
6.527643836439933449e-03
5.806032851593409538e-03
5.165960531044391443e-03
4.597849417340364730e-03
4.093321631470126648e-03
3.645033593210418935e-03
3.246536452796717175e-03
2.892157684441839377e-03
2.576900196248669683e-03
2.296356017603244648e-03
2.046632180758236122e-03
1.824286852896708387e-03
1.626274124744500789e-03
1.449896141678581191e-03
1.292761488469652007e-03
1.152748920925022970e-03
1.027975685782296818e-03
9.167697912069888190e-04
8.176456896133864512e-04
7.292829165207602611e-04
6.505072971357987515e-04
5.802743889642953236e-04
5.176548761210122062e-04
4.618216707949141984e-04
4.120385109084822293e-04
3.676498714473512954e-04
3.280720311242659782e-04
2.927851566955955143e-04
2.613262849205173397e-04
2.332830973717404813e-04
2.082883964075121980e-04
1.860152019595591704e-04
1.661723986294808453e-04
1.485008711507912384e-04
1.327700737436486838e-04
1.187749854239601217e-04
1.063334090649625265e-04
9.528357704980769285e-05
8.548203080740871332e-05
7.680174545243648578e-05
6.913047425022573035e-05
6.236929073209684297e-05
5.643130906779397012e-05
5.124056580041723733e-05
4.673104829818085421e-05
4.284585732493612791e-05
3.953649300128455344e-05
3.676225514834673028e-05
3.448975061269491906e-05
3.269250167582413109e-05
3.135065108733266508e-05
3.045076064126497876e-05
2.998570157258729886e-05
2.995463638954024192e-05
3.036309311451524431e-05
3.122313429192036661e-05
3.255362456375730481e-05
3.438060212588111664e-05
3.673776100291616418e-05
3.966705282040625016e-05
4.321941865564002269e-05
4.745566364334763827e-05
5.244748932039862719e-05
5.827870127514026650e-05
6.504661255487088152e-05
7.286366652828151196e-05
8.185930656693526605e-05
9.218212406251127399e-05
1.040023210078722728e-04
1.175145287420491675e-04
1.329410305811401321e-04
1.505354430653548664e-04
1.705869185763609134e-04
1.934249412981929931e-04
2.194247990975909865e-04
2.490138261272190111e-04
2.826785250840265179e-04
3.209726944224186996e-04
3.645267048243428778e-04
4.140580913594361012e-04
4.703836536122828942e-04
5.344332863245823814e-04
6.072657986896125553e-04
6.900870224125265143e-04
7.842705583694750031e-04
8.913815708209960574e-04
1.013204108743157028e-03
1.151772518576290975e-03
1.309407614846396515e-03
1.488758398924966593e-03
1.692850267018690012e-03
1.925140833244586274e-03
2.189584721261589144e-03
2.490708959967849901e-03
2.833700970370176767e-03
3.224511571724038989e-03
3.669975991681145421e-03
4.177956572372193943e-03
4.757511768796758751e-03
5.419097200626082043e-03
6.174806029109685714e-03
7.038657904417384113e-03
8.026948327237184294e-03
9.158673717191059133e-03
1.045605209659272034e-02
1.194516553154151457e-02
1.365675896991454599e-02
1.562724181667735079e-02
1.789995487222559994e-02
2.052678818712173892e-02
2.357026806655395518e-02
2.710627866175950584e-02
3.122765275519510594e-02
3.604896929356565111e-02
4.171305105864810819e-02
4.839989615678910034e-02
5.633915508718804338e-02
6.582787338393612797e-02
7.725622260420568488e-02
9.114564126110967501e-02
1.082067740134294576e-01
1.294299580272976202e-01
1.562310729162971756e-01
1.906953305601266080e-01
2.360023901466263285e-01
2.972056292141788680e-01
3.827487715407731361e-01
5.076418115538275933e-01
7.007507698055510659e-01
0.000000000000000000e+00
0.000000000000000000e+00
0.000000000000000000e+00
0.000000000000000000e+00
0.000000000000000000e+00
0.000000000000000000e+00
0.000000000000000000e+00
0.000000000000000000e+00
0.000000000000000000e+00
0.000000000000000000e+00
0.000000000000000000e+00
0.000000000000000000e+00
0.000000000000000000e+00
0.000000000000000000e+00
0.000000000000000000e+00
0.000000000000000000e+00
0.000000000000000000e+00
0.000000000000000000e+00
0.000000000000000000e+00
0.000000000000000000e+00
0.000000000000000000e+00
