0.000000000000000000e+00
0.000000000000000000e+00
0.000000000000000000e+00
0.000000000000000000e+00
0.000000000000000000e+00
0.000000000000000000e+00
0.000000000000000000e+00
0.000000000000000000e+00
0.000000000000000000e+00
0.000000000000000000e+00
0.000000000000000000e+00
0.000000000000000000e+00
0.000000000000000000e+00
0.000000000000000000e+00
0.000000000000000000e+00
0.000000000000000000e+00
0.000000000000000000e+00
0.000000000000000000e+00
0.000000000000000000e+00
0.000000000000000000e+00
0.000000000000000000e+00
2.326193802481792876e-04
4.588846309000357252e-04
6.789152861544237114e-04
8.928270843470604862e-04
1.100732111141155840e-03
1.302738935611148135e-03
1.498952739633231841e-03
1.689475440968262951e-03
1.874405810396652773e-03
2.053839583240885287e-03
2.227869565589110645e-03
2.396585735512752821e-03
2.560075339552052472e-03
2.718422984725869275e-03
2.871710726305710427e-03
3.020018151578803944e-03
3.163422459810959209e-03
3.301998538606833612e-03
3.435819036853102280e-03
3.564954434418642071e-03
3.689473108775333764e-03
3.809441398693215377e-03
3.924923665154563673e-03
4.035982349622928289e-03
4.142678029795118094e-03
4.245069472956714343e-03
4.343213687054666913e-03
4.437165969593998699e-03
4.526979954459583837e-03
4.612707656758101640e-03
4.694399515770101249e-03
4.772104436096844503e-03
4.845869827082086023e-03
4.915741640584348100e-03
4.981764407171174018e-03
5.043981270802877850e-03
5.102434022069651971e-03
5.157163130042405862e-03
5.208207772794438972e-03
5.255605866647984278e-03
5.299394094196738757e-03
5.339607931152798651e-03
5.376281672063747651e-03
5.409448454943292968e-03
5.439140284856483314e-03
5.465388056498359654e-03
5.488221575802833957e-03
5.507669580616633524e-03
5.523759760471271506e-03
5.536518775484251288e-03
5.545972274419055763e-03
5.552144911931853125e-03
5.555060365031367665e-03
5.554741348776890374e-03
5.551209631238074489e-03
5.544486047738827160e-03
5.534590514406381029e-03
5.521542041045402263e-03
5.505358743355911674e-03
5.486057854512641982e-03
5.463655736122466355e-03
5.438167888575489925e-03
5.409608960804453137e-03
5.377992759466184228e-03
5.343332257557905675e-03
5.305639602480380704e-03
5.264926123559032431e-03
5.221202339033395416e-03
5.174477962524424123e-03
5.124761908988498434e-03
5.072062300166180551e-03
5.016386469533102785e-03
4.957740966759599868e-03
4.896131561685138252e-03
4.831563247812809860e-03
4.764040245328561921e-03
4.693566003649194372e-03
4.620143203502484128e-03
4.543773758542217836e-03
4.464458816500267713e-03
4.382198759877222252e-03
4.296993206172492093e-03
4.208841007654209355e-03
4.117740250668583055e-03
4.023688254487838879e-03
3.926681569695179494e-03
3.826715976104652465e-03
3.723786480213166303e-03
3.617887312181252389e-03
3.509011922338569050e-03
3.397152977209491349e-03
3.282302355053455783e-03
3.164451140914080300e-03
3.043589621170410871e-03
2.919707277582915973e-03
2.792792780826168150e-03
2.662833983499406348e-03
2.529817912605410255e-03
2.393730761487351637e-03
2.254557881212486143e-03
2.112283771390709945e-03
1.966892070415151173e-03
1.818365545111080145e-03
1.666686079778473663e-03
1.511834664612661224e-03
1.353791383486412569e-03
1.192535401075817082e-03
1.028044949311222173e-03
8.602973131333375035e-04
6.892688155334417100e-04
5.149348018553647540e-04
3.372696233356226600e-04
1.562466198567100356e-04
-2.816189811288466707e-05
-2.159846684198895174e-04
-4.072514969982188597e-04
-6.019932785429123624e-04
-8.002420181190202271e-04
-1.002030853740252213e-03
-1.207394079954189842e-03
-1.416367172472926105e-03
-1.628986813890162533e-03
-1.845290920528131233e-03
-2.065318670460130138e-03
-2.289110532757068078e-03
-2.516708298009141115e-03
-2.748155110176661153e-03
-2.983495499827173644e-03
-3.222775418819202181e-03
-3.466042276496498348e-03
-3.713344977460329623e-03
-3.964733960991237774e-03
-4.220261242195914690e-03
-4.479980454959221065e-03
-4.743946896786189332e-03
-5.012217575623765034e-03
-5.284851258757528557e-03
-5.561908523884289204e-03
-5.843451812467596179e-03
-6.129545485489725810e-03
-6.420255881720720453e-03
-6.715651378632460020e-03
-7.015802456093824836e-03
-7.320781762991488729e-03
-7.630664186930107354e-03
-7.945526927175487059e-03
-8.265449571014842414e-03
-8.590514173719672811e-03
-8.920805342308830987e-03
-9.256410323322604439e-03
-9.597419094832361844e-03
-9.943924462926252705e-03
-1.029602216292676425e-02
-1.065381096561430346e-02
-1.101739278874974172e-02
-1.138687281420926525e-02
-1.176235961106730440e-02
-1.214396526498705796e-02
-1.253180551430425720e-02
-1.292599989321776242e-02
-1.292599989321776242e-02
-1.292599989321776242e-02
-1.292599989321776242e-02
-1.292599989321776242e-02
-1.292599989321776242e-02
-1.292599989321776242e-02
-1.292599989321776242e-02
-1.292599989321776242e-02
-1.292599989321776242e-02
-1.292599989321776242e-02
-1.292599989321776242e-02
-1.292599989321776242e-02
-1.292599989321776242e-02
-1.292599989321776242e-02
-1.292599989321776242e-02
-1.292599989321776242e-02
-1.292599989321776242e-02
-1.292599989321776242e-02
-1.292599989321776242e-02
-1.292599989321776242e-02
