-1.602176633999999877e-01
-1.602176633999999877e-01
-1.602176633999999877e-01
-1.602176633999999877e-01
-1.602176633999999877e-01
-1.602176633999999877e-01
-1.602176633999999877e-01
-1.602176633999999877e-01
-1.602176633999999877e-01
-1.602176633999999877e-01
-1.602176633999999877e-01
-1.602176633999999877e-01
-1.602176633999999877e-01
-1.602176633999999877e-01
-1.602176633999999877e-01
-1.602176633999999877e-01
-1.602176633999999877e-01
-1.602176633999999877e-01
-1.602176633999999877e-01
-1.602176633999999877e-01
2.752990996183877770e-01
2.700511529252367926e-01
2.649709373387291178e-01
2.600520463209384792e-01
2.552883942554934338e-01
2.506741975699092739e-01
2.462039571535004079e-01
2.418724419703627282e-01
2.376746737756171013e-01
2.336059128509847260e-01
2.296616446828976810e-01
2.258375675128066751e-01
2.221295806952228724e-01
2.185337738043515721e-01
2.150464164350198160e-01
2.116639486480102195e-01
2.083829720139186437e-01
2.052002412133193954e-01
2.021126561543525879e-01
1.991172545718957465e-01
1.962112050752689296e-01
1.933918006139648538e-01
1.906564523332268946e-01
1.880026837934358208e-01
1.854281255292167252e-01
1.829305099259802281e-01
1.805076663932538017e-01
1.781575168156783739e-01
1.758780712639362309e-01
1.736674239491557692e-01
1.715237494055240619e-01
1.694452988869175614e-01
1.674303969643727574e-01
1.654774383121359327e-01
1.635848846708914117e-01
1.617512619775527405e-01
1.599751576517347285e-01
1.582552180296974420e-01
1.565901459371792093e-01
1.549786983931149553e-01
1.534196844367745061e-01
1.519119630713521851e-01
1.504544413175026574e-01
1.490460723707481838e-01
1.476858538570808566e-01
1.463728261814563614e-01
1.451060709642214563e-01
1.438847095608392634e-01
1.427079016605768691e-01
1.415748439601026698e-01
1.404847689081975270e-01
1.394369435180345673e-01
1.384306682437050073e-01
1.374652759178875139e-01
1.365401307477526194e-01
1.356546273663881141e-01
1.348081899372016723e-01
1.340002713089276376e-01
1.332303522190166345e-01
1.324979405433356072e-01
1.318025705902433897e-01
1.311438024372360844e-01
1.305212213084812889e-01
1.299344369916754505e-01
1.293830832927681529e-01
1.288668175272040806e-01
1.283853200464296906e-01
1.279382937985086566e-01
1.275254639217787977e-01
1.271465773705694191e-01
1.268014025720818616e-01
1.264897291136124757e-01
1.262113674593765278e-01
1.259661486962616317e-01
1.257539243079130453e-01
1.255745659766194788e-01
1.254279654125371735e-01
1.253140342098522375e-01
1.252327037295480616e-01
1.251839250085047539e-01
1.251676686947201245e-01
1.251839250085022004e-01
1.252327037295430934e-01
1.253140342098446602e-01
1.254279654125271537e-01
1.255745659766068778e-01
1.257539243078978075e-01
1.259661486962438681e-01
1.262113674593561552e-01
1.264897291135895496e-01
1.268014025720563820e-01
1.271465773705415248e-01
1.275254639217484609e-01
1.279382937984759605e-01
1.283853200463946631e-01
1.288668175271667216e-01
1.293830832927285457e-01
1.299344369916336228e-01
1.305212213084372130e-01
1.311438024371898159e-01
1.318025705901950118e-01
1.324979405432850921e-01
1.332303522189640377e-01
1.340002713088729314e-01
1.348081899371448567e-01
1.356546273663292446e-01
1.365401307476918902e-01
1.374652759178248973e-01
1.384306682436405034e-01
1.394369435179682037e-01
1.404847689081295259e-01
1.415748439600328368e-01
1.427079016605054818e-01
1.438847095607663218e-01
1.451060709641470992e-01
1.463728261813804221e-01
1.476858538570035850e-01
1.490460723706697743e-01
1.504544413174231376e-01
1.519119630712715829e-01
1.534196844366931267e-01
1.549786983930327988e-01
1.565901459370963589e-01
1.582552180296141198e-01
1.599751576516509344e-01
1.617512619774686411e-01
1.635848846708072291e-01
1.654774383120516668e-01
1.674303969642885470e-01
1.694452988868336840e-01
1.715237494054406564e-01
1.736674239490730298e-01
1.758780712638541299e-01
1.781575168155973832e-01
1.805076663931739489e-01
1.829305099259018741e-01
1.854281255291399533e-01
1.880026837933607975e-01
1.906564523331539807e-01
1.933918006138942436e-01
1.962112050752006509e-01
1.991172545718301323e-01
2.021126561542899158e-01
2.052002412132599984e-01
2.083829720138627717e-01
2.116639486479582888e-01
2.150464164349720764e-01
2.185337738043077738e-01
2.221295806951832652e-01
2.258375675127711757e-01
2.296616446828667613e-01
2.336059128509580807e-01
2.376746737755942862e-01
2.418724419703438544e-01
2.462039571534849758e-01
2.506741975698971170e-01
2.552883942554846630e-01
2.600520463209325395e-01
2.649709373387253430e-01
2.700511529252350162e-01
2.752990996183877770e-01
-1.602176633999999877e-01
-1.602176633999999877e-01
-1.602176633999999877e-01
-1.602176633999999877e-01
-1.602176633999999877e-01
-1.602176633999999877e-01
-1.602176633999999877e-01
-1.602176633999999877e-01
-1.602176633999999877e-01
-1.602176633999999877e-01
-1.602176633999999877e-01
-1.602176633999999877e-01
-1.602176633999999877e-01
-1.602176633999999877e-01
-1.602176633999999877e-01
-1.602176633999999877e-01
-1.602176633999999877e-01
-1.602176633999999877e-01
-1.602176633999999877e-01
-1.602176633999999877e-01
