-1.602176633999999877e-01
-1.602176633999999877e-01
-1.602176633999999877e-01
-1.602176633999999877e-01
-1.602176633999999877e-01
-1.602176633999999877e-01
-1.602176633999999877e-01
-1.602176633999999877e-01
-1.602176633999999877e-01
-1.602176633999999877e-01
-1.602176633999999877e-01
-1.602176633999999877e-01
-1.602176633999999877e-01
-1.602176633999999877e-01
-1.602176633999999877e-01
-1.602176633999999877e-01
-1.602176633999999877e-01
-1.602176633999999877e-01
-1.602176633999999877e-01
-1.602176633999999877e-01
-1.602176633999999877e-01
-1.602176633999999877e-01
-1.602176633999999877e-01
-1.602176633999999877e-01
-1.602176633999999877e-01
-1.602176633999999877e-01
-1.602176633999999877e-01
-1.602176633999999877e-01
-1.602176633999999877e-01
-1.602176633999999877e-01
-1.602176633999999877e-01
-1.602176633999999877e-01
-1.602176633999999877e-01
-1.602176633999999877e-01
-1.602176633999999877e-01
-1.602176633999999877e-01
-1.602176633999999877e-01
-1.602176633999999877e-01
-1.602176633999999877e-01
-1.602176633999999877e-01
-1.602176633999999877e-01
-1.602176633999999877e-01
-1.602176633999999877e-01
-1.602176633999999877e-01
-1.602176633999999877e-01
-1.602176633999999877e-01
-1.602176633999999877e-01
-1.602176633999999877e-01
-1.602176633999999877e-01
-1.602176633999999877e-01
2.752990996183874994e-01
2.733644960085850339e-01
2.714556700890655705e-01
2.695722372605832695e-01
2.677138207747186693e-01
2.658800515478138005e-01
2.640705679801259587e-01
2.622850157800348803e-01
2.605230477931424482e-01
2.587843238361121623e-01
2.570685105350983268e-01
2.553752811686217927e-01
2.537043155147553630e-01
2.520552997024825270e-01
2.504279260671030127e-01
2.488218930095601744e-01
2.472369048595685626e-01
2.456726717424281836e-01
2.441289094494123735e-01
2.426053393116192058e-01
2.411016880771864046e-01
2.396176877917646497e-01
2.381530756821533257e-01
2.367075940430062309e-01
2.352809901265125458e-01
2.338730160349691001e-01
2.324834286161554520e-01
2.311119893614322074e-01
2.297584643064818632e-01
2.284226239346148768e-01
2.271042430825678526e-01
2.258031008487212388e-01
2.245189805036674202e-01
2.232516694030607929e-01
2.220009589026863683e-01
2.207666442756825997e-01
2.195485246318592543e-01
2.183464028390482425e-01
2.171600854464339481e-01
2.159893826098044645e-01
2.148341080186728647e-01
2.136940788252157386e-01
2.125691155749773464e-01
2.114590421392932851e-01
2.103636856493854845e-01
2.092828764320818491e-01
2.082164479471177443e-01
2.071642367259773632e-01
2.061260823122300079e-01
2.051018272033253154e-01
2.040913167938054606e-01
2.030943993198977560e-01
2.021109258054515911e-01
2.011407500091824119e-01
2.001837283731902617e-01
1.992397199727186929e-01
1.983085864671214893e-01
1.973901920520061970e-01
1.964844034125234895e-01
1.955910896777740271e-01
1.947101223763029187e-01
1.938413753926544469e-01
1.929847249249609653e-01
1.921400494435376860e-01
1.913072296504605418e-01
1.904861484401012550e-01
1.896766908605941604e-01
1.888787440762156600e-01
1.880921973306496631e-01
1.873169419111189449e-01
1.865528711133621897e-01
1.857998802074333489e-01
1.850578664043069643e-01
1.843267288232663670e-01
1.836063684600586776e-01
1.828966881557970436e-01
1.821975925665923202e-01
1.815089881338976530e-01
1.808307830555481166e-01
1.801628872574801143e-01
1.795052123661146359e-01
1.788576716813880529e-01
1.782201801504167404e-01
1.775926543417803982e-01
1.769750124204093056e-01
1.763671741230647683e-01
1.757690607343944111e-01
1.751805950635552389e-01
1.746017014213863405e-01
1.740323055981240208e-01
1.734723348416436772e-01
1.729217178362192908e-01
1.723803846817884844e-01
1.718482668737117969e-01
1.713252972830170417e-01
1.708114101371173421e-01
1.703065410009926284e-01
1.698106267588266605e-01
1.693236055960877784e-01
1.688454169820469142e-01
1.683760016527217074e-01
1.679153015942387583e-01
1.674632600266071358e-01
1.670198213878927862e-01
1.665849313187875991e-01
1.661585366475641923e-01
1.657405853754105596e-01
1.653310266621358660e-01
1.649298108122413675e-01
1.645368892613487122e-01
1.641522145629805141e-01
1.637757403756850416e-01
1.634074214504999956e-01
1.630472136187492704e-01
1.626950737801658720e-01
1.623509598913368823e-01
1.620148309544634235e-01
1.616866470064318995e-01
1.613663691081890228e-01
1.610539593344187115e-01
1.607493807635133054e-01
1.604525974678357725e-01
1.601635745042681580e-01
1.598822779050416976e-01
1.596086746688441249e-01
1.593427327522008996e-01
1.590844210611259690e-01
1.588337094430371521e-01
1.585905686789344515e-01
1.583549704758365761e-01
1.581268874594715101e-01
1.579062931672194914e-01
1.576931620413039581e-01
1.574874694222280214e-01
1.572891915424529108e-01
1.570983055203158674e-01
1.569147893541853189e-01
1.567386219168496186e-01
1.565697829501374316e-01
1.564082530597674103e-01
1.562540137104251325e-01
1.561070472210642768e-01
1.559673367604307026e-01
1.558348663428064107e-01
1.557096208239736324e-01
1.555915858973948851e-01
1.554807480906088279e-01
1.553770947618391962e-01
1.552806140968164827e-01
1.551912951058107559e-01
1.551091276208721448e-01
1.550341022932828494e-01
1.549662105912129606e-01
1.549054447975853066e-01
1.548517980081427492e-01
1.548052641297225085e-01
1.547658378787324374e-01
1.547335147798310773e-01
1.547082911648087478e-01
1.546901641716728892e-01
1.546791317439327185e-01
1.546751926300858893e-01
1.546783463833067140e-01
1.546885933613344200e-01
1.547059347265618279e-01
1.547303724463264529e-01
1.547619092934009732e-01
1.548005488466853152e-01
1.548462954921007995e-01
1.548991544236849593e-01
1.549591316448903078e-01
1.550262339700842762e-01
1.551004690262542951e-01
1.551818452549156291e-01
1.552703719142251304e-01
1.553660590813015496e-01
1.554689176547518759e-01
1.555789593574066765e-01
1.556961967392645196e-01
1.558206431806469783e-01
1.559523128955652704e-01
1.560912209353015057e-01
1.562373831922038991e-01
1.563908164036999504e-01
1.565515381565271702e-01
1.567195668911841311e-01
1.568949219066053669e-01
1.570776233650589826e-01
1.572676922972723601e-01
1.574651506077851537e-01
1.576700210805358215e-01
1.578823273846801101e-01
1.581020940806463493e-01
1.583293466264309168e-01
1.585641113841348704e-01
1.588064156267448845e-01
1.590562875451637104e-01
1.593137562554907682e-01
1.595788518065574257e-01
1.598516051877204858e-01
1.601320483369167158e-01
1.604202141489827482e-01
1.607161364842445150e-01
1.610198501773786872e-01
1.613313910465520307e-01
1.616507959028409824e-01
1.619781025599381918e-01
1.623133498441488853e-01
1.626565776046808021e-01
1.630078267242352497e-01
1.633671391299025277e-01
1.637345578043671035e-01
1.641101267974272304e-01
1.644938912378365037e-01
1.648858973454702948e-01
1.652861924438252250e-01
1.656948249728561751e-01
1.661118445021574908e-01
1.665373017444956028e-01
1.669712485696979998e-01
1.674137380189063273e-01
1.678648243192009948e-01
1.683245628986033415e-01
1.687930104014639388e-01
1.692702247042436048e-01
1.697562649316958772e-01
1.702511914734581855e-01
1.707550660010608568e-01
1.712679514853620577e-01
1.717899122144179724e-01
1.723210138117961809e-01
1.728613232553433132e-01
1.734109088964148060e-01
1.739698404795783360e-01
1.745381891627996451e-01
1.751160275381226095e-01
1.757034296528529604e-01
1.763004710312585654e-01
1.769072286967962038e-01
1.775237811948769118e-01
1.781502086161823872e-01
1.787865926205454981e-01
1.794330164614064693e-01
1.800895650108583490e-01
1.807563247852967125e-01
1.814333839716855135e-01
1.821208324544555113e-01
1.828187618430485439e-01
1.835272655001242148e-01
1.842464385704433438e-01
1.849763780104465571e-01
1.857171826185420316e-01
1.864689530661218786e-01
1.872317919293242650e-01
1.880058037215580347e-01
1.887910949268109817e-01
1.895877740337593709e-01
1.903959515706994121e-01
1.912157401413213387e-01
1.920472544613460175e-01
1.928906113960477120e-01
1.937459299986840910e-01
1.946133315498571881e-01
1.954929395978283746e-01
1.963848799998132721e-01
1.972892809642805001e-01
1.982062730942806550e-01
1.991359894318338319e-01
2.000785655034000854e-01
2.010341393664658582e-01
2.020028516572712485e-01
2.029848456397117529e-01
2.039802672554441310e-01
2.049892651752290573e-01
2.060119908515439247e-01
2.070485985724995204e-01
2.080992455170974087e-01
2.091640918118622683e-01
2.102433005888882933e-01
2.113370380453390984e-01
2.124454735044392362e-01
2.135687794780000148e-01
2.147071317305220273e-01
2.158607093449188552e-01
2.170296947899056639e-01
2.182142739891020089e-01
2.194146363918960674e-01
2.206309750461188657e-01
2.218634866725837929e-01
2.231123717415414986e-01
2.243778345511052152e-01
2.256600833077069823e-01
2.269593302086387876e-01
2.282757915267429327e-01
2.296096876973124368e-01
2.309612434072677578e-01
2.323306876866748638e-01
2.337182540026760957e-01
2.351241803559042665e-01
2.365487093794540752e-01
2.379920884404876924e-01
2.394545697445536470e-01
2.409364104427005049e-01
2.424378727414705781e-01
2.439592240158620085e-01
2.455007369253472405e-01
2.470626895330447770e-01
2.486453654281395587e-01
2.502490538516529139e-01
2.518740498256670235e-01
2.535206542861083712e-01
2.551891742192075041e-01
2.568799228017441538e-01
2.585932195452020355e-01
2.603293904439548112e-01
2.620887681276134473e-01
2.638716920176656378e-01
2.656785084885474602e-01
2.675095710332883736e-01
2.693652404338799933e-01
2.712458849365182445e-01
2.731518804318828764e-01
2.750836106406159276e-01
2.770414673041717291e-01
2.790258503812167445e-01
2.810371682497614376e-01
2.830758379152181203e-01
2.851422852245817929e-01
2.872369450869393104e-01
2.893602617005227029e-01
2.915126887865271965e-01
2.936946898299254705e-01
2.959067383275159613e-01
2.981493180434584556e-01
3.004229232725477705e-01
3.027280591115042996e-01
3.050652417385493753e-01
3.074349987015668750e-01
3.098378692151430580e-01
3.122744044668052110e-01
3.147451679327823992e-01
3.172507357036267739e-01
3.197916968200519849e-01
3.223686536193529628e-01
3.249822220927902627e-01
3.276330322543377638e-01
3.303217285212082799e-01
3.330489701065861841e-01
3.358154314250197947e-01
3.386218025109387630e-01
3.414687894507864585e-01
3.443571148292736694e-01
3.472875181902836950e-01
3.502607565129827738e-01
3.532776047037095579e-01
3.563388561042441505e-01
3.594453230170843172e-01
3.625978372483802392e-01
3.657972506692126480e-01
3.690444357959226651e-01
3.723402863902371962e-01
3.756857180799670903e-01
3.790816690010853640e-01
3.825291004620341440e-01
3.860289976311414573e-01
3.895823702480759043e-01
3.931902533602985583e-01
3.968537080855283894e-01
4.005738224012708737e-01
4.043517119625182343e-01
4.081885209487732258e-01
4.120854229416078263e-01
4.160436218340181624e-01
4.200643527729045479e-01
4.241488831360600842e-01
4.282985135451204406e-01
4.325145789159994258e-01
4.367984495483997476e-01
4.411515322560774499e-01
4.455752715396036900e-01
4.500711508034699881e-01
4.546406936194568038e-01
4.592854650382927062e-01
4.640070729517262182e-01
4.688071695072340561e-01
4.736874525777104994e-01
4.786496672885917625e-01
4.836956076049976905e-01
4.888271179816037204e-01
4.940460950780931615e-01
4.993544895431928921e-01
5.047543078704391784e-01
5.102476143289956800e-01
5.158365329730156823e-01
5.215232497332188411e-01
5.273100145945607276e-01
5.331991438640643066e-01
5.391930225331112991e-01
5.452941067387202523e-01
5.515049263285807246e-01
5.578280875348823331e-01
-1.602176633999999877e-01
-1.602176633999999877e-01
-1.602176633999999877e-01
-1.602176633999999877e-01
-1.602176633999999877e-01
-1.602176633999999877e-01
-1.602176633999999877e-01
-1.602176633999999877e-01
-1.602176633999999877e-01
-1.602176633999999877e-01
-1.602176633999999877e-01
-1.602176633999999877e-01
-1.602176633999999877e-01
-1.602176633999999877e-01
-1.602176633999999877e-01
-1.602176633999999877e-01
-1.602176633999999877e-01
-1.602176633999999877e-01
-1.602176633999999877e-01
-1.602176633999999877e-01
-1.602176633999999877e-01
-1.602176633999999877e-01
-1.602176633999999877e-01
-1.602176633999999877e-01
-1.602176633999999877e-01
-1.602176633999999877e-01
-1.602176633999999877e-01
-1.602176633999999877e-01
-1.602176633999999877e-01
-1.602176633999999877e-01
-1.602176633999999877e-01
-1.602176633999999877e-01
-1.602176633999999877e-01
-1.602176633999999877e-01
-1.602176633999999877e-01
-1.602176633999999877e-01
-1.602176633999999877e-01
-1.602176633999999877e-01
-1.602176633999999877e-01
-1.602176633999999877e-01
-1.602176633999999877e-01
-1.602176633999999877e-01
-1.602176633999999877e-01
-1.602176633999999877e-01
-1.602176633999999877e-01
-1.602176633999999877e-01
-1.602176633999999877e-01
-1.602176633999999877e-01
-1.602176633999999877e-01
-1.602176633999999877e-01
