0.000000000000000000e+00
0.000000000000000000e+00
0.000000000000000000e+00
0.000000000000000000e+00
0.000000000000000000e+00
0.000000000000000000e+00
0.000000000000000000e+00
0.000000000000000000e+00
0.000000000000000000e+00
0.000000000000000000e+00
0.000000000000000000e+00
0.000000000000000000e+00
0.000000000000000000e+00
0.000000000000000000e+00
0.000000000000000000e+00
0.000000000000000000e+00
0.000000000000000000e+00
0.000000000000000000e+00
0.000000000000000000e+00
0.000000000000000000e+00
0.000000000000000000e+00
0.000000000000000000e+00
0.000000000000000000e+00
0.000000000000000000e+00
0.000000000000000000e+00
0.000000000000000000e+00
0.000000000000000000e+00
0.000000000000000000e+00
0.000000000000000000e+00
0.000000000000000000e+00
0.000000000000000000e+00
0.000000000000000000e+00
0.000000000000000000e+00
0.000000000000000000e+00
0.000000000000000000e+00
0.000000000000000000e+00
0.000000000000000000e+00
0.000000000000000000e+00
0.000000000000000000e+00
0.000000000000000000e+00
0.000000000000000000e+00
0.000000000000000000e+00
0.000000000000000000e+00
0.000000000000000000e+00
0.000000000000000000e+00
0.000000000000000000e+00
0.000000000000000000e+00
0.000000000000000000e+00
0.000000000000000000e+00
0.000000000000000000e+00
0.000000000000000000e+00
1.150926630395901934e-04
2.291561916113689964e-04
3.421977718663392126e-04
4.542244943582129826e-04
5.652433554617539938e-04
6.752612587622685821e-04
7.842850164169129848e-04
8.923213504885046032e-04
9.993768942524417984e-04
1.105458193477400469e-03
1.210571707680377970e-03
1.314723811356705409e-03
1.417920795185580391e-03
1.520168867211701448e-03
1.621474154003535971e-03
1.721842701788738354e-03
1.821280477567267407e-03
1.919793370202673355e-03
2.017387191492058581e-03
2.114067677215184828e-03
2.209840488163180260e-03
2.304711211147308057e-03
2.398685359988218281e-03
2.491768376486141415e-03
2.583965631372403277e-03
2.675282425242686297e-03
2.765723989472427483e-03
2.855295487114719536e-03
2.944002013781124930e-03
3.031848598505743411e-03
3.118840204592864679e-03
3.204981730448605223e-03
3.290278010396835082e-03
3.374733815479718027e-03
3.458353854243185685e-03
3.541142773507674740e-03
3.623105159124416063e-03
3.704245536717581944e-03
3.784568372412574610e-03
3.864078073550718858e-03
3.942778989390675372e-03
4.020675411796808922e-03
4.097771575914773388e-03
4.174071660834581185e-03
4.249579790241401686e-03
4.324300033054338452e-03
4.398236404053392987e-03
4.471392864494870903e-03
4.543773322715464677e-03
4.615381634725199481e-03
4.686221604789467601e-03
4.756296986000376967e-03
4.825611480837621939e-03
4.894168741718997809e-03
4.961972371540887723e-03
5.029025924208779287e-03
5.095332905158075389e-03
5.160896771865372719e-03
5.225720934350351100e-03
5.289808755668452302e-03
5.353163552394538290e-03
5.415788595097667697e-03
5.477687108807198675e-03
5.538862273470287513e-03
5.599317224401008548e-03
5.659055052721251484e-03
5.718078805793448162e-03
5.776391487645371643e-03
5.833996059387111695e-03
5.890895439620329882e-03
5.947092504839990301e-03
6.002590089828604980e-03
6.057390988043236807e-03
6.111497951995264327e-03
6.164913693623104429e-03
6.217640884657996136e-03
6.269682156982914895e-03
6.321040102984842868e-03
6.371717275900325855e-03
6.421716190154594384e-03
6.471039321694266322e-03
6.519689108313735104e-03
6.567667949975382335e-03
6.614978209123684172e-03
6.661622210993246168e-03
6.707602243911026801e-03
6.752920559592628241e-03
6.797579373432931921e-03
6.841580864791043347e-03
6.884927177269638092e-03
6.927620418988887641e-03
6.969662662854924327e-03
7.011055946822990215e-03
7.051802274155342769e-03
7.091903613673965906e-03
7.131361900008205239e-03
7.170179033837313642e-03
7.208356882128111841e-03
7.245897278367645182e-03
7.282802022791099415e-03
7.319072882604907813e-03
7.354711592205151992e-03
7.389719853391314534e-03
7.424099335575451951e-03
7.457851675986857352e-03
7.490978479872230193e-03
7.523481320691422468e-03
7.555361740308848099e-03
7.586621249180572867e-03
7.617261326537136910e-03
7.647283420562179211e-03
7.676688948566898728e-03
7.705479297160404244e-03
7.733655822416004959e-03
7.761219850033459176e-03
7.788172675497250473e-03
7.814515564230942526e-03
7.840249751747635151e-03
7.865376443796543229e-03
7.889896816505769656e-03
7.913812016521316536e-03
7.937123161142324232e-03
7.959831338452650132e-03
7.981937607448726449e-03
8.003442998163799380e-03
8.024348511788579122e-03
8.044655120788281669e-03
8.064363769016166458e-03
8.083475371823500497e-03
8.101990816166106807e-03
8.119910960707415679e-03
8.137236635918072489e-03
8.153968644172162814e-03
8.170107759840047890e-03
8.185654729377848590e-03
8.200610271413576180e-03
8.214975076829974035e-03
8.228749808844037367e-03
8.241935103083321973e-03
8.254531567658898034e-03
8.266539783235170996e-03
8.277960303096399547e-03
8.288793653210151796e-03
8.299040332287396099e-03
8.308700811839538763e-03
8.317775536232304562e-03
8.326264922736425350e-03
8.334169361575275575e-03
8.341489215969281196e-03
8.348224822177414267e-03
8.354376489535322164e-03
8.359944500490646552e-03
8.364929110635046378e-03
8.369330548733341230e-03
8.373149016749428103e-03
8.376384689869249139e-03
8.379037716520671558e-03
8.381108218390383863e-03
8.382596290437634851e-03
8.383502000905058288e-03
8.383825391326409776e-03
8.383566476531250505e-03
8.382725244646647283e-03
8.381301657095854146e-03
8.379295648593871465e-03
8.376707127140090720e-03
8.373535974007851462e-03
8.369782043730945170e-03
8.365445164087135371e-03
8.360525136078555269e-03
8.355021733909156340e-03
8.348934704958999725e-03
8.342263769755598607e-03
8.335008621942138068e-03
8.327168928242572460e-03
8.318744328423739037e-03
8.309734435254279711e-03
8.300138834460544374e-03
8.289957084679302340e-03
8.279188717407435366e-03
8.267833236948369385e-03
8.255890120355453138e-03
8.243358817372075514e-03
8.230238750368695094e-03
8.216529314276651771e-03
8.202229876518673732e-03
8.187339776936279276e-03
8.171858327713847972e-03
8.155784813299473898e-03
8.139118490322462193e-03
8.121858587507581675e-03
8.104004305585952098e-03
8.085554817202583386e-03
8.066509266820516555e-03
8.046866770621606199e-03
8.026626416403824862e-03
8.005787263475132656e-03
7.984348342543868757e-03
7.962308655605645699e-03
7.939667175826654530e-03
7.916422847423448469e-03
7.892574585539083656e-03
7.868121276115669013e-03
7.843061775763203805e-03
7.817394911624754930e-03
7.791119481237853382e-03
7.764234252392122025e-03
7.736737962983147691e-03
7.708629320862458827e-03
7.679907003683586995e-03
7.650569658744225260e-03
7.620615902824444399e-03
7.590044322020822985e-03
7.558853471576565917e-03
7.527041875707489969e-03
7.494608027423889374e-03
7.461550388348159139e-03
7.427867388528164826e-03
7.393557426246344898e-03
7.358618867824437242e-03
7.323050047423794277e-03
7.286849266841224221e-03
7.250014795300334207e-03
7.212544869238254712e-03
7.174437692087784306e-03
7.135691434054794273e-03
7.096304231890874885e-03
7.056274188661160011e-03
7.015599373507259810e-03
6.974277821405249454e-03
6.932307532918593335e-03
6.889686473946016014e-03
6.846412575464147325e-03
6.802483733264998861e-03
6.757897807688054148e-03
6.712652623346984648e-03
6.666745968850876225e-03
6.620175596519908834e-03
6.572939222095380146e-03
6.525034524444021933e-03
6.476459145256470429e-03
6.427210688739838640e-03
6.377286721304303851e-03
6.326684771243588912e-03
6.275402328409250552e-03
6.223436843878670660e-03
6.170785729616681120e-03
6.117446358130683437e-03
6.063416062119159067e-03
6.008692134113483713e-03
5.953271826112924159e-03
5.897152349212678862e-03
5.840330873224876436e-03
5.782804526292422732e-03
5.724570394495536070e-03
5.665625521450850036e-03
5.605966907903021414e-03
5.545591511308578699e-03
5.484496245412051087e-03
5.422677979814061362e-03
5.360133539531382676e-03
5.296859704548733706e-03
5.232853209362190762e-03
5.168110742514065055e-03
5.102628946119102012e-03
5.036404415381810946e-03
4.969433698104757692e-03
4.901713294187750800e-03
4.833239655117586506e-03
4.764009183448313436e-03
4.694018232271774185e-03
4.623263104678280652e-03
4.551740053207175077e-03
4.479445279287121509e-03
4.406374932665954244e-03
4.332525110829805667e-03
4.257891858411392075e-03
4.182471166587179920e-03
4.106258972463245997e-03
4.029251158449580032e-03
3.951443551622660540e-03
3.872831923075983462e-03
3.793411987258354500e-03
3.713179401299717460e-03
3.632129764324202020e-03
3.550258616750180587e-03
3.467561439577054091e-03
3.384033653658472668e-03
3.299670618961745780e-03
3.214467633813144695e-03
3.128419934128767732e-03
3.041522692630705890e-03
2.953771018048194016e-03
2.865159954303401427e-03
2.775684479681564485e-03
2.685339505985103337e-03
2.594119877671401900e-03
2.502020370973867276e-03
2.409035693005928160e-03
2.315160480847597117e-03
2.220389300614212906e-03
2.124716646506963867e-03
2.028136939844785158e-03
1.930644528077225417e-03
1.832233683777868263e-03
1.732898603617858682e-03
1.632633407319070487e-03
1.531432136586487018e-03
1.429288754019286591e-03
1.326197142000182976e-03
1.222151101562485515e-03
1.117144351234388832e-03
1.011170525859965202e-03
9.042231753962911385e-04
7.962957636861835511e-04
6.873816672059489480e-04
5.774741737875632459e-04
4.665664813146795371e-04
3.546516963918286869e-04
2.417228329861909432e-04
1.277728110412557842e-04
1.279445506171016301e-05
-1.032195073311548719e-04
-2.202764468742306431e-04
-3.383838341683141106e-04
-4.575492412155279321e-04
-5.777803429892212949e-04
-6.990849190371510591e-04
-8.214708551187850606e-04
-9.449461448775744576e-04
-1.069518891549074572e-03
-1.195197309705821375e-03
-1.321989727039916962e-03
-1.449904586184239293e-03
-1.578950446573324949e-03
-1.709135986344896465e-03
-1.840470004283120600e-03
-1.972961421804662017e-03
-2.106619284988665592e-03
-2.241452766651816798e-03
-2.377471168469645710e-03
-2.514683923145346819e-03
-2.653100596627336327e-03
-2.792730890376854055e-03
-2.933584643687003803e-03
-3.075671836054554888e-03
-3.219002589605978511e-03
-3.363587171579192608e-03
-3.509435996862515263e-03
-3.656559630592447381e-03
-3.804968790811865363e-03
-3.954674351190337264e-03
-4.105687343808270273e-03
-4.258018962006730919e-03
-4.411680563304724335e-03
-4.566683672385875477e-03
-4.723039984156495071e-03
-4.880761366877106773e-03
-5.039859865369464287e-03
-5.200347704301323121e-03
-5.362237291551157081e-03
-5.525541221655248109e-03
-5.690272279339460976e-03
-5.856443443138292793e-03
-6.024067889103728278e-03
-6.193158994606612171e-03
-6.363730342233266633e-03
-6.535795723780301811e-03
-6.709369144350508726e-03
-6.884464826552966557e-03
-7.061097214810537967e-03
-7.239280979778035460e-03
-7.419031022874516060e-03
-7.600362480933242279e-03
-7.783290730972969654e-03
-7.967831395094392838e-03
-8.154000345505681147e-03
-8.341813709681282496e-03
-8.531287875658101830e-03
-8.722439497473666661e-03
-8.915285500750652972e-03
-9.109843088432678995e-03
-9.306129746676260542e-03
-9.504163250904024487e-03
-9.703961672024559795e-03
-9.905543382824351373e-03
-1.010892706453770523e-02
-1.031413171360043290e-02
-1.052117664859367890e-02
-1.073008151738428367e-02
-1.094086630446838848e-02
-1.115355133852525410e-02
-1.136815730018864851e-02
-1.158470523004315883e-02
-1.180321653685368136e-02
-1.202371300603588371e-02
-1.224621680837642383e-02
-1.247075050901169484e-02
-1.269733707667441112e-02
-1.292599989321776242e-02
-1.292599989321776242e-02
-1.292599989321776242e-02
-1.292599989321776242e-02
-1.292599989321776242e-02
-1.292599989321776242e-02
-1.292599989321776242e-02
-1.292599989321776242e-02
-1.292599989321776242e-02
-1.292599989321776242e-02
-1.292599989321776242e-02
-1.292599989321776242e-02
-1.292599989321776242e-02
-1.292599989321776242e-02
-1.292599989321776242e-02
-1.292599989321776242e-02
-1.292599989321776242e-02
-1.292599989321776242e-02
-1.292599989321776242e-02
-1.292599989321776242e-02
-1.292599989321776242e-02
-1.292599989321776242e-02
-1.292599989321776242e-02
-1.292599989321776242e-02
-1.292599989321776242e-02
-1.292599989321776242e-02
-1.292599989321776242e-02
-1.292599989321776242e-02
-1.292599989321776242e-02
-1.292599989321776242e-02
-1.292599989321776242e-02
-1.292599989321776242e-02
-1.292599989321776242e-02
-1.292599989321776242e-02
-1.292599989321776242e-02
-1.292599989321776242e-02
-1.292599989321776242e-02
-1.292599989321776242e-02
-1.292599989321776242e-02
-1.292599989321776242e-02
-1.292599989321776242e-02
-1.292599989321776242e-02
-1.292599989321776242e-02
-1.292599989321776242e-02
-1.292599989321776242e-02
-1.292599989321776242e-02
-1.292599989321776242e-02
-1.292599989321776242e-02
-1.292599989321776242e-02
-1.292599989321776242e-02
-1.292599989321776242e-02
