0	0.000000000324118	0	0	-0.0572902646	-0.505612701	-0.4483224364	0	0	0	0
-0.1	0.000000000315118	0	0	-0.0717682992	-0.631018175	-0.5592498758	0	-3606205398.3281	0	0
-0.2	0.00000000030961	0	0	-0.281941632	-0.774576164	-0.492634532	0	-7212410796.65621	0	0
-0.3	0.000000000215733	0	0	-0.193303573	-0.929693313	-0.73638974	0	-10818616194.9843	0	0
-0.4	0.000000000297177	0	0	-0.0435983564	-0.222291817	-0.1786934606	0	-14424821593.3124	0	0
-0.5	0.000000000160205	0	0	-0.102500769	-0.301976188	-0.199475419	0	-18031026991.6405	0	0
-0.6	0.000000000173914	0	0	-0.756963958	-0.415788733	0.341175225	0	-21637232389.9686	0	0
-0.7	0.000000000135481	0	0	-0.164330778	-0.55780812	-0.393477342	0	-25243437788.2967	0	0
-0.8	0.000000000200677	0	0	-0.352562104	-0.704136414	-0.35157431	0	-28849643186.6248	0	0
-0.9	0.000000000177681	0	0	-0.237837145	-0.832494501	-0.594657356	0	-32455848584.9529	0	0
-1	0.000000000160909	0	0	-0.131488178	-1.03105948	-0.899571302	0	-36062053983.281	0	0
-1.1	0.00000000022831	0	0	-0.754965292	-0.124393628	0.630571664	0	-39668259381.6091	0	0
-1.2	0.000000000223339	0	0	-0.284431497	-0.150218382	0.134213115	0	-43274464779.9372	0	0
-1.3	0.000000000210512	0	0	-0.0751830224	-0.302295824	-0.2271128016	0	-46880670178.2653	0	0
-1.4	0.000000000156593	0	0	-0.70473911	-0.449113804	0.255625306	0	-50486875576.5934	0	0
-1.5	0.000000000168014	0	0	-0.194415868	-0.588076918	-0.39366105	0	-54093080974.9215	0	0
-1.6	0.000000000151622	0	0	-0.380475029	-0.725972767	-0.345497738	0	-57699286373.2497	0	0
-1.7	9.92537E-11	0	0	-0.184296611	-0.852162029	-0.667865418	0	-61305491771.5778	0	0
-1.8	0.000000000172937	0	0	-0.371098182	-0.977938	-0.606839818	0	-64911697169.9059	0	0
-1.9	0.000000000176251	0	0	-0.237701945	-0.0622712546	0.1754306904	0	-68517902568.234	0	0
-2	0.000000000162542	0	0	-0.0394162102	-0.205059589	-0.1656433788	0	-72124107966.5621	0	0
-2.1	0.000000000159609	0	0	-0.227593146	-0.300699657	-0.073106511	0	-75730313364.8902	0	0
-2.2	0.000000000149453	0	0	-0.276538056	-0.435308396	-0.15877034	0	-79336518763.2183	0	0
-2.3	0.00000000017693	0	0	0.00826596179	-0.677669972	-0.68593593379	0	-82942724161.5464	0	0
-2.4	0.000000000184548	0	0	-0.628281649	-0.806571444	-0.178289795	0	-86548929559.8745	0	0
-2.5	0.000000000102246	0	0	-0.230065118	-0.925307392	-0.695242274	0	-90155134958.2026	0	0
-2.6	0.000000000213134	0	0	-0.0511037742	-0.104093413	-0.0529896388	0	-93761340356.5307	0	0
-2.7	0.000000000108516	0	0	-0.0241204132	-0.110585678	-0.0864652648	0	-97367545754.8588	0	0
-2.8	0.000000000206256	0	0	-0.0308089828	-0.168531152	-0.1377221692	0	-100973751153.187	0	0
-2.9	0.00000000016067	0	0	-0.66299616	-0.205767413	0.457228747	0	-104579956551.515	0	0
-3	8.77619E-11	0	0	-0.166178448	-0.284328073	-0.118149625	0	-108186161949.843	0	0
-3.1	0.000000000135779	0	0	-0.353118313	-0.414601886	-0.061483573	0	-111792367348.171	0	0
-3.2	8.47459E-11	0	0	-0.283042694	-0.562962799	-0.279920105	0	-115398572746.499	0	0
-3.3	0.000000000120771	0	0	-0.0129777618	-0.79124494	-0.7782671782	0	-119004778144.827	0	0
-3.4	0.000000000157237	0	0	-0.652670894	-0.914394078	-0.261723184	0	-122610983543.156	0	0
-3.5	0.000000000180531	0	0	-0.297703905	-0.0832861185	0.2144177865	0	-126217188941.484	0	0
-3.6	0.00000000019697	0	0	-0.0461384567	-0.227342541	-0.1812040843	0	-129823394339.812	0	0
-3.7	8.93354E-11	0	0	-0.236192084	-0.325969712	-0.089777628	0	-133429599738.14	0	0
-3.8	0.000000000148022	0	0	-0.304670283	-0.465079698	-0.160409415	0	-137035805136.468	0	0
-3.9	0.000000000162482	0	0	-0.0647640904	-0.716317816	-0.6515537256	0	-140642010534.796	0	0
-4	9.00388E-11	0	0	-0.702790906	-0.850261196	-0.14747029	0	-144248215933.124	0	0
-4.1	0.000000000106764	0	0	-0.189455953	-0.972929729	-0.783473776	0	-147854421331.452	0	0
-4.2	0.000000000153565	0	0	-0.374024774	-0.061835301	0.312189473	0	-151460626729.78	0	0
-4.3	0.000000000138021	0	0	-0.812005396	-0.05922075	0.752784646	0	-155066832128.108	0	0
-4.4	0.000000000100303	0	0	-0.00956041739	-0.177731387	-0.16817096961	0	-158673037526.437	0	0
-4.5	8.63075E-11	0	0	-0.201352218	-0.216869538	-0.01551732	0	-162279242924.765	0	0
-4.6	7.29442E-11	0	0	-0.295009485	-0.300807997	-5.79851199999998E-03	0	-165885448323.093	0	0
-4.7	0.000000000170159	0	0	-0.119921017	-0.537135448	-0.417214431	0	-169491653721.421	0	0
-4.8	0.000000000139916	0	0	-0.756488527	-0.684618465	0.071870062	0	-173097859119.749	0	0
-4.9	0.000000000082624	0	0	-0.251898283	-0.820038022	-0.568139739	0	-176704064518.077	0	0
-5	7.28965E-11	0	0	-0.129250063	-0.0166267207	0.1126233423	0	-180310269916.405	0	0
-5.1	0.000000000130546	0	0	-0.115790754	-0.0639784485	0.0518123055	0	-183916475314.733	0	0
-5.2	0.000000000106871	0	0	-0.114920461	-0.0979552555	0.0169652055	0	-187522680713.061	0	0
-5.3	0.000000000145602	0	0	-0.307845747	-0.188937445	0.118908302	0	-191128886111.389	0	0
-5.4	9.05395E-11	0	0	-0.272310234	-0.323353917	-0.051043683	0	-194735091509.718	0	0
-5.5	8.99076E-11	0	0	-0.130633488	-0.592148661	-0.461515173	0	-198341296908.046	0	0
-5.6	0.000000000128412	0	0	-0.768697841	-0.738476383	3.02214580000001E-02	0	-201947502306.374	0	0
-5.7	0.000000000129032	0	0	-0.282645367	-0.874290932	-0.591645565	0	-205553707704.702	0	0
-5.8	0.000000000163543	0	0	-0.0280315335	-0.109964732	-0.0819331985	0	-209159913103.03	0	0
-5.9	6.45995E-11	0	0	-0.667009457	-0.153713622	0.513295835	0	-212766118501.358	0	0
-6	0.000000000128067	0	0	-0.169110445	-0.246046759	-0.076936314	0	-216372323899.686	0	0
-6.1	0.000000000124955	0	0	-0.35945769	-0.39584177	-0.03638408	0	-219978529298.014	0	0
-6.2	7.34329E-11	0	0	-0.256577949	-0.565253251	-0.308675302	0	-223584734696.342	0	0
-6.3	9.51171E-11	0	0	-0.0534644091	-0.820398714	-0.7669343049	0	-227190940094.671	0	0
-6.4	8.50916E-11	0	0	-0.700477138	-0.958131118	-0.25765398	0	-230797145492.999	0	0
-6.5	8.28743E-11	0	0	-0.17559167	-0.0582327979	0.1173588721	0	-234403350891.327	0	0
-6.6	0.000000000100529	0	0	-0.0318172905	-0.0395029231	-0.0076856326	0	-238009556289.655	0	0
-6.7	0.000000000102413	0	0	-0.677081579	-0.108257354	0.568824225	0	-241615761687.983	0	0
-6.8	4.91977E-11	0	0	-0.216412047	-0.225541194	-0.009129147	0	-245221967086.311	0	0
-6.9	0.00000000011636	0	0	-0.0438546176	-0.507395924	-0.4635413064	0	-248828172484.639	0	0
-7	0.00000000011493	0	0	-0.690007753	-0.66704972	0.022958033	0	-252434377882.967	0	0
-7.1	7.80702E-11	0	0	-0.190893646	-0.815007457	-0.624113811	0	-256040583281.295	0	0
-7.2	0.000000000117922	0	0	-0.0401512213	0.00073630708	0.04088752838	0	-259646788679.623	0	0
-7.3	4.99129E-11	0	0	0.00229188656	0.0102770693	0.00798518274	0	-263252994077.952	0	0
-7.4	0.000000000144374	0	0	0.00520172715	-0.079939982	-0.08514170915	0	-266859199476.28	0	0
-7.5	0.000000000110781	0	0	-0.181348802	-0.0226552781	0.1586935239	0	-270465404874.608	0	0
-7.6	7.44343E-11	0	0	-0.237048147	0.0153382206	0.2523863676	0	-274071610272.936	0	0
-7.7	9.94444E-11	0	0	-0.0492597244	-0.0376234957	0.0116362287	0	-277677815671.264	0	0
-7.8	0.000000000127542	0	0	-0.230365784	-0.0732037005	0.1571620835	0	-281284021069.592	0	0
-7.9	-7.77721E-11	0	0	-0.227308281	-0.0741930324	0.1531152486	0	-284890226467.92	0	0
-8	4.63724E-11	0	0	-0.403008482	-0.111065458	0.291943024	0	-288496431866.248	0	0
-8.1	-0.000000000320232	0	0	-0.275811975	-0.0883325136	0.1874794614	0	-292102637264.576	0	0
-8.2	0.000000000135338	0	0	-0.381605831	-0.114177713	0.267428118	0	-295708842662.904	0	0
-8.3	2.02417E-11	0	0	-0.618427404	-0.096304461	0.522122943	0	-299315048061.233	0	0
-8.4	4.86255E-11	0	0	-1.0334097	-0.172276339	0.861133361	0	-302921253459.561	0	0
-8.5	1.01328E-12	0	0	-1.12480111	-0.310803835	0.813997275	0	-306527458857.889	0	0
-8.6	-4.54307E-11	0	0	-1.05140933	-0.477838458	0.573570872	0	-310133664256.217	0	0
-8.7	-1.90377E-11	0	0	-0.908725741	-0.605789018	0.302936723	0	-313739869654.545	0	0
-8.8	-5.76735E-11	0	0	-0.752311603	-0.641860942	0.110450661	0	-317346075052.873	0	0
-8.9	-2.57492E-11	0	0	-0.639957327	-0.640600831	-6.43504000000017E-04	0	-320952280451.201	0	0
-9	-8.29697E-12	0	0	-0.615424447	-0.636746208	-2.13217610000001E-02	0	-324558485849.529	0	0
-9.1	-2.82884E-11	0	0	-0.630397602	-0.653256302	-0.0228587	0	-328164691247.857	0	0
-9.2	-4.33803E-11	0	0	-0.65830177	-0.685122094	-0.026820324	0	-331770896646.185	0	0
-9.3	-2.90155E-11	0	0	-0.692828372	-0.724257009	-0.031428637	0	-335377102044.514	0	0
-9.4	7.15971E-11	0	0	-0.731264732	-0.767186169	-3.59214370000001E-02	0	-338983307442.842	0	0
-9.5	-1.79291E-11	0	0	-0.772386453	-0.812700876	-0.040314423	0	-342589512841.17	0	0
-9.6	6.36101E-11	0	0	-0.81556801	-0.860181169	-0.044613159	0	-346195718239.498	0	0
-9.7	9.83477E-12	0	0	-0.860560966	-0.909367761	-4.88067950000001E-02	0	-349801923637.826	0	0
-9.8	4.42386E-11	0	0	-0.90709072	-0.959975566	-0.052884846	0	-353408129036.154	0	0
-9.9	2.80261E-11	0	0	-0.954992399	-1.01182242	-5.68300209999999E-02	0	-357014334434.482	0	0
-10	2.27809E-11	0	0	-1.00402901	-1.06476255	-0.06073354	0	-360620539832.81	0	0
-10.1	3.18527E-11	0	0	-1.05400668	-1.11859091	-6.45842299999999E-02	0	-364226745231.138	0	0
-10.2	3.69906E-11	0	0	-1.05477529	-1.1363493	-0.08157401	0	-367832950629.467	0	0
-10.3	5.64456E-11	0	0	-0.528131054	-1.19092811	-0.662797056	0	-371439156027.795	0	0
-10.4	2.63333E-11	0	0	-0.560572655	-0.652516692	-0.091944037	0	-375045361426.123	0	0
-10.5	4.15921E-11	0	0	-0.743680283	-0.873502803	-0.12982252	0	-378651566824.451	0	0
-10.6	7.28011E-11	0	0	-0.975120996	-1.11506953	-0.139948534	0	-382257772222.779	0	0
-10.7	-2.71082E-11	0	0	-1.2215737	-1.37240125	-0.15082755	0	-385863977621.107	0	0
-10.8	-3.71575E-11	0	0	-1.41425578	-1.50046196	-0.08620618	0	-389470183019.435	0	0
-10.9	8.75592E-11	0	0	-1.46445645	-1.553096	-8.86395500000001E-02	0	-393076388417.763	0	0
-11	8.83698E-11	0	0	-1.51467065	-1.60566758	-0.09099693	0	-396682593816.091	0	0
-11.1	-4.21166E-11	0	0	-1.56466637	-1.65774232	-0.09307595	0	-400288799214.419	0	0
-11.2	6.35385E-11	0	0	-1.61377979	-1.70837779	-0.094598	0	-403895004612.748	0	0
-11.3	4.06623E-11	0	0	-1.6609533	-1.75663696	-9.56836599999999E-02	0	-407501210011.076	0	0
-11.4	-4.38213E-11	0	0	-1.70564556	-1.80225198	-9.66064200000001E-02	0	-411107415409.404	0	0
-11.5	-5.75423E-11	0	0	-1.74822617	-1.84571593	-0.09748976	0	-414713620807.732	0	0
-11.6	4.34995E-11	0	0	-1.78925385	-1.88778301	-0.09852916	0	-418319826206.06	0	0
-11.7	-0.00000000002352	0	0	-1.82972182	-1.92932628	-9.96044599999999E-02	0	-421926031604.388	0	0
-11.8	6.17385E-11	0	0	-1.86955616	-1.97073701	-0.10118085	0	-425532237002.716	0	0
-11.9	-1.06573E-11	0	0	-1.91058281	-2.01278223	-0.10219942	0	-429138442401.044	0	0
-12	2.85029E-11	0	0	-1.95177448	-2.05532199	-0.10354751	0	-432744647799.372	0	0
-12.1	-3.85404E-11	0	0	-1.99411733	-2.09896073	-0.1048434	0	-436350853197.701	0	0
-12.2	5.49674E-11	0	0	-2.03581802	-2.14225695	-0.10643893	0	-439957058596.029	0	0
-12.3	-4.77672E-11	0	0	-2.07855212	-2.18643601	-0.10788389	0	-443563263994.357	0	0
-12.4	3.88265E-11	0	0	-2.1219746	-2.23136909	-0.10939449	0	-447169469392.685	0	0
-12.5	1.48296E-11	0	0	-2.16578919	-2.27676943	-0.11098024	0	-450775674791.013	0	0
-12.6	2.01464E-12	0	0	-2.21042496	-2.32297642	-0.11255146	0	-454381880189.341	0	0
-12.7	2.85745E-11	0	0	-2.25561886	-2.36981511	-0.11419625	0	-457988085587.669	0	0
-12.8	-4.77791E-11	0	0	-2.30155062	-2.41748845	-0.11593783	0	-461594290985.997	0	0
-12.9	-0.000000000030756	0	0	-2.34798848	-2.4655943	-0.11760582	0	-465200496384.325	0	0
-13	-3.17454E-11	0	0	-2.39509984	-2.51441837	-0.11931853	0	-468806701782.654	0	0
-13.1	-2.46882E-11	0	0	-2.4428886	-2.56388387	-0.12099527	0	-472412907180.982	0	0
-13.2	5.44667E-11	0	0	-2.49118695	-2.61401719	-0.12283024	0	-476019112579.31	0	0
-13.3	-5.60284E-13	0	0	-2.54013833	-2.66469473	-0.1245564	0	-479625317977.638	0	0
-13.4	8.27312E-12	0	0	-2.58949052	-2.71604176	-0.12655124	0	-483231523375.966	0	0
-13.5	2.80499E-11	0	0	-2.63958681	-2.7679121	-0.12832529	0	-486837728774.294	0	0
-13.6	2.94924E-11	0	0	-2.68991003	-2.81989835	-0.12998832	0	-490443934172.622	0	0
-13.7	-5.12123E-11	0	0	-2.74069805	-2.87255876	-0.13186071	0	-494050139570.95	0	0
-13.8	5.41687E-11	0	0	-2.79193793	-2.92525589	-0.13331796	0	-497656344969.278	0	0
-13.9	0.000000000014472	0	0	-2.84366745	-2.97880783	-0.13514038	0	-501262550367.606	0	0
-14	-4.91977E-11	0	0	-2.89553005	-3.03254816	-0.13701811	0	-504868755765.935	0	0
-14.1	-6.42538E-12	0	0	-2.94799868	-3.086677	-0.13867832	0	-508474961164.263	0	0
-14.2	3.63588E-12	0	0	-3.00069767	-3.14114928	-0.14045161	0	-512081166562.591	0	0
-14.3	-4.97699E-11	0	0	-3.05356841	-3.19583566	-0.14226725	0	-515687371960.919	0	0
-14.4	-6.29067E-11	0	0	-3.10679839	-3.25095116	-0.14415277	0	-519293577359.247	0	0
-14.5	-4.94838E-11	0	0	-3.16049059	-3.30637875	-0.14588816	0	-522899782757.575	0	0
-14.6	-6.18696E-11	0	0	-3.21452098	-3.36228825	-0.14776727	0	-526505988155.903	0	0
-14.7	4.92573E-11	0	0	-3.26886175	-3.41836196	-0.14950021	0	-530112193554.231	0	0
-14.8	-6.48975E-11	0	0	-3.32332343	-3.47465013	-0.1513267	0	-533718398952.559	0	0
-14.9	-3.80516E-11	0	0	-3.37802045	-3.53107114	-0.15305069	0	-537324604350.887	0	0
-15	5.68628E-12	0	0	-3.43281606	-3.58769515	-0.15487909	0	-540930809749.216	0	0
-15.1	-1.27316E-11	0	0	-3.48788928	-3.64450455	-0.15661527	0	-544537015147.544	0	0
-15.2	-5.79357E-12	0	0	-3.54320624	-3.70167361	-0.15846737	0	-548143220545.872	0	0
-15.3	1.68085E-11	0	0	-3.5988048	-3.75905977	-0.16025497	0	-551749425944.2	0	0
-15.4	0.000000000031507	0	0	-3.65452446	-3.81670986	-0.1621854	0	-555355631342.528	0	0
-15.5	0.00000000004282	0	0	-3.71067146	-3.87450436	-0.1638329	0	-558961836740.856	0	0
-15.6	2.13146E-11	0	0	-3.76691003	-3.93256209	-0.16565206	0	-562568042139.184	0	0
-15.7	-0.000000000036943	0	0	-3.82332216	-3.99073756	-0.1674154	0	-566174247537.512	0	0
-15.8	-3.49283E-11	0	0	-3.87967398	-4.04887211	-0.169198129999999	0	-569780452935.84	0	0
-15.9	2.92659E-11	0	0	-3.93630817	-4.10728937	-0.1709812	0	-573386658334.168	0	0
-16	-2.25067E-11	0	0	-3.99303878	-4.1658091	-0.17277032	0	-576992863732.497	0	0
-16.1	-1.84417E-11	0	0	-4.04978958	-4.22444203	-0.17465245	0	-580599069130.825	0	0
-16.2	-6.06537E-11	0	0	-4.10689063	-4.28332771	-0.17643708	0	-584205274529.153	0	0
-16.3	6.4373E-13	0	0	-4.16421082	-4.34240137	-0.17819055	0	-587811479927.481	0	0
-16.4	-0.000000000068903	0	0	-4.22166922	-4.40165984	-0.17999062	0	-591417685325.809	0	0
-16.5	2.71559E-11	0	0	-4.27922674	-4.46096069	-0.18173395	0	-595023890724.137	0	0
-16.6	3.03149E-11	0	0	-4.33675222	-4.52032376	-0.18357154	0	-598630096122.465	0	0
-16.7	-0.000000000057888	0	0	-4.39446174	-4.57982099	-0.18535925	0	-602236301520.793	0	0
-16.8	-2.79188E-11	0	0	-4.45219189	-4.63937197	-0.18718008	0	-605842506919.121	0	0
-16.9	-1.12176E-11	0	0	-4.51016473	-4.69920728	-0.189042550000001	0	-609448712317.449	0	0
-17	1.81556E-11	0	0	-4.56813056	-4.75898582	-0.19085526	0	-613054917715.778	0	0
-17.1	-8.40902E-11	0	0	-4.62646126	-4.81905189	-0.19259063	0	-616661123114.106	0	0
-17.2	1.06215E-11	0	0	-4.68466172	-4.87901657	-0.19435485	0	-620267328512.434	0	0
-17.3	-2.41637E-11	0	0	-4.74310756	-4.93928576	-0.196178199999999	0	-623873533910.762	0	0
-17.4	-4.48346E-11	0	0	-4.80156093	-4.99957411	-0.19801318	0	-627479739309.09	0	0
-17.5	-4.44889E-11	0	0	-4.86038152	-5.0602079	-0.19982638	0	-631085944707.418	0	0
-17.6	-8.17299E-11	0	0	-4.91925989	-5.12083396	-0.201574069999999	0	-634692150105.746	0	0
-17.7	-8.14796E-11	0	0	-4.97814721	-5.18159312	-0.203445909999999	0	-638298355504.074	0	0
-17.8	-4.84467E-11	0	0	-5.0372289	-5.24244482	-0.205215920000001	0	-641904560902.402	0	0
-17.9	-3.33786E-11	0	0	-5.09648138	-5.30338935	-0.20690797	0	-645510766300.73	0	0
-18	-8.54731E-11	0	0	-5.15560409	-5.364497	-0.20889291	0	-649116971699.059	0	0
-18.1	1.51753E-11	0	0	-5.21536573	-5.4256776	-0.21031187	0	-652723177097.387	0	0
-18.2	-7.61747E-11	0	0	-5.27477784	-5.48692282	-0.212144980000001	0	-656329382495.715	0	0
-18.3	-1.36614E-11	0	0	-5.33448139	-5.54842671	-0.213945320000001	0	-659935587894.043	0	0
-18.4	-9.91702E-11	0	0	-5.39325905	-5.60902509	-0.21576604	0	-663541793292.371	0	0
-18.5	-8.28505E-11	0	0	-5.45252103	-5.67000836	-0.21748733	0	-667147998690.699	0	0
-18.6	-5.12719E-11	0	0	-5.51159412	-5.73096135	-0.21936723	0	-670754204089.027	0	0
-18.7	-5.07712E-11	0	0	-5.57087554	-5.79197797	-0.221102429999999	0	-674360409487.355	0	0
-18.8	-4.51803E-11	0	0	-5.63011646	-5.85306485	-0.22294839	0	-677966614885.683	0	0
-18.9	-5.24044E-11	-0.0000001	-49.82	-5.68933893	-5.9138305	-0.224491570000001	9.82823542104496E-08	-681572820284.011	-0.900021558703751	0
-19	-0.000000000501192	-0.0000001	-45.3458	-5.74600447	-5.9700249	-0.22402043	9.84890529850334E-08	-685179025682.34	-0.89716748670577	0
-19.1	-0.000000000990319	-0.0000001	-33.1836	-5.79539692	-6.01862856	-0.22323164	9.88370644949794E-08	-688785231080.668	-0.895623822447457	0
-19.2	-0.00000000138419	-0.0000001	-13.9382	-5.83977427	-6.04101461	-0.20124034	1.09637858890519E-07	-692391436478.996	-0.988322045287127	0
-19.3	-0.000000000693011	-0.0000001	-9.28712	-5.78459075	-5.95449995	-0.1699092	1.29855004908504E-07	-695997641877.324	-1.16450283397423	0
-19.4	-0.000000000719786	-0.0000001	-8.96447	-5.67105749	-5.82026665	-0.14920916	1.47870010125384E-07	-699603847275.652	-1.31922094679664	0
-19.5	-0.000000000701106	-0.0000001	-8.71725	-5.5169566	-5.64284998	-0.12589338	1.7525591893712E-07	-703210052673.98	-1.55552590772591	0
-19.6	-0.000000000678945	-0.0000001	-8.48887	-5.37088945	-5.52358685	-0.1526974	1.44492047670753E-07	-706816258072.308	-1.27593056224173	0
-19.7	-0.000000000555718	-0.0000001	-8.29789	-5.27715069	-5.42707649	-0.1499258	1.47163196727981E-07	-710422463470.636	-1.29292148628644	0
-19.8	-0.000000000594103	-0.0000001	-8.12295	-5.18992394	-5.33621487	-0.14629093	1.50819739815722E-07	-714028668868.964	-1.31835436901855	0
-19.9	-0.000000000646377	-0.0000001	-7.95569	-5.10617386	-5.24928694	-0.14311308	1.54168717492489E-07	-717634874267.292	-1.3408566461465	0
-20	-0.00000000062902	-0.0000001	-7.80339	-5.02621407	-5.1659805	-0.13976643	1.57860224375768E-07	-721241079665.621	-1.36609809555953	0
-20.1	-0.000000000604355	-0.0000001	-7.6684	-4.94870219	-5.08586365	-0.137161460000001	1.60858305241136E-07	-724847285063.949	-1.38511743893056	0
-20.2	-0.000000000647318	-0.0000001	-7.52832	-4.87376965	-5.00796548	-0.13419583	1.64413156504192E-07	-728453490462.277	-1.40871897233219	0
-20.3	-0.000000000612175	-0.0000001	-7.40567	-4.80128192	-4.9330736	-0.13179168	1.6741238900665E-07	-732059695860.605	-1.42735079676	0
-20.4	-0.000000000578785	-0.0000001	-7.29035	-4.73149029	-4.86044346	-0.12895317	1.71097461194634E-07	-735665901258.933	-1.45161873185492	0
-20.5	-0.000000000505066	-0.0000001	-7.17476	-4.66281732	-4.7899896	-0.12717228	1.73493468859723E-07	-739272106657.261	-1.46476662264307	0
-20.6	-0.000000000572062	-0.0000001	-7.07033	-4.5972235	-4.72226659	-0.12504309	1.7644765496438E-07	-742878312055.589	-1.48247656336765	0
-20.7	-0.000000000568116	-0.0000001	-6.96995	-4.53289586	-4.6562985	-0.12340264	1.78793257583468E-07	-746484517453.917	-1.49492690287181	0
-20.8	-0.000000000513482	-0.0000001	-6.87259	-4.47146922	-4.59450662	-0.123037399999999	1.79324010422848E-07	-750090722852.245	-1.49215615181734	0
-20.9	-0.000000000174987	-0.0000001	-6.75857	-4.42050441	-4.53694703	-0.11644262	1.89480106167312E-07	-753696928250.574	-1.56912123252283	0
-21	-4.89831E-11	-0.0000001	-6.67614	-4.3646704	-4.47494403	-0.11027363	2.00080109814105E-07	-757303133648.902	-1.64901189407229	0
-21.1	-0.00000000048058	-0.0000001	-6.60736	-4.3080444	-4.41744622	-0.10940182	2.0167452424466E-07	-760909339047.23	-1.65427517152929	0
-21.2	-0.000000000501084	-0.0000001	-6.52752	-4.2448377	-4.35750124	-0.112663540000001	1.95835848935688E-07	-764515544445.558	-1.59880500763896	0
-21.3	-0.000000000555801	-0.0000001	-6.44896	-4.19104693	-4.30549555	-0.11444862	1.92781354637566E-07	-768121749843.886	-1.56647904635075	0
-21.4	-0.000000000546265	-0.0000001	-6.37436	-4.13967877	-4.25301143	-0.11333266	1.94679627214255E-07	-771727955242.214	-1.57451172261709	0
-21.5	-0.000000000466824	-0.0000001	-6.29967	-4.08857476	-4.20057227	-0.11199751	1.97000451170745E-07	-775334160640.542	-1.58587125271619	0
-21.6	-0.000000000391221	-0.0000001	-6.22759	-4.03951287	-4.15019426	-0.11068139	1.99342997047652E-07	-778940366038.87	-1.59729965583054	0
-21.7	-0.000000000442386	-0.0000001	-6.16075	-3.99141446	-4.10079591	-0.10938145	2.01712081893227E-07	-782546571437.198	-1.60883440007005	0
-21.8	-0.000000000390506	-0.0000001	-6.09339	-3.94439517	-4.05267942	-0.10828425	2.03755947887159E-07	-786152776835.527	-1.61768130820786	0
-21.9	-0.000000000497258	-0.0000001	-6.0307	-3.8985228	-4.00608194	-0.10755914	2.05129568719126E-07	-789758982233.855	-1.62115043771701	0
-22	-0.00000000051285	-0.0000001	-5.96896	-3.85386687	-3.96058433	-0.10671746	2.06747424460814E-07	-793365187632.183	-1.62650945817074	0
-22.1	-0.000000000514603	-0.0000001	-5.90914	-3.81042793	-3.91637303	-0.1059451	2.08254652645568E-07	-796971393030.511	-1.63095359711983	0
-22.2	-0.000000000534916	-0.0000001	-5.85048	-3.76816229	-3.87303291	-0.10487062	2.10388381417026E-07	-800577598428.839	-1.64024205886454	0
-22.3	-0.000000000420511	-0.0000001	-5.79711	-3.72745346	-3.83146619	-0.10401273	2.12123650633918E-07	-804183803827.167	-1.64635465307456	0
-22.4	-0.000000000362885	-0.0000001	-5.73994	-3.68733481	-3.79043431	-0.1030995	2.14002589731278E-07	-807790009225.495	-1.65352275719566	0
-22.5	-0.000000000381744	-0.0000001	-5.68594	-3.64766272	-3.75010189	-0.10243917	2.1538206527835E-07	-811396214623.823	-1.65678511752577	0
-22.6	-0.000000000432026	-0.0000001	-5.63378	-3.60904136	-3.71061471	-0.10157335	2.17218000587752E-07	-815002420022.151	-1.66351429994024	0
-22.7	-0.000000000543511	-0.0000001	-5.58383	-3.57105452	-3.67213436	-0.10107984	2.18278541002836E-07	-818608625420.479	-1.66427216962514	0
-22.8	-0.000000000468028	-0.0000001	-5.53743	-3.5348806	-3.63540742	-0.10052682	2.19479338946562E-07	-822214830818.808	-1.6660880992907	0
-22.9	-0.000000000503755	-0.0000001	-5.48983	-3.49998962	-3.59967315	-9.96835300000001E-02	2.21336062236159E-07	-825821036217.136	-1.67284561649767	0
-23	-0.000000000514269	-0.0000001	-5.44297	-3.46525901	-3.56448388	-0.09922487	2.22359172655001E-07	-829427241615.464	-1.67327136613295	0
-23.1	-0.000000000433648	-0.0000001	-5.40042	-3.43165281	-3.5303212	-9.86683899999998E-02	2.23613256484676E-07	-833033447013.792	-1.67542399963543	0
-23.2	-0.000000000352752	-0.0000001	-5.35832	-3.39890307	-3.49718216	-9.82790900000001E-02	2.24499026191634E-07	-836639652412.12	-1.67481037444024	0
-23.3	-0.000000000317812	-0.0000001	-5.31686	-3.36782515	-3.4656077	-9.77825500000002E-02	2.256390327313E-07	-840245857810.448	-1.67609053696079	0
-23.4	-0.00000000039798	-0.0000001	-5.27882	-3.33767996	-3.43487087	-9.71909100000001E-02	2.27012587905597E-07	-843852063208.776	-1.67908718865087	0
-23.5	-0.00000000032047	-0.0000001	-5.23926	-3.30822934	-3.40485486	-9.66255199999999E-02	2.2834091863102E-07	-847458268607.104	-1.6817252599666	0
-23.6	-0.000000000399792	-0.0000001	-5.19813	-3.27925546	-3.37540738	-9.61519200000001E-02	2.29465620655313E-07	-851064474005.433	-1.68284760910839	0
-23.7	-0.000000000470161	-0.0000001	-5.16073	-3.25065933	-3.34607423	-9.54149000000002E-02	2.31238098032906E-07	-854670679403.761	-1.68869107618968	0
-23.8	-0.000000000366306	-0.0000001	-5.12388	-3.22207395	-3.31679935	-9.47254000000002E-02	2.32921265046122E-07	-858276884802.089	-1.69383596106585	0
-23.9	-0.000000000477588	-0.0000001	-5.08823	-3.19408751	-3.28845294	-9.43654299999999E-02	2.33809775465444E-07	-861883090200.417	-1.69318311811152	0
-24	-0.000000000341809	-0.0000001	-5.05378	-3.16724924	-3.26120293	-9.39536900000002E-02	2.3483441682812E-07	-865489295598.745	-1.69351742904894	0
-24.1	-0.000000000508833	-0.0000001	-5.0204	-3.14132881	-3.23507832	-9.37495099999999E-02	2.35345870074415E-07	-869095500997.073	-1.69016344611373	0
-24.2	-0.000000000294626	-0.0000001	-4.98811	-3.11634596	-3.20988098	-0.09353502	2.35885553881316E-07	-872701706395.401	-1.68703908529231	0
-24.3	-0.000000000334775	-0.0000001	-4.95652	-3.09204745	-3.18530951	-9.32620600000003E-02	2.36575945245043E-07	-876307911793.729	-1.68501385502168	0
-24.4	-0.000000000458074	-0.0000001	-4.92623	-3.06861416	-3.16176749	-9.31533299999998E-02	2.36852080328208E-07	-879914117192.057	-1.68006677408092	0
-24.5	-0.00000000034188	-0.0000001	-4.89748	-3.04594256	-3.13856489	-9.26223300000002E-02	2.38209943541692E-07	-883520322590.385	-1.68280179896015	0
-24.6	-0.000000000396514	-0.0000001	-4.86762	-3.02387709	-3.11620437	-9.23272800000001E-02	2.38971190313415E-07	-887126527988.714	-1.68131700501934	0
-24.7	-0.000000000501084	-0.0000001	-4.84082	-3.00246137	-3.0942522	-9.17908300000003E-02	2.40367801445961E-07	-890732733387.042	-1.68429633526444	0
-24.8	-0.000000000311291	-0.0000001	-4.81445	-2.98146867	-3.0728175	-9.13488300000003E-02	2.41530843909002E-07	-894338938785.37	-1.68562158435252	0
-24.9	-0.000000000446844	-0.0000001	-4.78735	-2.96080846	-3.05191376	-9.11053000000002E-02	2.42176470523668E-07	-897945144183.698	-1.6833396931673	0
-25	-0.000000000341952	-0.0000001	-4.76139	-2.94118368	-3.03197899	-9.07953099999999E-02	2.43003300500874E-07	-901551349582.026	-1.68233054192913	0
-25.1	-0.000000000426412	-0.0000001	-4.73593	-2.92208324	-3.01264915	-0.09056591	2.43618818604042E-07	-905157554980.354	-1.67987233177779	0
-25.2	-0.000000000426567	-0.0000001	-4.71403	-2.90367791	-2.99401672	-0.09033881	2.4423124457805E-07	-908763760378.682	-1.67741239408001	0
-25.3	-0.000000000320089	-0.0000001	-4.68853	-2.88565956	-2.97567265	-9.00130899999998E-02	2.45115016049333E-07	-912369965777.01	-1.67682817303435	0
-25.4	-0.000000000403535	-0.0000001	-4.66524	-2.86801365	-2.95769184	-8.96781899999999E-02	2.46030389328777E-07	-915976171175.338	-1.67646388852134	0
-25.5	-0.00000000046128	-0.0000001	-4.64347	-2.85094801	-2.94028551	-8.93374999999996E-02	2.46968630194488E-07	-919582376573.666	-1.67625767100331	0
-25.6	-0.000000000393093	-0.0000001	-4.62162	-2.83426131	-2.92339239	-0.08913108	2.47540588535447E-07	-923188581971.995	-1.67357669532679	0
-25.7	-0.000000000325871	-0.0000001	-4.60112	-2.81837945	-2.90711954	-8.87400899999999E-02	2.48631255614007E-07	-926794787370.323	-1.67440983277916	0
-25.8	-0.000000000386691	-0.0000001	-4.5799	-2.80260924	-2.89097555	-8.83663100000001E-02	2.49682939120124E-07	-930400992768.651	-1.67497499409743	0
-25.9	-0.000000000468409	-0.0000001	-4.5604	-2.78732017	-2.87550023	-0.08818006	2.50210308316869E-07	-934007198166.979	-1.67203205735953	0
-26	-0.000000000402462	-0.0000001	-4.53864	-2.77230704	-2.86028978	-8.79827400000002E-02	2.50771458129173E-07	-937613403565.307	-1.66933662955811	0
-26.1	-0.000000000477982	-0.0000001	-4.52089	-2.75805004	-2.84590919	-8.78591499999999E-02	2.51124214154132E-07	-941219608963.635	-1.6652799347091	0
-26.2	-0.000000000404406	-0.0000001	-4.50179	-2.74402569	-2.83147621	-0.08745052	2.5229764214095E-07	-944825814361.963	-1.66667555730223	0
-26.3	-0.000000000329113	-0.0000001	-4.48269	-2.73007689	-2.81741413	-8.73372400000001E-02	2.52624882581588E-07	-948432019760.291	-1.66249191520495	0
-26.4	-0.000000000400221	-0.0000001	-4.46482	-2.71634691	-2.80344098	-0.08709407	2.53330220989787E-07	-952038225158.619	-1.66081875648899	0
-26.5	-0.000000000312042	-0.0000001	-4.44873	-2.70342894	-2.79034898	-8.69200400000003E-02	2.53837434957461E-07	-955644430556.947	-1.65786423411985	0
-26.6	-0.000000000345886	-0.0000001	-4.43407	-2.69138671	-2.77829092	-8.69042099999997E-02	2.53883672609187E-07	-959250635955.276	-1.65193251408523	0
-26.7	-0.000000000436223	-0.0000001	-4.41729	-2.68012462	-2.76678928	-8.66646599999998E-02	2.5458543309349E-07	-962856841353.604	-1.65029451011337	0
-26.8	-0.000000000491261	-0.0000001	-4.40037	-2.66886347	-2.75509337	-8.62299000000002E-02	2.55869019910726E-07	-966463046751.932	-1.65242621928569	0
-26.9	-0.000000000415182	-0.0000001	-4.38588	-2.65752153	-2.74336027	-8.58387400000002E-02	2.57034993756897E-07	-970069252150.26	-1.65378534730632	0
-27	-0.000000000331581	-0.0000001	-4.37106	-2.64623547	-2.73181063	-8.55751599999999E-02	2.57826687090039E-07	-973675457548.588	-1.6527351736541	0
-27.1	-0.000000000306737	-0.0000001	-4.35592	-2.63530121	-2.72059919	-0.08529798	2.58664507647192E-07	-977281662946.916	-1.65198734659717	0
-27.2	-0.000000000402641	-0.0000001	-4.3393	-2.62467583	-2.70973304	-0.08505721	2.59396704876635E-07	-980887868345.244	-1.65057292413017	0
-27.3	-0.000000000474644	-0.0000001	-4.32598	-2.61403788	-2.69881476	-8.47768799999997E-02	2.60254446731232E-07	-984494073743.572	-1.64996479330874	0
-27.4	-0.000000000391555	-0.0000001	-4.31022	-2.6037779	-2.68834977	-0.08457187	2.60885327473544E-07	-988100279141.9	-1.64792809324951	0
-27.5	-0.000000000315106	-0.0000001	-4.29791	-2.5935151	-2.67798286	-8.44677600000003E-02	2.61206879405822E-07	-991706484540.228	-1.6439593808758	0
-27.6	-0.000000000390661	-0.0000001	-4.28465	-2.58353377	-2.66779796	-8.42641900000003E-02	2.61837917150808E-07	-995312689938.557	-1.64196018280189	0
-27.7	-0.000000000345981	-0.0000001	-4.26962	-2.57357246	-2.65774204	-8.41695800000002E-02	2.62132233521896E-07	-998918895336.885	-1.63787149520763	0
-27.8	-0.000000000404346	-0.0000001	-4.25594	-2.56396394	-2.64777896	-8.38150200000003E-02	2.63241123130436E-07	-1002525100735.21	-1.63888358340753	0
-27.9	-0.000000000289476	-0.0000001	-4.24319	-2.55432513	-2.63789786	-8.35727299999998E-02	2.64004299009977E-07	-1006131306133.54	-1.63774379038447	0
-28	-0.000000000439858	-0.0000001	-4.23109	-2.54511828	-2.62861289	-8.34946099999998E-02	2.64251309156364E-07	-1009737511531.87	-1.63342155385115	0
-28.1	-0.00000000045172	-0.0000001	-4.2194	-2.53619359	-2.61944252	-8.32489300000003E-02	2.65031154154172E-07	-1013343716930.2	-1.63241198151352	0
-28.2	-0.000000000332487	-0.0000001	-4.20678	-2.52759909	-2.61061555	-8.30164600000001E-02	2.65773317725183E-07	-1016949922328.53	-1.63117830027731	0
-28.3	-0.000000000421488	-0.0000001	-4.19483	-2.5190161	-2.60179861	-8.27825099999999E-02	2.6652441439623E-07	-1020556127726.85	-1.63000797062114	0
-28.4	-0.000000000498843	-0.0000001	-4.18286	-2.51065678	-2.59312885	-8.24720699999997E-02	2.67527661182751E-07	-1024162333125.18	-1.63038255054493	0
-28.5	-0.000000000354064	-0.0000001	-4.17215	-2.50242898	-2.58483301	-8.24040300000002E-02	2.67748555501472E-07	-1027768538523.51	-1.62600337349072	0
-28.6	-0.000000000429964	-0.0000001	-4.16018	-2.49431705	-2.57647033	-0.08215328	2.68565783374687E-07	-1031374743921.84	-1.62526361644176	0
-28.7	-0.000000000314939	-0.0000001	-4.14833	-2.4863179	-2.56826459	-8.19466900000001E-02	2.69242845562157E-07	-1034980949320.17	-1.62368373764367	0
-28.8	-0.000000000393915	-0.0000001	-4.13751	-2.47829937	-2.56014442	-8.18450500000001E-02	2.69577207173799E-07	-1038587154718.49	-1.62005533157331	0
-28.9	-0.000000000298476	-0.0000001	-4.12751	-2.47044413	-2.5521558	-8.17116699999998E-02	2.70017244782784E-07	-1042193360116.82	-1.61708491019767	0
-29	-0.000000000403953	-0.0000001	-4.11601	-2.46265933	-2.54428691	-8.16275799999997E-02	2.70295407508101E-07	-1045799565515.15	-1.61316887770087	0
-29.1	-0.000000000494874	-0.0000001	-4.10734	-2.45539704	-2.53679527	-0.08139823	2.71056999642375E-07	-1049405770913.48	-1.61215503355893	0
-29.2	-0.000000000422466	-0.0000001	-4.09584	-2.44823612	-2.5294121	-8.11759800000003E-02	2.71799120872947E-07	-1053011976311.81	-1.61103272382542	0
-29.3	-0.0000000005054	-0.0000001	-4.08481	-2.44092009	-2.52186852	-8.09484299999998E-02	2.72563161509124E-07	-1056618181710.13	-1.61004755420197	0
-29.4	-0.000000000372911	-0.0000001	-4.07571	-2.43376492	-2.51454608	-8.07811599999999E-02	2.73127546076338E-07	-1060224387108.46	-1.6078937170899	0
-29.5	-0.000000000482619	-0.0000001	-4.06627	-2.42663616	-2.50732611	-0.08068995	2.73436282957171E-07	-1063830592506.79	-1.60425459362095	0
-29.6	-0.000000000425756	-0.0000001	-4.05677	-2.42005248	-2.50053919	-8.04867100000002E-02	2.74126747136266E-07	-1067436797905.12	-1.60287209214293	0
-29.7	-0.000000000366902	-0.0000001	-4.04578	-2.41348301	-2.49389124	-8.04082299999997E-02	2.74394300185442E-07	-1071043003303.45	-1.59903438336505	0
-29.8	-0.000000000477016	-0.0000001	-4.03709	-2.40696723	-2.48715615	-8.01889200000003E-02	2.75144745683068E-07	-1074649208701.77	-1.5980270464298	0
-29.9	-0.000000000489783	-0.0000001	-4.02812	-2.40034903	-2.48035716	-0.08000813	2.75766475231955E-07	-1078255414100.1	-1.59628137193696	0
-30	-0.000000000314212	-0.0000001	-4.02037	-2.39417327	-2.47410793	-7.99346600000002E-02	2.76019939285411E-07	-1081861619498.43	-1.5924227266466	0
-30.1	-0.000000000325871	-0.0000001	-4.01016	-2.38816971	-2.46788225	-7.97125400000001E-02	2.76789072334165E-07	-1085467824896.76	-1.59155484986422	0
-30.2	-0.000000000312221	-0.0000001	-4.00208	-2.3822084	-2.46182554	-7.96171399999999E-02	2.77120730536164E-07	-1089074030295.09	-1.58818554178902	0
-30.3	-0.000000000474298	-0.0000001	-3.9931	-2.37618505	-2.45548307	-0.07929802	2.7823595091025E-07	-1092680235693.42	-1.58931426643326	0
-30.4	-0.000000000436604	-0.0000001	-3.98466	-2.36990753	-2.44906425	-7.91567200000003E-02	2.78732620553251E-07	-1096286441091.74	-1.58691395810935	0
-30.5	-0.000000000365782	-0.0000001	-3.97593	-2.36384685	-2.44285151	-7.90046600000003E-02	2.79269096278624E-07	-1099892646490.07	-1.58475527522548	0
-30.6	-0.000000000434458	-0.0000001	-3.9676	-2.35776805	-2.43668425	-7.89162000000001E-02	2.79582139028488E-07	-1103498851888.4	-1.58134694020638	0
-30.7	-0.000000000543857	-0.0000001	-3.95989	-2.35170043	-2.43056688	-0.07886645	2.79758503140435E-07	-1107105057286.73	-1.577190258246	0
-30.8	-0.000000000414073	-0.0000001	-3.95054	-2.34604397	-2.42473961	-7.86956399999998E-02	2.80365722929505E-07	-1110711262685.06	-1.57548170976869	0
-30.9	-0.000000000327802	-0.0000001	-3.94392	-2.34053524	-2.41911501	-7.85797700000002E-02	2.80779136920354E-07	-1114317468083.38	-1.57269867580482	0
-31	-0.000000000351429	-0.0000001	-3.93642	-2.33530882	-2.41377989	-0.07847107	2.81168078885633E-07	-1117923673481.71	-1.56979696648306	0
-31.1	-0.000000000425231	-0.0000001	-3.92823	-2.33000722	-2.40843575	-7.84285300000001E-02	2.81320585761329E-07	-1121529878880.04	-1.56559811516941	0
-31.2	-0.000000000395393	-0.0000001	-3.92009	-2.32471824	-2.40287154	-7.81532999999999E-02	2.82311303553401E-07	-1125136084278.37	-1.56607601823263	0
-31.3	-0.000000000398171	-0.0000001	-3.91352	-2.31933007	-2.39741729	-0.07808722	2.82550204758218E-07	-1128742289676.7	-1.56239361195869	0
-31.4	-0.000000000476897	-0.0000001	-3.90611	-2.31432423	-2.39223121	-7.79069799999998E-02	2.83203892642226E-07	-1132348495075.02	-1.5610209663033	0
-31.5	-0.000000000464404	-0.0000001	-3.89869	-2.30953475	-2.38735711	-7.78223599999999E-02	2.83511833873967E-07	-1135954700473.35	-1.55775732897784	0
-31.6	-0.000000000404882	-0.0000001	-3.89128	-2.30460264	-2.38232519	-7.77225499999998E-02	2.83875915033668E-07	-1139560905871.68	-1.5548218325846	0
-31.7	-0.000000000424123	-0.0000001	-3.8834	-2.2995939	-2.37719092	-7.75970199999998E-02	2.84335145859983E-07	-1143167111270.01	-1.55242435861432	0
-31.8	-0.000000000368905	-0.0000001	-3.87662	-2.29457533	-2.37200346	-7.74281300000004E-02	2.8495535149822E-07	-1146773316668.34	-1.55091809596274	0
-31.9	-0.000000000493073	-0.0000001	-3.86963	-2.28976026	-2.36708473	-7.73244700000002E-02	2.85337358277398E-07	-1150379522066.67	-1.54812890312068	0
-32	-0.000000000518143	-0.0000001	-3.86271	-2.28511786	-2.36221726	-7.70993999999998E-02	2.86170320391599E-07	-1153985727464.99	-1.5477962040411	0
-32.1	-0.00000000034281	-0.0000001	-3.85572	-2.28029331	-2.35733982	-7.70465100000002E-02	2.86366767294196E-07	-1157591932863.32	-1.54403361229797	0
-32.2	-0.000000000510573	-0.0000001	-3.84911	-2.27567204	-2.35255021	-7.68781700000001E-02	2.86993824124585E-07	-1161198138261.65	-1.54260894476903	0
-32.3	-0.000000000505459	-0.0000001	-3.84285	-2.27099344	-2.34777966	-7.67862200000002E-02	2.87337493628413E-07	-1164804343659.98	-1.53967459076906	0
-32.4	-0.000000000501168	-0.0000001	-3.83584	-2.26654092	-2.34323106	-7.66901399999997E-02	2.87697479754243E-07	-1168410549058.31	-1.53684551150771	0
-32.5	-0.000000000449395	-0.0000001	-3.8301	-2.26219046	-2.33874178	-7.65513200000001E-02	2.88219197265311E-07	-1172016754456.63	-1.53489513336556	0
-32.6	-0.000000000364721	-0.0000001	-3.82393	-2.2577767	-2.33423595	-7.64592500000001E-02	2.88566262420832E-07	-1175622959854.96	-1.53202947250324	0
-32.7	-0.000000000408065	-0.0000001	-3.81682	-2.25332967	-2.32973527	-7.64056000000002E-02	2.88768886050236E-07	-1179229165253.29	-1.52841682807112	0
-32.8	-0.000000000381589	-0.0000001	-3.81143	-2.249182	-2.32535164	-7.61696400000003E-02	2.89663440709447E-07	-1182835370651.62	-1.52847734895932	0
-32.9	-0.000000000442445	-0.0000001	-3.8052	-2.24492385	-2.32118197	-7.62581199999999E-02	2.89327352942874E-07	-1186441576049.95	-1.52206346532959	0
-33	-0.000000000355136	-0.0000001	-3.79895	-2.24086788	-2.31694791	-0.07608003	2.90004617506066E-07	-1190047781448.27	-1.52100323866818	0
-33.1	-0.000000000482655	-0.0000001	-3.79332	-2.23663184	-2.31262152	-7.59896800000002E-02	2.90349426395794E-07	-1193653986846.6	-1.51821103739376	0
-33.2	-0.000000000411785	-0.0000001	-3.78822	-2.23257522	-2.30855306	-7.59778399999997E-02	2.90394672973068E-07	-1197260192244.93	-1.51387399024421	0
-33.3	-0.000000000520039	-0.0000001	-3.78215	-2.22877439	-2.30453853	-0.07576414	2.91213758910218E-07	-1200866397643.26	-1.51358502552088	0
-33.4	-0.000000000418532	-0.0000001	-3.77623	-2.22472652	-2.30046625	-0.07573973	2.91307613586687E-07	-1204472603041.59	-1.50953968348698	0
-33.5	-0.000000000443459	-0.0000001	-3.77044	-2.22095927	-2.29656239	-7.56031200000002E-02	2.91833987803677E-07	-1208078808439.91	-1.50775309427847	0
-33.6	-0.000000000373733	-0.0000001	-3.76542	-2.21702402	-2.29252675	-7.55027299999997E-02	2.92222016342986E-07	-1211685013838.24	-1.50526450726126	0
-33.7	-0.000000000471294	-0.0000001	-3.75967	-2.21336862	-2.28878467	-7.54160500000003E-02	2.92557883898718E-07	-1215291219236.57	-1.50252280021026	0
-33.8	-0.000000000351691	-0.0000001	-3.75361	-2.2095098	-2.28481187	-7.53020699999998E-02	2.93000710339039E-07	-1218897424634.9	-1.50034501197733	0
-33.9	-0.000000000342655	-0.0000001	-3.74917	-2.20583919	-2.28099771	-0.07515852	2.93560330884642E-07	-1222503630033.23	-1.49877636598694	0
-34	-0.000000000422096	-0.0000001	-3.74471	-2.20220662	-2.27726068	-7.50540599999998E-02	2.93968907211683E-07	-1226109835431.56	-1.49644805707304	0
-34.1	-0.000000000529206	-0.0000001	-3.73934	-2.1985368	-2.27359764	-7.50608400000004E-02	2.93942353962464E-07	-1229716040829.88	-1.4919248734842	0
-34.2	-0.00000000047245	-0.0000001	-3.73412	-2.19518005	-2.27017029	-0.07499024	2.94219087710614E-07	-1233322246228.21	-1.48896299448691	0
-34.3	-0.00000000036906	-0.0000001	-3.72823	-2.19172342	-2.26649884	-7.47754199999999E-02	2.95064340661678E-07	-1236928451626.54	-1.48888711928409	0
-34.4	-0.00000000041374	-0.0000001	-3.72416	-2.18840797	-2.26311312	-7.47051499999998E-02	2.95341887406692E-07	-1240534657024.87	-1.48595538163027	0
-34.5	-0.000000000554025	-0.0000001	-3.71799	-2.18490956	-2.25946912	-0.07455956	2.95918591794265E-07	-1244140862423.2	-1.48454143040601	0
-34.6	-0.00000000040102	-0.0000001	-3.71407	-2.1814385	-2.25603782	-7.45993199999999E-02	2.95760872887313E-07	-1247747067821.52	-1.47946190306015	0
-34.7	-0.000000000447392	-0.0000001	-3.70925	-2.17792018	-2.25248028	-7.45600999999998E-02	2.95916448609914E-07	-1251353273219.85	-1.47597430585747	0
-34.8	-0.000000000357604	-0.0000001	-3.70546	-2.1745075	-2.24924973	-0.07474223	2.95195366795987E-07	-1254959478618.18	-1.4681467181498	0
-34.9	-0.000000000603414	-0.0000001	-3.70233	-2.1715949	-2.24595172	-7.43568199999998E-02	2.96725438231491E-07	-1258565684016.51	-1.47152796125381	0
-35	-0.000000000469565	-0.0000001	-3.69448	-2.16794225	-2.24227385	-7.43316000000003E-02	2.96826114330916E-07	-1262171889414.84	-1.46782144449354	0
-35.1	-0.000000000459313	-0.0000001	-3.68989	-2.16435176	-2.23860972	-7.42579599999997E-02	2.97120470317257E-07	-1265778094813.16	-1.46509107651508	0
-35.2	-0.000000000454032	-0.0000001	-3.686	-2.16031496	-2.23462931	-7.43143499999999E-02	2.9689501422E-07	-1269384300211.49	-1.45982032778627	0
-35.3	-0.000000000465679	-0.0000001	-3.68104	-2.15751872	-2.23163261	-0.07411389	2.97698042836505E-07	-1272990505609.82	-1.45962213201599	0
-35.4	-0.000000000557125	-0.0000001	-3.67737	-2.15465023	-2.22860593	-0.0739557	2.98334813949432E-07	-1276596711008.15	-1.45861219336424	0
-35.5	-0.000000000362122	-0.0000001	-3.67256	-2.15157489	-2.22536392	-7.37890299999999E-02	2.9900867378254E-07	-1280202916406.48	-1.45778876708714	0
-35.6	-0.000000000484443	-0.0000001	-3.66879	-2.14853519	-2.22219864	-7.36634499999997E-02	2.99518417885669E-07	-1283809121804.8	-1.45617208349774	0
-35.7	-0.000000000526321	-0.0000001	-3.66525	-2.14555807	-2.21926553	-7.37074600000001E-02	2.99339578381889E-07	-1287415327203.13	-1.45122613953728	0
-35.8	-0.000000000457406	-0.0000001	-3.66065	-2.14280917	-2.21653395	-0.07372478	2.99269255194793E-07	-1291021532601.46	-1.44683245420775	0
-35.9	-0.000000000522757	-0.0000001	-3.65626	-2.14003627	-2.21368372	-7.36474500000002E-02	2.99583488634025E-07	-1294627737999.79	-1.44431722611219	0
-36	-0.000000000517857	-0.0000001	-3.65281	-2.13713296	-2.21078472	-7.36517599999997E-02	2.99565957419077E-07	-1298233943398.12	-1.44022094913018	0
-36.1	-0.000000000394738	-0.0000001	-3.64849	-2.13410467	-2.20761141	-0.07350674	3.00156965198021E-07	-1301840148796.45	-1.43906493009919	0
-36.2	-0.000000000442183	-0.0000001	-3.64488	-2.13127038	-2.20472816	-0.07345778	3.00357021407399E-07	-1305446354194.77	-1.43604610745144	0
-36.3	-0.000000000407577	-0.0000001	-3.64146	-2.12854668	-2.20185622	-7.33095399999999E-02	3.00964376532714E-07	-1309052559593.1	-1.43498590209495	0
-36.4	-0.000000000442183	-0.0000001	-3.6367	-2.12594697	-2.19906759	-7.31206199999996E-02	3.01741971006265E-07	-1312658764991.43	-1.43474098639919	0
-36.5	-0.000000000549412	-0.0000001	-3.63202	-2.12317436	-2.19622835	-0.07305399	3.02017179349136E-07	-1316264970389.76	-1.43211518131835	0
-36.6	-0.000000000542176	-0.0000001	-3.62839	-2.12050317	-2.19357683	-7.30736599999999E-02	3.0193588223171E-07	-1319871175788.09	-1.42781785418526	0
-36.7	-0.000000000453281	-0.0000001	-3.62366	-2.11773918	-2.19079033	-0.07305115	3.020289208315E-07	-1323477381186.41	-1.42436611165557	0
-36.8	-0.000000000528955	-0.0000001	-3.62074	-2.11489354	-2.18793594	-7.30423999999998E-02	3.0206510191341E-07	-1327083586584.74	-1.42066571761115	0
-36.9	-0.000000000405204	-0.0000001	-3.61661	-2.11212993	-2.18509372	-7.29637899999998E-02	3.0239054193868E-07	-1330689791983.07	-1.41834212916829	0
-37	-0.000000000410283	-0.0000001	-3.61253	-2.10928153	-2.18212349	-7.28419599999999E-02	3.02896297683369E-07	-1334295997381.4	-1.41687457336295	0
-37.1	-0.000000000485218	-0.0000001	-3.60828	-2.10650662	-2.17932785	-7.28212299999997E-02	3.02982523091138E-07	-1337902202779.73	-1.41345775856326	0
-37.2	-0.000000000561583	-0.0000001	-3.60467	-2.10373195	-2.17644406	-7.27121100000003E-02	3.03437212865916E-07	-1341508408178.05	-1.41177363306102	0
-37.3	-0.000000000595939	-0.0000001	-3.60192	-2.10113251	-2.17385352	-7.27210100000004E-02	3.03400076539089E-07	-1345114613576.38	-1.40781639969674	0
-37.4	-0.000000000451636	-0.0000001	-3.59828	-2.09860516	-2.17125142	-0.07264626	3.03712262682208E-07	-1348720818974.71	-1.40549689641088	0
-37.5	-0.000000000559342	-0.0000001	-3.59375	-2.09588939	-2.16850747	-7.26180800000003E-02	3.03830120542982E-07	-1352327024373.04	-1.40229286404453	0
-37.6	-0.000000000605583	-0.0000001	-3.59079	-2.09324274	-2.16577597	-7.25332299999999E-02	3.04185543646685E-07	-1355933229771.37	-1.40019941326727	0
-37.7	-0.000000000550854	-0.0000001	-3.58694	-2.09058294	-2.16306053	-7.24775900000001E-02	3.0441906249918E-07	-1359539435169.7	-1.39755741812519	0
-37.8	-0.000000000529742	-0.0000001	-3.58338	-2.08793522	-2.16049606	-0.07256084	3.04069798530447E-07	-1363145640568.02	-1.39226098228227	0
-37.9	-0.000000000616026	-0.0000001	-3.57971	-2.0855013	-2.15780146	-7.23001600000002E-02	3.05166129646185E-07	-1366751845966.35	-1.3935940566347	0
-38	-0.000000000579846	-0.0000001	-3.57585	-2.08275566	-2.15504175	-0.07228609	3.05225528175615E-07	-1370358051364.68	-1.39019724371484	0
-38.1	-0.000000000572765	-0.0000001	-3.57341	-2.08027833	-2.15246	-0.07218167	3.0566707586566E-07	-1373964256763.01	-1.38855425135824	0
-38.2	-0.000000000503886	-0.0000001	-3.57018	-2.07782539	-2.15005541	-7.22300199999997E-02	3.05462465606407E-07	-1377570462161.34	-1.38399224247768	0
-38.3	-0.000000000463223	-0.0000001	-3.56664	-2.07563153	-2.14797155	-7.23400199999999E-02	3.04997980371031E-07	-1381176667559.66	-1.37827968635232	0
-38.4	-0.00000000053966	-0.0000001	-3.56297	-2.07338816	-2.14556707	-7.21789099999999E-02	3.05678764060029E-07	-1384782872957.99	-1.37775885243402	0
-38.5	-0.000000000449657	-0.0000001	-3.56008	-2.07110413	-2.1432738	-7.21696699999996E-02	3.05717900608387E-07	-1388389078356.32	-1.3743561965412	0
-38.6	-0.000000000541246	-0.0000001	-3.55681	-2.06879959	-2.14092884	-7.21292500000001E-02	3.05889219699358E-07	-1391995283754.65	-1.37156385875559	0
-38.7	-0.000000000440741	-0.0000001	-3.55434	-2.0666792	-2.13877489	-7.20956900000003E-02	3.06031608824327E-07	-1395601489152.98	-1.36865656898178	0
-38.8	-0.00000000047487	-0.0000001	-3.55161	-2.06466743	-2.13670013	-7.20326999999998E-02	3.06299222436477E-07	-1399207694551.3	-1.36632285979793	0
-38.9	-0.000000000421691	-0.0000001	-3.54784	-2.06254731	-2.1344287	-7.18813900000002E-02	3.06943980910775E-07	-1402813899949.63	-1.3656791715429	0
-39	-0.000000000486076	-0.0000001	-3.54502	-2.06058913	-2.13247709	-7.18879600000002E-02	3.06915928620035E-07	-1406420105347.96	-1.36205293766288	0
-39.1	-0.000000000588953	-0.0000001	-3.54351	-2.05835206	-2.13011545	-7.17633900000001E-02	3.07448686579605E-07	-1410026310746.29	-1.36092768995497	0
-39.2	-0.000000000529468	-0.0000001	-3.53981	-2.05618873	-2.12790693	-7.17181999999998E-02	3.07642411549649E-07	-1413632516144.62	-1.35831127548413	0
-39.3	-0.000000000445795	-0.0000001	-3.53678	-2.05401846	-2.12569524	-7.16767800000002E-02	3.07820189467216E-07	-1417238721542.94	-1.3556379453929	0
-39.4	-0.000000000493181	-0.0000001	-3.53362	-2.05182442	-2.12348392	-0.0716595	3.07894417348712E-07	-1420844926941.27	-1.35252330932175	0
-39.5	-0.000000000565529	-0.0000001	-3.53097	-2.04997576	-2.12158851	-7.16127499999999E-02	3.08095415969922E-07	-1424451132339.6	-1.34997991418174	0
-39.6	-0.000000000600326	-0.0000001	-3.52896	-2.04802029	-2.11964639	-0.0716261	3.08037991737649E-07	-1428057337737.93	-1.34631989395825	0
-39.7	-0.000000000435305	-0.0000001	-3.5264	-2.046381	-2.11797895	-7.15979500000001E-02	3.08159102320666E-07	-1431663543136.26	-1.34345665611606	0
-39.8	-0.00000000044558	-0.0000001	-3.52245	-2.04448008	-2.1159353	-7.14552199999998E-02	3.0877464235643E-07	-1435269748534.58	-1.34275791515649	0
-39.9	-0.000000000449681	-0.0000001	-3.52076	-2.0423954	-2.1137464	-7.13509999999999E-02	3.09225659065746E-07	-1438875953932.91	-1.34134901272012	0
-40	-0.000000000602841	-0.0000001	-3.51821	-2.04008971	-2.1114815	-7.13917899999998E-02	3.09048981682628E-07	-1442482159331.24	-1.33723117074214	0
-40.1	-0.000000000551593	-0.0000001	-3.51576	-2.03797855	-2.10936509	-7.13865399999998E-02	3.09071710157126E-07	-1446088364729.57	-1.333994528781	0
-40.2	-0.000000000546312	-0.0000001	-3.51294	-2.03604394	-2.10749122	-7.14472800000001E-02	3.08808956758045E-07	-1449694570127.9	-1.32954487697207	0
-40.3	-0.00000000063926	-0.0000001	-3.51028	-2.03422875	-2.10560386	-0.07137511	3.09121204856987E-07	-1453300775526.23	-1.32758677405654	0
-40.4	-0.000000000519323	-0.0000001	-3.50724	-2.03236728	-2.10375013	-0.07138285	3.09087687028467E-07	-1456906980924.55	-1.32415707504579	0
-40.5	-0.000000000463974	-0.0000001	-3.50518	-2.03062349	-2.10199074	-7.13672500000002E-02	3.09155249781937E-07	-1460513186322.88	-1.32117628111939	0
-40.6	-0.000000000628459	-0.0000001	-3.50244	-2.02893883	-2.10018739	-7.12485599999999E-02	3.09670258598911E-07	-1464119391721.21	-1.3201176238112	0
-40.7	-0.000000000461364	-0.0000001	-3.50029	-2.02724846	-2.09850744	-7.12589800000001E-02	3.0962497638894E-07	-1467725597119.54	-1.3166815287755	0
-40.8	-0.000000000498879	-0.0000001	-3.49731	-2.02540617	-2.09657226	-7.11660899999997E-02	3.10029116395183E-07	-1471331802517.87	-1.31516876298862	0
-40.9	-0.000000000486302	-0.0000001	-3.49637	-2.02358213	-2.0946564	-0.07107427	3.10429639305476E-07	-1474938007916.19	-1.31364808808975	0
-41	-0.000000000536859	-0.0000001	-3.4931	-2.02165992	-2.09279012	-7.11302000000003E-02	3.10185547067208E-07	-1478544213314.52	-1.30941366022743	0
-41.1	-0.000000000479448	-0.0000001	-3.4912	-2.02002312	-2.09109096	-0.07106784	3.10457726026287E-07	-1482150418712.85	-1.30737391644983	0
-41.2	-0.000000000533986	-0.0000001	-3.48914	-2.01834368	-2.08937415	-7.10304699999997E-02	3.10621061637352E-07	-1485756624111.18	-1.30488683473495	0
-41.3	-0.00000000059613	-0.0000001	-3.4856	-2.01669049	-2.08768322	-7.09927300000004E-02	3.10786188952022E-07	-1489362829509.51	-1.30241930553557	0
-41.4	-0.000000000504923	-0.0000001	-3.48301	-2.01498363	-2.08593001	-7.09463799999996E-02	3.10989228766853E-07	-1492969034907.83	-1.30012219384136	0
-41.5	-0.000000000561059	-0.0000001	-3.48162	-2.01322333	-2.08421468	-7.09913499999999E-02	3.10792230321018E-07	-1496575240306.16	-1.29616778169099	0
-41.6	-0.000000000488222	-0.0000001	-3.47923	-2.01153631	-2.08246074	-7.09244300000003E-02	3.11085475061272E-07	-1500181445704.49	-1.29427203936365	0
-41.7	-0.000000000572097	-0.0000001	-3.47624	-2.00993426	-2.08083306	-7.08987999999997E-02	3.11197932828201E-07	-1503787651102.82	-1.29163502834063	0
-41.8	-0.000000000656104	-0.0000001	-3.47494	-2.00825184	-2.07917662	-7.09247800000004E-02	3.11083939914934E-07	-1507393856501.15	-1.28807299375893	0
-41.9	-0.000000000580812	-0.0000001	-3.47219	-2.00658491	-2.07745061	-7.08657000000001E-02	3.11343287373157E-07	-1511000061899.48	-1.28607012408593	0
-42	-0.000000000503778	-0.0000001	-3.46979	-2.00485396	-2.07567371	-7.08197499999996E-02	3.11545296333298E-07	-1514606267297.8	-1.28384050686799	0
-42.1	-0.000000000529146	-0.0000001	-3.46742	-2.00312834	-2.07387885	-7.07505099999999E-02	3.11850190196509E-07	-1518212472696.13	-1.28204445083527	0
-42.2	-0.000000000593841	-0.0000001	-3.46477	-2.00126931	-2.07203517	-7.07658599999998E-02	3.11782545990398E-07	-1521818678094.46	-1.27872899832008	0
-42.3	-0.000000000658298	-0.0000001	-3.46323	-1.99948884	-2.07026975	-7.07809100000001E-02	3.11716252305883E-07	-1525424883492.79	-1.27543474756908	0
-42.4	-0.000000000572979	-0.0000001	-3.46069	-1.99785881	-2.06856028	-7.07014699999997E-02	3.12066495930001E-07	-1529031088891.12	-1.27385634223966	0
-42.5	-0.000000000485432	-0.0000001	-3.45815	-1.99618806	-2.06684413	-7.06560699999998E-02	3.1226701400177E-07	-1532637294289.44	-1.27167562263164	0
-42.6	-0.000000000583029	-0.0000001	-3.45595	-1.99456936	-2.06520633	-0.07063697	3.12351449956022E-07	-1536243499687.77	-1.26903351823952	0
-42.7	-0.000000000651026	-0.0000001	-3.45374	-1.99288733	-2.06351157	-7.06242400000001E-02	3.12407751219694E-07	-1539849705086.1	-1.26628975003479	0
-42.8	-0.000000000595331	-0.0000001	-3.45153	-1.99115489	-2.06178795	-7.06330599999998E-02	3.12368740643546E-07	-1543455910484.43	-1.26317337607473	0
-42.9	-0.000000000474083	-0.0000001	-3.44907	-1.98950929	-2.06016013	-7.06508399999999E-02	3.12290129883807E-07	-1547062115882.76	-1.2599117666103	0
-43	-0.00000000058738	-0.0000001	-3.4473	-1.98802436	-2.0585429	-7.05185399999999E-02	3.12876018136507E-07	-1550668321281.08	-1.25933996566573	0
-43.1	-0.000000000686085	-0.0000001	-3.44591	-1.98668925	-2.05724928	-7.05600300000002E-02	3.1269204392345E-07	-1554274526679.41	-1.25567927686554	0
-43.2	-0.000000000583339	-0.0000001	-3.44423	-1.98536969	-2.05597339	-7.06037000000002E-02	3.12498636756996E-07	-1557880732077.74	-1.25199774341745	0
-43.3	-0.000000000494444	-0.0000001	-3.4417	-1.98390926	-2.05438991	-7.04806499999999E-02	3.13044218519551E-07	-1561486937476.07	-1.25128706993958	0
-43.4	-0.000000000631225	-0.0000001	-3.44018	-1.98239363	-2.05298085	-0.07058722	3.12571595821453E-07	-1565093142874.4	-1.24651912548435	0
-43.5	-0.000000000684428	-0.0000001	-3.43804	-1.98101609	-2.05149346	-7.04773700000001E-02	3.1305878752286E-07	-1568699348272.73	-1.24559199279652	0
-43.6	-0.000000000541198	-0.0000001	-3.43613	-1.97953088	-2.05004292	-7.05120400000001E-02	3.12904859935976E-07	-1572305553671.05	-1.24212409113611	0
-43.7	-0.00000000053674	-0.0000001	-3.4352	-1.97812161	-2.04860621	-7.04845999999999E-02	3.13026675330498E-07	-1575911759069.38	-1.23976416034786	0
-43.8	-0.000000000545192	-0.0000001	-3.4326	-1.97664922	-2.04713562	-7.04864000000001E-02	3.13018681618014E-07	-1579517964467.71	-1.23690206118815	0
-43.9	-0.000000000591767	-0.0000001	-3.43179	-1.97537481	-2.04587569	-0.07050088	3.12954391491284E-07	-1583124169866.04	-1.23383105108707	0
-44	-0.000000000705838	-0.0000001	-3.42954	-1.97399965	-2.04443421	-7.04345599999998E-02	3.13249064095808E-07	-1586730375264.37	-1.23218600387337	0
-44.1	-0.000000000610161	-0.0000001	-3.4276	-1.97275859	-2.04311232	-7.03537300000001E-02	3.13608958615271E-07	-1590336580662.69	-1.23080439016982	0
-44.2	-0.000000000705874	-0.0000001	-3.42641	-1.97148991	-2.04174534	-7.02554299999998E-02	3.14047754031255E-07	-1593942786061.02	-1.22973798567756	0
-44.3	-0.000000000608754	-0.0000001	-3.424	-1.96991157	-2.04023874	-7.03271699999999E-02	3.13727397249172E-07	-1597548991459.35	-1.22571044245639	0
-44.4	-0.000000000525332	-0.0000001	-3.42075	-1.96840541	-2.03868627	-0.07028086	3.13934120897212E-07	-1601155196857.68	-1.22375566877811	0
-44.5	-0.000000000616789	-0.0000001	-3.41936	-1.96700095	-2.03726262	-7.02616699999998E-02	3.14019863177178E-07	-1604761402256.01	-1.22133913940994	0
-44.6	-0.000000000721228	-0.0000001	-3.419	-1.96579048	-2.03610605	-0.07031557	3.13779153038225E-07	-1608367607654.33	-1.2176665994067	0
-44.7	-0.000000000626862	-0.0000001	-3.41801	-1.96462283	-2.034918	-7.02951699999999E-02	3.13870213273544E-07	-1611973813052.66	-1.21529509527702	0
-44.8	-0.000000000526762	-0.0000001	-3.41578	-1.96360235	-2.03395494	-7.03525900000002E-02	3.13614040364398E-07	-1615580018450.99	-1.21159270401768	0
-44.9	-0.000000000617564	-0.0000001	-3.4135	-1.96251531	-2.03271479	-7.01994800000001E-02	3.14298054629464E-07	-1619186223849.32	-1.21153096267996	0
-45	-0.000000000556529	-0.0000001	-3.41202	-1.9612869	-2.03156456	-7.02776600000001E-02	3.13948415470862E-07	-1622792429247.65	-1.20749390565716	0
-45.1	-0.000000000542796	-0.0000001	-3.41091	-1.9600535	-2.0302541	-7.02006000000002E-02	3.14293040230425E-07	-1626398634645.97	-1.20613907644287	0
-45.2	-0.000000000569499	-0.0000001	-3.40952	-1.95859186	-2.02885068	-7.02588200000001E-02	3.14032601173774E-07	-1630004840044.3	-1.20247337073007	0
-45.3	-0.000000000581396	-0.0000001	-3.40719	-1.95737542	-2.02758038	-7.02049599999999E-02	3.14273521415012E-07	-1633611045442.63	-1.2007393839086	0
-45.4	-0.000000000543308	-0.0000001	-3.40519	-1.95601059	-2.02605198	-7.00413900000001E-02	3.15007454877751E-07	-1637217250840.96	-1.20089253384436	0
-45.5	-0.000000000651217	-0.0000001	-3.40474	-1.954722	-2.02485822	-0.07013622	3.14581538611576E-07	-1640823456239.29	-1.19663307164167	0
-45.6	-0.000000000568199	-0.0000001	-3.40241	-1.9536136	-2.02366184	-0.07004824	3.1497665037694E-07	-1644429661637.62	-1.19550854141045	0
-45.7	-0.000000000574696	-0.0000001	-3.4011	-1.95240586	-2.02253364	-7.01277799999998E-02	3.14619399045572E-07	-1648035867035.94	-1.19153955201572	0
-45.8	-0.000000000687242	-0.0000001	-3.39979	-1.95129959	-2.02142887	-7.01292799999997E-02	3.14612669629577E-07	-1651642072434.27	-1.1889125069979	0
-45.9	-0.000000000651872	-0.0000001	-3.3986	-1.94998241	-2.02006076	-7.00783499999997E-02	3.14841316897445E-07	-1655248277832.6	-1.18718445285613	0
-46	-0.000000000650692	-0.0000001	-3.39694	-1.94880952	-2.01900808	-7.01985599999999E-02	3.14302173719803E-07	-1658854483230.93	-1.18257506834374	0
-46.1	-0.000000000754082	-0.0000001	-3.39524	-1.947734	-2.01781807	-7.00840700000001E-02	3.14815620725223E-07	-1662460688629.26	-1.18193750480853	0
-46.2	-0.00000000068512	-0.0000001	-3.39407	-1.94670237	-2.01677576	-7.00733899999999E-02	3.14863602288972E-07	-1666066894027.58	-1.17955894963401	0
-46.3	-0.000000000761998	-0.0000001	-3.39382	-1.94574601	-2.01579139	-0.07004538	3.14989511085527E-07	-1669673099425.91	-1.17748197365416	0
-46.4	-0.000000000763679	-0.0000001	-3.39132	-1.94455644	-2.01462087	-0.07006443	3.14903867768567E-07	-1673279304824.24	-1.17462483832771	0
-46.5	-0.000000000621033	-0.0000001	-3.38991	-1.94349419	-2.01353063	-0.07003644	3.15029718814948E-07	-1676885510222.57	-1.17256719161891	0
-46.6	-0.000000000593626	-0.0000001	-3.38806	-1.94230561	-2.01234911	-7.00435000000001E-02	3.14997965549979E-07	-1680491715620.9	-1.16993301830217	0
-46.7	-0.000000000720322	-0.0000001	-3.38683	-1.94116747	-2.01129082	-7.01233500000003E-02	3.1463927493481E-07	-1684097921019.22	-1.16609844935484	0
-46.8	-0.000000000728738	-0.0000001	-3.38608	-1.94019905	-2.01028492	-7.00858700000002E-02	3.14807535384806E-07	-1687704126417.55	-1.16422905097931	0
-46.9	-0.000000000588119	-0.0000001	-3.3836	-1.93916688	-2.00915671	-6.99898300000001E-02	3.15239514083688E-07	-1691310331815.88	-1.16334083432557	0
-47	-0.000000000625539	-0.0000001	-3.38188	-1.93795013	-2.00785339	-6.99032600000002E-02	3.15629914828005E-07	-1694916537214.21	-1.16230328700984	0
-47.1	-0.000000000733745	-0.0000001	-3.37945	-1.93662144	-2.00655531	-6.99338700000001E-02	3.1549176386206E-07	-1698522742612.54	-1.15932789268273	0
-47.2	-0.000000000755107	-0.0000001	-3.37877	-1.93563919	-2.00556569	-0.0699265	3.15525015552044E-07	-1702128948010.86	-1.15699361960903	0
-47.3	-0.000000000728548	-0.0000001	-3.37756	-1.93445591	-2.00436535	-0.06990944	3.15602013118686E-07	-1705735153409.19	-1.15482928852991	0
-47.4	-0.000000000734365	-0.0000001	-3.37839	-1.93357421	-2.00352229	-6.99480799999999E-02	3.15427671495773E-07	-1709341358807.52	-1.15175634674698	0
-47.5	-0.000000000637436	-0.0000001	-3.3764	-1.93255959	-2.0024512	-6.98916099999998E-02	3.15682526128674E-07	-1712947564205.85	-1.15026021666318	0
-47.6	-0.000000000796461	-0.0000001	-3.37519	-1.93165548	-2.00161447	-6.99589899999997E-02	3.15378481021525E-07	-1716553769604.18	-1.14673817436721	0
-47.7	-0.000000000706673	-0.0000001	-3.37352	-1.93062811	-2.0004881	-6.98599900000001E-02	3.15825410224078E-07	-1720159975002.51	-1.14595577004382	0
-47.8	-0.000000000717199	-0.0000001	-3.37242	-1.92940823	-1.99935464	-0.06994641	3.15435202464286E-07	-1723766180400.83	-1.14214548687584	0
-47.9	-0.000000000711453	-0.0000001	-3.37063	-1.92846558	-1.99836117	-0.06989559	3.15664550510268E-07	-1727372385799.16	-1.14058975212478	0
-48	-0.000000000732315	-0.0000001	-3.36873	-1.92724012	-1.99714096	-6.99008400000001E-02	3.15640842084301E-07	-1730978591197.49	-1.13812803636166	0
-48.1	-0.000000000702953	-0.0000001	-3.36766	-1.9261267	-1.99599267	-6.98659699999999E-02	3.15798377951383E-07	-1734584796595.82	-1.13632872283802	0
-48.2	-0.000000000721967	-0.0000001	-3.36613	-1.92487356	-1.99467691	-6.98033499999999E-02	3.16081678028347E-07	-1738191001994.15	-1.13498847041778	0
-48.3	-0.000000000741708	-0.0000001	-3.36488	-1.92374715	-1.99362254	-0.06987539	3.15755804726099E-07	-1741797207392.47	-1.1314708721671	0
-48.4	-0.000000000682318	-0.0000001	-3.36416	-1.92268445	-1.99251453	-0.06983008	3.15960686283046E-07	-1745403412790.8	-1.12986577262691	0
-48.5	-0.000000000774026	-0.0000001	-3.36172	-1.92147143	-1.99128072	-0.06980929	3.16054782966565E-07	-1749009618189.13	-1.12787194555872	0
-48.6	-0.00000000067662	-0.0000001	-3.361	-1.9204101	-1.99014705	-0.06973695	3.1638263503064E-07	-1752615823587.46	-1.12671878572165	0
-48.7	-0.000000000781262	-0.0000001	-3.35993	-1.91930641	-1.98910752	-0.06980111	3.16091821462438E-07	-1756222028985.79	-1.12337166054412	0
-48.8	-0.000000000790703	-0.0000001	-3.35917	-1.9183824	-1.98831341	-6.99310099999999E-02	3.15504666670766E-07	-1759828234384.11	-1.11898723204481	0
-48.9	-0.000000000671875	-0.0000001	-3.35807	-1.91773688	-1.98765741	-6.99205299999999E-02	3.15551955913378E-07	-1763434439782.44	-1.11686629039657	0
-49	-0.000000000811172	-0.0000001	-3.35715	-1.91691172	-1.98692607	-7.00143499999999E-02	3.15129112817587E-07	-1767040645180.77	-1.11309341262099	0
-49.1	-0.00000000065434	-0.0000001	-3.35623	-1.9160576	-1.98613041	-7.00728099999999E-02	3.14866208448042E-07	-1770646850579.1	-1.10989968511373	0
-49.2	-0.00000000065254	-0.0000001	-3.35482	-1.91535353	-1.98537187	-7.00183400000001E-02	3.15111155163061E-07	-1774253055977.43	-1.10850547078938	0
-49.3	-0.000000000659585	-0.0000001	-3.35113	-1.91435905	-1.98425849	-6.98994399999999E-02	3.15647163983002E-07	-1777859261375.75	-1.10813874077353	0
-49.4	-0.000000000765944	-0.0000001	-3.35238	-1.91336746	-1.98317182	-0.06980436	3.16077104639309E-07	-1781465466774.08	-1.10740187704523	0
-49.5	-0.000000000694954	-0.0000001	-3.3511	-1.91225794	-1.98204092	-6.97829800000001E-02	3.16173943847052E-07	-1785071672172.41	-1.10550330016452	0
-49.6	-0.000000000686181	-0.0000001	-3.35039	-1.91141202	-1.98130389	-0.06989187	3.15681351779542E-07	-1788677877570.74	-1.10155558545901	0
-49.7	-0.000000000725245	-0.0000001	-3.34921	-1.91085117	-1.98065861	-6.98074400000002E-02	3.16063158883923E-07	-1792284082969.07	-1.10066879351312	0
-49.8	-0.000000000695014	-0.0000001	-3.3487	-1.9099485	-1.97983718	-0.06988868	3.15695760744086E-07	-1795890288367.4	-1.09718174494006	0
-49.9	-0.000000000709236	-0.0000001	-3.34788	-1.90740581	-1.97698834	-6.95825299999999E-02	3.1708476251151E-07	-1799496493765.72	-1.09980070240619	0
-50	-0.00000000071317	-0.0000001	-3.34556	-1.90614156	-1.97592147	-6.97799100000001E-02	3.16187854068599E-07	-1803102699164.05	-1.09449641792977	0
