0	0.000000000194132	-0.000000002	-9.40155	-0.0296887585	0.0101335361	0.0398222946	-1.10810088778762E-08	0	0	0
-0.1	0.000000000763488	-0.000000002	-48.7671	-0.00945019223	-0.292737583	-0.28328739077	1.55768034292167E-09	-3606205398.3281	-2.6959852089029	0
-0.2	0.000000000205338	0	0	-0.141780541	-0.722539821	-0.58075928	0	-7212410796.65621	0	0
-0.3	0.000000000272322	0	0	-0.0322509249	-0.0866127358	-0.0543618109	0	-10818616194.9843	0	0
-0.4	0.000000000216198	0	0	0.00277363238	-0.258348643	-0.26112227538	0	-14424821593.3124	0	0
-0.5	0.000000000253069	0	0	-0.217561374	-0.368789367	-0.151227993	0	-18031026991.6405	0	0
-0.6	0.000000000194657	0	0	-0.286301685	-0.523211625	-0.23690994	0	-21637232389.9686	0	0
-0.7	0.000000000205278	0	0	-0.139292503	-0.798632567	-0.659340064	0	-25243437788.2967	0	0
-0.8	0.000000000228715	0	0	-0.14069552	-1.02452087	-0.88382535	0	-28849643186.6248	0	0
-0.9	0.000000000229621	0	0	-0.086631262	-0.263713128	-0.177081866	0	-32455848584.9529	0	0
-1	0.000000000248742	0	0	-0.00811232454	-0.348807171	-0.34069484646	0	-36062053983.281	0	0
-1.1	0.000000000191319	0	0	-0.735248385	-0.465278644	0.269969741	0	-39668259381.6091	0	0
-1.2	0.00000000019213	0	0	-0.204956853	-0.614802572	-0.409845719	0	-43274464779.9372	0	0
-1.3	0.000000000210929	0	0	0.00125796435	-0.859940271	-0.86119823535	0	-46880670178.2653	0	0
-1.4	0.000000000239229	0	0	-0.716395411	-0.0405100245	0.6758853865	0	-50486875576.5934	0	0
-1.5	0.000000000216699	0	0	-0.0228173518	-0.24102035	-0.2182029982	0	-54093080974.9215	0	0
-1.6	0.000000000175667	0	0	-0.738950352	-0.344816231	0.394134121	0	-57699286373.2497	0	0
-1.7	0.000000000183868	0	0	-0.210214004	-0.490376188	-0.280162184	0	-61305491771.5778	0	0
-1.8	0.000000000238097	-0.000000002	-50.0047	-0.000539426302	-0.752915852	-0.752376425698	5.86503224885895E-10	-64911697169.9059	-0.056394540854413	0
-1.9	0.000000000191355	0	0	-0.706032785	-0.893497098	-0.187464313	0	-68517902568.234	0	0
-2	0.000000000219822	-0.000000002	-50.0048	-0.270107127	-0.0499048597	0.2202022673	-2.00393576964773E-09	-72124107966.5621	0.173417518527207	0
-2.1	0.000000000201857	-0.000000002	-50.0037	-0.134306983	-0.166000061	-0.031693078	1.39232674087383E-08	-75730313364.8902	-1.14752203918173	0
-2.2	0.000000000166595	0	0	0.00397749999	-0.297973616	-0.30195111599	0	-79336518763.2183	0	0
-2.3	0.000000000156271	0	0	-0.713589133	-0.443961559	0.269627574	0	-82942724161.5464	0	0
-2.4	0.000000000166917	0	0	-0.218243654	-0.604246353	-0.386002699	0	-86548929559.8745	0	0
-2.5	0.000000000178742	0	0	-0.0132234196	-0.852361721	-0.8391383014	0	-90155134958.2026	0	0
-2.6	0.000000000146699	0	0	-0.732739682	-0.0135798647	0.7191598173	0	-93761340356.5307	0	0
-2.7	0.000000000217795	0	0	-0.050795999	-0.107906704	-0.057110705	0	-97367545754.8588	0	0
-2.8	0.000000000198603	-0.000000002	-50.0053	-0.127508281	-0.206648359	-0.079140078	5.57582467886878E-09	-100973751153.187	-0.344659492512493	0
-2.9	0.000000000227976	-0.000000002	-50.005	-0.0335397292	-0.433498566	-0.3999588368	1.10329153752554E-09	-104579956551.515	-6.58463119212858E-02	0
-3	0.000000000236785	-0.000000002	-50.0052	-0.0282823708	-0.683304385	-0.6550220142	6.73673846731608E-10	-108186161949.843	-3.88657988499005E-02	0
-3.1	0.0000000001724	-0.000000002	-50.0051	-0.00396659381	-0.913908693	-0.90994209919	4.84944262269879E-10	-111792367348.171	-2.70750518637029E-02	0
-3.2	0.000000000140035	-0.000000002	-50.0053	-0.143015701	-0.11031327	0.032702431	-1.34935289673113E-08	-115398572746.499	0.729818273472368	0
-3.3	0.00000000015645	0	0	0.00250072864	-0.117157747	-0.11965847564	0	-119004778144.827	0	0
-3.4	0.0000000002128	0	0	-0.711527426	-0.160430689	0.551096737	0	-122610983543.156	0	0
-3.5	0.000000000159156	-0.000000002	-50.0047	-0.334405457	-0.253297133	0.081108324	-5.44051680811454E-09	-126217188941.484	0.269036545456214	0
-3.6	0.000000000155807	0	0	-0.0331905586	-0.516642965	-0.4834524064	0	-129823394339.812	0	0
-3.7	0.000000000202155	-0.000000002	-50.005	0.00897348263	-0.774212137	-0.78318561963	5.63431182774359E-10	-133429599738.14	-2.63559285081561E-02	0
-3.8	9.77635E-11	0	0	-0.725677492	-0.909847729	-0.184170237	0	-137035805136.468	0	0
-3.9	6.87122E-11	0	0	-0.176040043	-1.02096529	-0.844925247	0	-140642010534.796	0	0
-4	0.000000000264883	0	0	-0.0136641277	-0.185033406	-0.1713692783	0	-144248215933.124	0	0
-4.1	0.000000000132036	0	0	-0.0803517974	-0.279222316	-0.1988705186	0	-147854421331.452	0	0
-4.2	0.000000000114226	0	0	-0.131943697	-0.508688369	-0.376744672	0	-151460626729.78	0	0
-4.3	0.000000000229132	-0.000000002	-50.0056	-0.0223428199	-0.764180963	-0.7418381431	5.94834876184732E-10	-155066832128.108	-2.39423697927665E-02	0
-4.4	0.000000000192714	-0.000000002	-50.0054	-0.000910064033	-1.0004016	-0.999491535967	4.41495684676383E-10	-158673037526.437	-1.73665260580745E-02	0
-4.5	0.000000000117576	0	0	-0.722443952	-0.0578000126	0.6646439394	0	-162279242924.765	0	0
-4.6	0.000000000177765	0	0	-0.840050714	-0.0266539243	0.8133967897	0	-165885448323.093	0	0
-4.7	0.000000000146759	0	0	-0.0462044256	-0.00640876386	0.03979566174	0	-169491653721.421	0	0
-4.8	0.000000000163794	0	0	-0.238056843	0.0123425085	0.2503993515	0	-173097859119.749	0	0
-4.9	0.000000000088346	0	0	-0.0158911115	-0.023558628	-0.0076675165	0	-176704064518.077	0	0
-5	9.68814E-11	0	0	-0.230729961	0.0175098364	0.2482397974	0	-180310269916.405	0	0
-5.1	0.00000000010078	0	0	-0.262690786	0.0187412445	0.2814320305	0	-183916475314.733	0	0
-5.2	9.58323E-11	0	0	-0.00544017389	-0.0352623736	-0.02982219971	0	-187522680713.061	0	0
-5.3	0.000000000156426	0	0	-0.221510614	0.0120884344	0.2335990484	0	-191128886111.389	0	0
-5.4	0.000000000154126	-0.000000002	-50.0049	-0.317949832	-0.0686437908	0.2493060412	-1.76999802281566E-09	-194735091509.718	5.67307058594763E-02	0
-5.5	0.00000000016557	0	0	-0.277795608	-0.0992558502	0.1785397578	0	-198341296908.046	0	0
-5.6	0.000000000131035	0	0	-0.127007755	-0.278848439	-0.151840684	0	-201947502306.374	0	0
-5.7	0.000000000127721	0	0	-0.0135843702	-0.560163917	-0.5465795468	0	-205553707704.702	0	0
-5.8	0.000000000131869	0	0	-0.738226107	-0.717312284	0.020913823	0	-209159913103.03	0	0
-5.9	4.70161E-11	0	0	-0.274090178	-0.87114636	-0.597056182	0	-212766118501.358	0	0
-6	0.000000000140715	0	0	-0.000176718907	-0.2253443	-0.225167581093	0	-216372323899.686	0	0
-6.1	0.000000000153995	0	0	-0.0600601253	-0.318774829	-0.2587147037	0	-219978529298.014	0	0
-6.2	0.000000000175285	0	0	-0.139355307	-0.548739797	-0.40938449	0	-223584734696.342	0	0
-6.3	0.000000000169122	0	0	-0.108659157	-0.810441212	-0.701782055	0	-227190940094.671	0	0
-6.4	0.000000000113678	-0.000000002	-50.005	-0.0306167683	0.007909811	0.0385265793	-1.14536823153671E-08	-230797145492.999	0.309745014538174	0
-6.5	0.000000000163984	0	0	-0.139007603	-0.0650479992	0.0739596038	0	-234403350891.327	0	0
-6.6	0.000000000139976	0	0	-0.000372725067	-0.182126924	-0.181754198933	0	-238009556289.655	0	0
-6.7	0.000000000115335	0	0	-0.216935335	-0.328097313	-0.111161978	0	-241615761687.983	0	0
-6.8	0.000000000112176	0	0	-0.264263564	-0.503366042	-0.239102478	0	-245221967086.311	0	0
-6.9	0.000000000175858	0	0	-0.066649519	-0.798469689	-0.73182017	0	-248828172484.639	0	0
-7	0.000000000161314	-0.000000002	-50.0052	-0.00156127147	-0.0757918517	-0.07423058023	5.94460124968364E-09	-252434377882.967	-0.14698189903064	0
-7.1	8.07643E-11	-0.000000002	-50.0037	-0.0186542183	-0.256639197	-0.2379849787	1.85419769941135E-09	-256040583281.295	-4.51998355761164E-02	0
-7.2	8.12054E-11	0	0	-0.232576007	-0.376120441	-0.143544434	0	-259646788679.623	0	0
-7.3	7.07984E-11	0	0	-0.196077286	-0.543522141	-0.347444855	0	-263252994077.952	0	0
-7.4	0.000000000176072	0	0	-0.0382680558	-0.841475494	-0.8032074382	0	-266859199476.28	0	0
-7.5	0.000000000131023	0	0	-0.748816216	0.0181092014	0.7669254174	0	-270465404874.608	0	0
-7.6	0.000000000124049	0	0	-1.14735724	-0.0747534706	1.0726037694	0	-274071610272.936	0	0
-7.7	3.39746E-11	0	0	-0.30247333	-0.0219085553	0.2805647747	0	-277677815671.264	0	0
-7.8	7.72476E-11	0	0	-0.0821690511	-0.0152655911	0.06690346	0	-281284021069.592	0	0
-7.9	0.000000000101709	-0.000000002	-50.0058	-0.0162673117	-0.162647018	-0.1463797063	3.0145654145229E-09	-284890226467.92	-6.60445197923712E-02	0
-8	0.000000000143421	0	0	-0.688219143	-0.331037707	0.357181436	0	-288496431866.248	0	0
-8.1	4.71234E-11	0	0	-0.250761575	-0.520926319	-0.270164744	0	-292102637264.576	0	0
-8.2	0.000000000104427	0	0	-0.120580094	-0.817463572	-0.696883478	0	-295708842662.904	0	0
-8.3	0.000000000135219	0	0	-0.774477406	-0.0795038952	0.6949735108	0	-299315048061.233	0	0
-8.4	0.000000000127363	-0.000000002	-50.0059	-1.06540846	-0.264912275	0.800496185	-5.51247099322528E-10	-302921253459.561	1.13581133102169E-02	0
-8.5	-0.0000000002231	0	0	-0.249323206	-0.329204552	-0.079881346	0	-306527458857.889	0	0
-8.6	2.46763E-11	0	0	-0.371906317	-0.425587246	-0.053680929	0	-310133664256.217	0	0
-8.7	-0.000000000476563	0	0	-0.594130434	-0.511783746	0.082346688	0	-313739869654.545	0	0
-8.8	-0.000000000329053	-0.000000002	-49.9972	-0.309670556	-0.590442071	-0.280771515	1.57163806307061E-09	-317346075052.873	-3.09107136530495E-02	0
-8.9	3.83854E-12	-0.000000002	-50.0028	-0.386692322	-0.619475327	-0.232783005	1.89563323147238E-09	-320952280451.201	-3.68640861781577E-02	0
-9	3.11255E-11	-0.000000002	-50.0015	-0.50285016	-0.672939429	-0.170089269	2.59435061714564E-09	-324558485849.529	-4.98913580220315E-02	0
-9.1	-4.67896E-11	0	0	-0.612330722	-0.638684007	-0.026353285	0	-328164691247.857	0	0
-9.2	-5.22733E-11	0	0	-0.671791295	-0.649849933	0.021941362	0	-331770896646.185	0	0
-9.3	-8.47459E-11	0	0	-0.658119551	-0.649731192	8.38835900000001E-03	0	-335377102044.514	0	0
-9.4	4.35948E-11	0	0	-0.648280173	-0.65130806	-3.02788700000001E-03	0	-338983307442.842	0	0
-9.5	9.06944E-11	-0.000000002	-49.9574	-0.652259178	-0.662424373	-0.010165195	4.34100083667848E-08	-342589512841.17	-0.790870597775432	0
-9.6	-1.35303E-11	0	0	-0.668082563	-0.684250672	-0.016168109	0	-346195718239.498	0	0
-9.7	5.40018E-12	0	0	-0.692309638	-0.714294128	-0.02198449	0	-349801923637.826	0	0
-9.8	-1.60575E-11	-0.000000002	-49.9122	-0.724958795	-0.753994613	-0.029035818	1.51974778186032E-08	-353408129036.154	-0.268401295854452	0
-9.9	-0.000000000118363	-0.000000002	-49.0669	-0.759630684	-0.789954202	-0.030323518	1.45521110050621E-08	-357014334434.482	-0.254407535053534	0
-10	-0.000000000224495	-0.000000002	-46.6198	-0.794661066	-0.827684766	-0.0330237	1.33622580146985E-08	-360620539832.81	-0.231269850254398	0
-10.1	-0.000000000192404	-0.000000002	-42.5232	-0.822909091	-0.856973856	-0.034064765	1.29538894514611E-08	-364226745231.138	-0.221982111696781	0
-10.2	-0.00000000030725	-0.000000002	-36.8741	-0.846724458	-0.885921266	-0.039196808	1.12578350767746E-08	-367832950629.467	-0.191026613293687	0
-10.3	-0.000000000476897	-0.000000002	-30.091	-0.867321645	-0.904761651	-0.037440006	1.17860878547936E-08	-371439156027.795	-0.198048526312813	0
-10.4	-0.000000000677872	-0.000000002	-22.1514	-0.872035903	-0.910452972	-0.038417069	1.14863317657055E-08	-375045361426.123	-0.191155669177791	0
-10.5	-0.000000000707281	-0.000000002	-12.9631	-0.86888934	-0.906323992	-3.74346520000001E-02	1.1787773531326E-08	-378651566824.451	-0.194303959307571	0
-10.6	-0.000000000927305	-0.000000002	-2.63921	-0.859995053	-0.879491882	-1.94968289999999E-02	2.26329727772655E-08	-382257772222.779	-0.369551442299329	0
-10.7	-0.000000000562215	-0.000000002	-0.846587	-0.765307592	-0.758103107	7.20448499999993E-03	-6.12495133239926E-08	-385863977621.107	0.990736196829499	0
-10.8	-0.000000000329697	-0.000000002	-0.736761	-0.627134247	-0.610013918	1.71203289999999E-02	-2.57746915961721E-08	-389470183019.435	0.413055955066861	0
-10.9	-0.000000000312352	-0.000000002	-0.700567	-0.478420364	-0.451497298	0.026923066	-1.63900797925467E-08	-393076388417.763	0.260251796282498	0
-11	-0.000000000434971	-0.000000002	-0.649715	-0.370546379	-0.378063034	-7.51665500000004E-03	5.87057940001234E-08	-396682593816.091	-0.923692562939005	0
-11.1	-0.000000000415719	-0.000000002	-0.615729	-0.341511285	-0.350945988	-9.43470299999999E-03	4.67710748287467E-08	-400288799214.419	-0.729278713545946	0
-11.2	-0.000000000329387	-0.000000002	-0.586529	-0.321495619	-0.329563855	-8.06823600000001E-03	5.46924011642693E-08	-403895004612.748	-0.845177902607184	0
-11.3	-0.000000000354874	-0.000000002	-0.560563	-0.302011409	-0.310646615	-8.63520600000001E-03	5.11014097405435E-08	-407501210011.076	-0.782696881662511	0
-11.4	-0.000000000432622	-0.000000002	-0.535897	-0.283350793	-0.292863371	-9.51257799999999E-03	4.63881820469698E-08	-411107415409.404	-0.704274018931728	0
-11.5	-0.000000000383902	-0.000000002	-0.516157	-0.269007471	-0.278685104	-9.67763300000002E-03	4.55970173698464E-08	-414713620807.732	-0.686242736335482	0
-11.6	-0.000000000313818	-0.000000002	-0.498438	-0.255539116	-0.265058952	-0.009519836	4.63528153216085E-08	-418319826206.06	-0.691603676880763	0
-11.7	-0.000000000370634	-0.000000002	-0.481874	-0.243523458	-0.252900351	-9.37689300000003E-03	4.70594257607503E-08	-421926031604.388	-0.696145351490389	0
-11.8	-0.000000000279081	-0.000000002	-0.466095	-0.232982252	-0.241351111	-8.36885900000001E-03	5.27277613352071E-08	-425532237002.716	-0.773386329884067	0
-11.9	-0.000000000279653	-0.000000002	-0.451302	-0.223366327	-0.231628249	-0.008261922	5.34102355359927E-08	-429138442401.044	-0.776813380452382	0
-12	-0.000000000273705	-0.000000002	-0.445727	-0.214740784	-0.222813781	-0.008072997	5.4660146659289E-08	-432744647799.372	-0.788367499893591	0
-12.1	-0.000000000256515	-0.000000002	-0.431761	-0.206900553	-0.214788652	-7.88809900000001E-03	5.59413871453692E-08	-436350853197.701	-0.80017877353516	0
-12.2	-0.000000000440228	-0.000000002	-0.424066	-0.199838718	-0.207503029	-7.66431100000001E-03	5.75748035276752E-08	-439957058596.029	-0.81679260994495	0
-12.3	-0.000000000420749	-0.000000002	-0.413822	-0.193339364	-0.20077465	-7.43528599999999E-03	5.93482483390687E-08	-443563263994.357	-0.83510668394562	0
-12.4	-0.000000000304806	-0.000000002	-0.405593	-0.187386391	-0.194614756	-7.22836499999999E-03	6.10471662678906E-08	-447169469392.685	-0.852085137113857	0
-12.5	-0.000000000444412	-0.000000002	-0.394117	-0.181862062	-0.188876522	-0.00701446	6.29087912683229E-08	-450775674791.013	-0.871044802176778	0
-12.6	-0.000000000437653	-0.000000002	-0.386557	-0.17666665	-0.183547413	-6.88076299999998E-03	6.41311435955578E-08	-454381880189.341	-0.880922302136783	0
-12.7	-0.000000000263786	-0.000000002	-0.381358	-0.17185304	-0.178585055	-6.73201499999998E-03	6.55481605433145E-08	-457988085587.669	-0.893297160644807	0
-12.8	-0.000000000381303	-0.000000002	-0.378613	-0.167431449	-0.173998338	-6.56688899999999E-03	6.71963847721502E-08	-461594290985.997	-0.90860496236381	0
-12.9	-0.000000000419235	-0.000000002	-0.370995	-0.16325344	-0.169666445	-0.006413005	6.88088033612947E-08	-465200496384.325	-0.923195036153328	0
-13	-0.000000000353622	-0.000000002	-0.360575	-0.159482964	-0.1657565	-0.006273536	7.03385140373786E-08	-468806701782.654	-0.936459506414804	0
-13.1	-0.000000000280035	-0.000000002	-0.356205	-0.155927528	-0.162078102	-6.15057399999999E-03	7.17447184604235E-08	-472412907180.982	-0.947889703675589	0
-13.2	-0.000000000243318	-0.000000002	-0.353789	-0.152711628	-0.158794688	-0.00608306	7.2540990882878E-08	-476019112579.31	-0.951149355981792	0
-13.3	-0.000000000435436	-0.000000002	-0.346871	-0.14976948	-0.15550821	-0.00573873	7.68935287075712E-08	-479625317977.638	-1.00063874836342	0
-13.4	-0.000000000383794	-0.000000002	-0.339976	-0.146774098	-0.152460167	-5.68606900000002E-03	7.7605670982888E-08	-483231523375.966	-1.0023694587342	0
-13.5	-0.00000000041784	-0.000000002	-0.338681	-0.143975648	-0.149487101	-0.005511453	8.00644040691266E-08	-486837728774.294	-1.02646671883496	0
-13.6	-0.000000000331128	-0.000000002	-0.334509	-0.14103756	-0.146545733	-5.50817300000001E-03	8.01120807207761E-08	-490443934172.622	-1.01952591415015	0
-13.7	-0.000000000433242	-0.000000002	-0.327997	-0.138512242	-0.14391284	-5.40059799999998E-03	8.17078405021077E-08	-494050139570.95	-1.0322439142602	0
-13.8	-0.000000000356007	-0.000000002	-0.324052	-0.136172006	-0.141546968	-5.37496199999998E-03	8.20975478524316E-08	-497656344969.278	-1.02965151988836	0
-13.9	-0.000000000243437	-0.000000002	-0.32068	-0.134017668	-0.139187641	-5.16997299999999E-03	8.53527088052492E-08	-501262550367.606	-1.06277584289879	0
-14	-0.000000000259602	-0.000000002	-0.318511	-0.131806963	-0.136979215	-5.17225199999999E-03	8.53151006563487E-08	-504868755765.935	-1.05471965097134	0
-14.1	-0.000000000424814	-0.000000002	-0.312743	-0.12983533	-0.13497638	-5.14105000000001E-03	8.58328940586066E-08	-508474961164.263	-1.05359526258519	0
-14.2	-0.000000000400364	-0.000000002	-0.308866	-0.127900977	-0.132813272	-4.91229500000001E-03	8.98299471021181E-08	-512081166562.591	-1.09489372145052	0
-14.3	-0.000000000332296	-0.000000002	-0.30974	-0.126056704	-0.130853351	-4.79664700000002E-03	9.19957628735237E-08	-515687371960.919	-1.11345059959886	0
-14.4	-0.000000000406492	-0.000000002	-0.300787	-0.124227554	-0.128956251	-4.72869699999999E-03	9.33177152183785E-08	-519293577359.247	-1.12160715406705	0
-14.5	-0.000000000376058	-0.000000002	-0.300816	-0.122493558	-0.127197992	-4.70443400000001E-03	9.37989989869131E-08	-522899782757.575	-1.11961669878278	0
-14.6	-0.000000000421202	-0.000000002	-0.301661	-0.120922342	-0.125513499	-0.004591157	9.61132890903099E-08	-526505988155.903	-1.13938303716121	0
-14.7	-0.000000000402629	-0.000000002	-0.298196	-0.119433803	-0.123907811	-0.004474008	9.86299532767934E-08	-530112193554.231	-1.16126318614749	0
-14.8	-0.000000000344014	-0.000000002	-0.294495	-0.118012074	-0.122494262	-4.48218800000001E-03	9.84499534602294E-08	-533718398952.559	-1.1513118258083	0
-14.9	-0.000000000356174	-0.000000002	-0.293883	-0.116526448	-0.120985159	-4.45871099999999E-03	9.8968334121678E-08	-537324604350.887	-1.14960635918315	0
-15	-0.000000000235415	-0.000000002	-0.288756	-0.115155886	-0.119514462	-0.004358576	1.01242057038813E-07	-540930809749.216	-1.16817758121707	0
-15.1	-0.000000000239778	-0.000000002	-0.287159	-0.113734048	-0.117973303	-0.004239255	1.04091685921229E-07	-544537015147.544	-1.19310388855204	0
-15.2	-0.000000000351667	-0.000000002	-0.284047	-0.112360769	-0.116668118	-0.004307349	1.0244612173288E-07	-548143220545.872	-1.16651707438755	0
-15.3	-0.000000000339246	-0.000000002	-0.281847	-0.111149258	-0.115314445	-0.004165187	1.05942710375308E-07	-551749425944.2	-1.19844694994693	0
-15.4	-0.00000000024488	-0.000000002	-0.278352	-0.109928597	-0.114014268	-0.004085671	1.08004584803818E-07	-555355631342.528	-1.21383774130165	0
-15.5	-0.000000000233412	-0.000000002	-0.278052	-0.108530046	-0.112837185	-0.004307139	1.0245111662289E-07	-558961836740.856	-1.14399509876677	0
-15.6	-0.000000000365317	-0.000000002	-0.276302	-0.0943098733	-0.111457471	-0.0171475977	2.57337037945554E-08	-562568042139.184	-0.285507068726577	0
-15.7	-0.000000000389898	-0.000000002	-0.274413	-0.095532083	-0.1105112	-0.014979117	2.94590929492039E-08	-566174247537.512	-0.324757271610528	0
-15.8	-0.000000000235724	-0.000000002	-0.274092	-0.0966308838	-0.0963318353	2.99048499999996E-04	-1.47558406077946E-06	-569780452935.84	16.1638955051304	0
-15.9	-0.000000000327969	-0.000000002	-0.268437	-0.0974527323	-0.0980239842	-0.0005712519	7.72463426379851E-07	-573386658334.168	-8.40852786335106	0
-16	-0.000000000286222	-0.000000002	-0.265686	-0.0968271002	-0.0994518807	-2.62478049999999E-03	1.68117372100258E-07	-576992863732.497	-1.81857734243068	0
-16.1	-0.000000000379813	-0.000000002	-0.261729	-0.0960406932	-0.100870417	-0.0048297238	9.13657215760453E-08	-580599069130.825	-0.9821924201916	0
-16.2	-0.000000000217593	-0.000000002	-0.262644	-0.0955604876	-0.100470087	-4.90959940000001E-03	8.98792679500489E-08	-584205274529.153	-0.960248589209925	0
-16.3	-0.000000000366735	-0.000000002	-0.261412	-0.0948702382	-0.0999213352	-0.005051097	8.73614583129169E-08	-587811479927.481	-0.927622846644941	0
-16.4	-0.000000000420308	-0.000000002	-0.257884	-0.0941283744	-0.0990865612	-0.0049581868	8.89985024364149E-08	-591417685325.809	-0.939243107326142	0
-16.5	-0.000000000378191	-0.000000002	-0.258037	-0.0941428669	-0.0983642198	-0.0042213529	1.0453312254467E-07	-595023890724.137	-1.09650128543361	0
-16.6	-0.000000000293612	-0.000000002	-0.257735	-0.0934538747	-0.0977239962	-0.0042701215	1.03339260955455E-07	-598630096122.465	-1.07744827224177	0
-16.7	-0.000000000280261	-0.000000002	-0.265456	-0.0929342993	-0.0969085104	-0.0039742111	1.1103365898203E-07	-602236301520.793	-1.15074036254983	0
-16.8	-0.000000000358856	-0.000000002	-0.250973	-0.0915925622	-0.0964267953	-0.0048342331	9.12804970037543E-08	-605842506919.121	-0.940389735615601	0
-16.9	-0.000000000313997	-0.000000002	-0.251966	-0.0913096888	-0.0960319775	-4.72228870000001E-03	9.34443504057681E-08	-609448712317.449	-0.956985837109596	0
-17	-0.000000000338209	-0.000000002	-0.250998	-0.0910770675	-0.0958422918	-4.76522430000001E-03	9.26023985901354E-08	-613054917715.778	-0.942784601030791	0
-17.1	-0.000000000312316	-0.000000002	-0.250115	-0.0901974702	-0.0950609383	-4.86346809999999E-03	9.07317969249147E-08	-616661123114.106	-0.918338025555817	0
-17.2	-0.000000000335419	-0.000000002	-0.24909	-0.0906142431	-0.094416	-3.80175689999999E-03	1.16070335796589E-07	-620267328512.434	-1.16797073140575	0
-17.3	-0.000000000267363	-0.000000002	-0.243771	-0.0901178133	-0.0938871531	-3.76933979999999E-03	1.1706856463299E-07	-623873533910.762	-1.17120618241097	0
-17.4	-0.000000000351882	-0.000000002	-0.243166	-0.0896288448	-0.093316201	-3.68735620000001E-03	1.19671432881911E-07	-627479739309.09	-1.1903657116901	0
-17.5	-0.000000000292432	-0.000000002	-0.23991	-0.0892603312	-0.09262121	-3.36087879999999E-03	1.31296374031697E-07	-631085944707.418	-1.29853556734645	0
-17.6	-0.000000000441849	-0.000000002	-0.24149	-0.088544256	-0.0922016244	-0.0036573684	1.20652652874674E-07	-634692150105.746	-1.1864880636714	0
-17.7	-0.000000000233543	-0.000000002	-0.237483	-0.0881025219	-0.0917291582	-0.0036266363	1.21675062922632E-07	-638298355504.074	-1.18978223196837	0
-17.8	-0.000000000248361	-0.000000002	-0.237024	-0.0876623131	-0.0912055969	-3.54328380000001E-03	1.24537357126178E-07	-641904560902.402	-1.2109293584006	0
-17.9	-0.000000000421071	-0.000000002	-0.23633	-0.0873757092	-0.0907975119	-0.0034218027	1.28958691861456E-07	-645510766300.73	-1.24691472577687	0
-18	-0.000000000394034	-0.000000002	-0.237976	-0.0869624756	-0.0903145271	-3.35205149999999E-03	1.31642130199969E-07	-649116971699.059	-1.26578971346124	0
-18.1	-0.000000000342214	-0.000000002	-0.235999	-0.0865468412	-0.0897913619	-0.0032445207	1.36005049990897E-07	-652723177097.387	-1.30051577764351	0
-18.2	-0.000000000426245	-0.000000002	-0.233871	-0.0861394705	-0.0893314756	-3.19200510000001E-03	1.38242636266464E-07	-656329382495.715	-1.31464890785945	0
-18.3	-0.000000000360596	-0.000000002	-0.234651	-0.0857217065	-0.0888269261	-0.0031052196	1.42106278087385E-07	-659935587894.043	-1.3440064131846	0
-18.4	-0.00000000028106	-0.000000002	-0.230391	-0.085294896	-0.0883429296	-0.0030480336	1.44772419831592E-07	-663541793292.371	-1.36178070493764	0
-18.5	-0.000000000240886	-0.000000002	-0.228322	-0.0848592895	-0.0878309211	-0.0029716316	1.48494584591172E-07	-667147998690.699	-1.38924247538519	0
-18.6	-0.000000000325823	-0.000000002	-0.226818	-0.0844555467	-0.0873546467	-0.0028991	1.52209720258011E-07	-670754204089.027	-1.41634355078794	0
-18.7	-0.000000000364125	-0.000000002	-0.228544	-0.0838711111	-0.0867660232	-2.89491209999999E-03	1.52429913156949E-07	-674360409487.355	-1.41080750556617	0
-18.8	-0.000000000412178	-0.000000002	-0.226377	-0.0835320507	-0.0863749954	-0.0028429447	1.5521624462129E-07	-677966614885.683	-1.42895478886212	0
-18.9	-0.00000000033499	-0.000000002	-0.225982	-0.0831501459	-0.0859324874	-2.78234149999999E-03	1.58597066535507E-07	-681572820284.011	-1.45235408915299	0
-19	-0.000000000242984	-0.000000002	-0.223589	-0.0829169603	-0.0856185591	-2.70159880000001E-03	1.63337058041334E-07	-685179025682.34	-1.48788818053847	0
-19.1	-0.000000000261903	-0.000000002	-0.223578	-0.0824885977	-0.0851663384	-0.0026777407	1.64792356481716E-07	-688785231080.668	-1.49328555007596	0
-19.2	-0.000000000270569	-0.000000002	-0.22338	-0.0821093643	-0.0848030063	-0.002693642	1.63819542463327E-07	-692391436478.996	-1.47673866403239	0
-19.3	-0.000000000256646	-0.000000002	-0.220135	-0.0818210457	-0.0844954851	-2.67443940000001E-03	1.64995774441552E-07	-695997641877.324	-1.47963528295533	0
-19.4	-0.000000000416601	-0.000000002	-0.218029	-0.0814812437	-0.084148248	-0.0026670043	1.65455751233697E-07	-699603847275.652	-1.47611197571696	0
-19.5	-0.000000000310087	-0.000000002	-0.220247	-0.0811191556	-0.0837605775	-0.0026414219	1.67058204522345E-07	-703210052673.98	-1.48276512889655	0
-19.6	-0.000000000296164	-0.000000002	-0.219091	-0.0806855461	-0.0833251446	-2.63959849999999E-03	1.67173606137449E-07	-706816258072.308	-1.47621904948689	0
-19.7	-0.000000000264883	-0.000000002	-0.214437	-0.0803173286	-0.08294575	-0.0026284214	1.67884495233527E-07	-710422463470.636	-1.47497116077874	0
-19.8	-0.000000000253308	-0.000000002	-0.214366	-0.0799586234	-0.0825955467	-0.0026369233	1.67343206379951E-07	-714028668868.964	-1.46279026555901	0
-19.9	-0.000000000324261	-0.000000002	-0.213218	-0.0796234411	-0.0822557551	-0.002632314	1.6763623184772E-07	-717634874267.292	-1.45798810072428	0
-20	-0.000000000276315	-0.000000002	-0.210059	-0.0793238577	-0.0819386071	-0.0026147494	1.68762329575446E-07	-721241079665.621	-1.46044323671059	0
-20.1	-0.000000000307548	-0.000000002	-0.206923	-0.0790976926	-0.081684517	-2.58682439999999E-03	1.70584133967501E-07	-724847285063.949	-1.46886452899685	0
-20.2	-0.000000000327551	-0.000000002	-0.205895	-0.0788055149	-0.0813509571	-0.0025454422	1.73357383640454E-07	-728453490462.277	-1.48535458183938	0
-20.3	-0.00000000034281	-0.000000002	-0.203362	-0.0783690104	-0.0809141247	-2.54511430000001E-03	1.7337971815254E-07	-732059695860.605	-1.47822798728008	0
-20.4	-0.00000000042491	-0.000000002	-0.203579	-0.0779566002	-0.0804857166	-0.0025291164	1.74476429791843E-07	-735665901258.933	-1.48028645185387	0
-20.5	-0.000000000370789	-0.000000002	-0.203049	-0.0772943257	-0.0799234912	-0.0026291655	1.67836980973621E-07	-739272106657.261	-1.41701015831387	0
-20.6	-0.000000000268567	-0.000000002	-0.200459	-0.0769886329	-0.0796118355	-0.0026232026	1.68218497496152E-07	-742878312055.589	-1.41333689083772	0
-20.7	-0.000000000283432	-0.000000002	-0.199469	-0.0766218325	-0.0792539493	-0.0026321168	1.67648791269445E-07	-746484517453.917	-1.40174574640004	0
-20.8	-0.000000000364399	-0.000000002	-0.197556	-0.0766929777	-0.0791902832	-2.49730550000001E-03	1.76698926102553E-07	-750090722852.245	-1.47031280965512	0
-20.9	-0.000000000444758	-0.000000002	-0.194956	-0.0764918768	-0.0790144395	-2.52256270000001E-03	1.74929725235372E-07	-753696928250.574	-1.4486267271976	0
-21	-0.000000000389647	-0.000000002	-0.182888	-0.074460358	-0.0785198753	-0.0040595173	1.08700411253328E-07	-757303133648.902	-0.895882510329628	0
-21.1	-0.000000000276232	-0.000000002	-0.199856	-0.0739834664	-0.0785217903	-0.0045383239	9.72321962299782E-08	-760909339047.23	-0.797566319786551	0
-21.2	-0.000000000334823	-0.000000002	-0.19155	-0.0742940573	-0.0791129628	-4.81890550000001E-03	9.15708349126163E-08	-764515544445.558	-0.747584827842477	0
-21.3	-0.000000000331712	-0.000000002	-0.190531	-0.0740326497	-0.0789992838	-4.96663410000001E-03	8.88471329103949E-08	-768121749843.886	-0.72194311682336	0
-21.4	-0.000000000414741	-0.000000002	-0.189588	-0.0757265765	-0.0786618957	-2.93531919999999E-03	1.50331589150509E-07	-771727955242.214	-1.21583779866515	0
-21.5	-0.000000000431311	-0.000000002	-0.18726	-0.0749731421	-0.0772644481	-2.29130599999999E-03	1.92585014834335E-07	-775334160640.542	-1.55032659526746	0
-21.6	-0.000000000341082	-0.000000002	-0.186614	-0.0746630863	-0.0770395088	-0.0023764225	1.85687183150302E-07	-778940366038.87	-1.4878780701146	0
-21.7	-0.000000000264513	-0.000000002	-0.184425	-0.0743601266	-0.0767391951	-0.0023790685	1.85480661864087E-07	-782546571437.198	-1.47937429703721	0
-21.8	-0.000000000351512	-0.000000002	-0.185219	-0.074108552	-0.076517685	-2.40913300000001E-03	1.83165977137833E-07	-786152776835.527	-1.45421118052267	0
-21.9	-0.000000000438309	-0.000000002	-0.182145	-0.0739447882	-0.0763210464	-2.37625819999999E-03	1.8570002199256E-07	-789758982233.855	-1.46759764483056	0
-22	-0.000000000393856	-0.000000002	-0.180087	-0.0737419131	-0.0760948794	-0.0023529663	1.87538257560255E-07	-793365187632.183	-1.47538838989711	0
-22.1	-0.000000000309181	-0.000000002	-0.178261	-0.0734170848	-0.0757617344	-0.0023446496	1.88203473986049E-07	-796971393030.511	-1.47392209004041	0
-22.2	-0.000000000278032	-0.000000002	-0.17997	-0.0731138214	-0.0754659297	-0.0023521083	1.87606667601147E-07	-800577598428.839	-1.46262994491539	0
-22.3	-0.000000000358117	-0.000000002	-0.177463	-0.0728967564	-0.0752080153	-0.0023112589	1.9092244490654E-07	-804183803827.167	-1.48180579868822	0
-22.4	-0.000000000445735	-0.000000002	-0.174121	-0.0727955477	-0.0750983185	-2.30277079999999E-03	1.9162619223763E-07	-807790009225.495	-1.48062820238554	0
-22.5	-0.000000000400686	-0.000000002	-0.174554	-0.0725050144	-0.0748629592	-0.0023579448	1.87142294425213E-07	-811396214623.823	-1.43955611096318	0
-22.6	-0.000000000323033	-0.000000002	-0.171656	-0.0723374829	-0.074657914	-2.32043110000001E-03	1.90167766670598E-07	-815002420022.151	-1.45635627981227	0
-22.7	-0.0000000002653	-0.000000002	-0.173474	-0.0720702323	-0.0744207669	-2.35053460000001E-03	1.8773227162876E-07	-818608625420.479	-1.43137109849105	0
-22.8	-0.000000000349724	-0.000000002	-0.170821	-0.0719119511	-0.0742697646	-0.0023578135	1.87152715853056E-07	-822214830818.808	-1.42069369321652	0
-22.9	-0.000000000277674	-0.000000002	-0.169893	-0.0717769381	-0.0740822267	-0.0023052886	1.9141690112032E-07	-825821036217.136	-1.44671826510151	0
-23	-0.000000000343597	-0.000000002	-0.167611	-0.0716302491	-0.0738938326	-0.0022635835	1.94943636936742E-07	-829427241615.464	-1.46696716758418	0
-23.1	-0.000000000439358	-0.000000002	-0.166109	-0.0714471014	-0.0736738028	-2.22670139999999E-03	1.98172597367569E-07	-833033447013.792	-1.48480967058618	0
-23.2	-0.00000000045321	-0.000000002	-0.167064	-0.0712032608	-0.0733994235	-0.0021961627	2.00928282772492E-07	-836639652412.12	-1.49896762678417	0
-23.3	-0.00000000037266	-0.000000002	-0.165666	-0.071061368	-0.0732420065	-0.0021806385	2.02358712826542E-07	-840245857810.448	-1.5031598014517	0
-23.4	-0.000000000295925	-0.000000002	-0.163892	-0.0707844595	-0.0729799362	-0.0021954767	2.00991064947307E-07	-843852063208.776	-1.4866203028647	0
-23.5	-0.000000000275302	-0.000000002	-0.162875	-0.0705535563	-0.072754005	-0.0022004487	2.00536917765909E-07	-847458268607.104	-1.476949476181	0
-23.6	-0.000000000361729	-0.000000002	-0.161012	-0.07037755	-0.0725668821	-0.0021893321	2.01555168354769E-07	-851064474005.433	-1.47815882919893	0
-23.7	-0.000000000440335	-0.000000002	-0.159599	-0.0702902518	-0.0724244613	-2.13420950000001E-03	2.06760957628573E-07	-854670679403.761	-1.50993883370428	0
-23.8	-0.000000000475156	-0.000000002	-0.157911	-0.0701972587	-0.0722852672	-0.0020880085	2.11335921285761E-07	-858276884802.089	-1.53686432738514	0
-23.9	-0.000000000396121	-0.000000002	-0.157143	-0.0700077948	-0.0720547425	-2.04694770000001E-03	2.15575219630672E-07	-861883090200.417	-1.56113371151919	0
-24	-0.000000000326383	-0.000000002	-0.155846	-0.0698724912	-0.0719341626	-2.06167140000001E-03	2.14035660581021E-07	-865489295598.745	-1.54352639842083	0
-24.1	-0.000000000265896	-0.000000002	-0.155188	-0.0696334324	-0.0717343503	-0.0021009179	2.1003733653752E-07	-869095500997.073	-1.50840730038117	0
-24.2	-0.000000000336993	-0.000000002	-0.153187	-0.069444682	-0.0715632925	-2.11861050000001E-03	2.08283306440707E-07	-872701706395.401	-1.4896294961589	0
-24.3	-0.000000000448394	-0.000000002	-0.153326	-0.0693250705	-0.0714151322	-2.09006169999999E-03	2.11128312623499E-07	-876307911793.729	-1.50376291042378	0
-24.4	-0.000000000346744	-0.000000002	-0.151821	-0.0691907226	-0.0712603432	-0.0020696206	2.13213571608245E-07	-879914117192.057	-1.51239134968018	0
-24.5	-0.000000000280499	-0.000000002	-0.150405	-0.0690355585	-0.0710903309	-0.0020547724	2.1475429590158E-07	-883520322590.385	-1.51710256131414	0
-24.6	-0.000000000297499	-0.000000002	-0.149718	-0.068800141	-0.0708664812	-0.0020663402	2.13552056916862E-07	-887126527988.714	-1.50247694828936	0
-24.7	-0.000000000349534	-0.000000002	-0.149272	-0.0686918761	-0.0707459351	-2.05405900000001E-03	2.14828882714663E-07	-890732733387.042	-1.50534097199624	0
-24.8	-0.000000000422919	-0.000000002	-0.14936	-0.0685392704	-0.0705940978	-0.0020548274	2.14748547736905E-07	-894338938785.37	-1.49871039828795	0
-24.9	-0.000000000452042	-0.000000002	-0.148329	-0.0684046173	-0.0704129056	-2.00828830000001E-03	2.19725026531299E-07	-897945144183.698	-1.52728239016195	0
-25	-0.000000000322092	-0.000000002	-0.147072	-0.0682301852	-0.0702489413	-0.0020187561	2.18585692446947E-07	-901551349582.026	-1.51328556309425	0
-25.1	-0.000000000358772	-0.000000002	-0.146618	-0.0680732464	-0.0700880459	-2.01479950000001E-03	2.190149441669E-07	-905157554980.354	-1.5102164400108	0
-25.2	-0.000000000426793	-0.000000002	-0.146359	-0.0679479963	-0.0699464042	-1.99840790000001E-03	2.20811376896577E-07	-908763760378.682	-1.51656165450946	0
-25.3	-0.00000000041275	-0.000000002	-0.145916	-0.0678846784	-0.0698547015	-1.97002310000001E-03	2.23992906479116E-07	-912369965777.01	-1.53233213614476	0
-25.4	-0.000000000373018	-0.000000002	-0.145141	-0.0677408013	-0.0697083583	-1.96755699999999E-03	2.24273655096143E-07	-915976171175.338	-1.52821236815966	0
-25.5	-0.000000000324357	-0.000000002	-0.144628	-0.0675983978	-0.0695547058	-0.001956308	2.25563254865798E-07	-919582376573.666	-1.53097231809365	0
-25.6	-0.000000000384343	-0.000000002	-0.143048	-0.0673437936	-0.0692592974	-1.91550380000001E-03	2.30368219577532E-07	-923188581971.995	-1.55747744606204	0
-25.7	-0.000000000421739	-0.000000002	-0.142772	-0.0672971699	-0.0694605646	-0.0021633947	2.03971656212341E-07	-926794787370.323	-1.37364928607533	0
-25.8	-0.000000000462949	-0.000000002	-0.142185	-0.0670914003	-0.0692837104	-0.0021923101	2.01281378943609E-07	-930400992768.651	-1.35027758683101	0
-25.9	-0.000000000346041	-0.000000002	-0.142113	-0.0669506323	-0.069130826	-2.18019370000001E-03	2.02399997761666E-07	-934007198166.979	-1.35253933758167	0
-26	-0.000000000444639	-0.000000002	-0.141692	-0.0669562032	-0.0687529973	-0.0017967941	2.4558807266787E-07	-937613403565.307	-1.63483184468257	0
-26.1	-0.000000000376987	-0.000000002	-0.141419	-0.0668698309	-0.0685670986	-0.0016972677	2.5998915786826E-07	-941219608963.635	-1.72406603360915	0
-26.2	-0.000000000374091	-0.000000002	-0.14075	-0.0667430022	-0.0684370774	-1.69407520000001E-03	2.60479109782139E-07	-944825814361.963	-1.72072224606521	0
-26.3	-0.000000000345624	-0.000000002	-0.139423	-0.0666016419	-0.0683353462	-0.0017337043	2.54525065202872E-07	-948432019760.291	-1.67499677305195	0
-26.4	-0.00000000042783	-0.000000002	-0.139582	-0.0664856368	-0.0683189137	-0.0018332769	2.40700791026167E-07	-952038225158.619	-1.57802092018903	0
-26.5	-0.000000000407457	-0.000000002	-0.140114	-0.0662998911	-0.0681927829	-0.0018928918	2.33120139249374E-07	-955644430556.947	-1.52255533617153	0
-26.6	-0.000000000403118	-0.000000002	-0.139316	-0.0661364184	-0.0680077352	-1.87131680000001E-03	2.35807854661487E-07	-959250635955.276	-1.53431947075866	0
-26.7	-0.000000000401115	-0.000000002	-0.13838	-0.0660093135	-0.0679156671	-1.90635359999999E-03	2.31473951107497E-07	-962856841353.604	-1.5004793719155	0
-26.8	-0.000000000463557	-0.000000002	-0.138354	-0.0659276634	-0.0678123008	-0.0018846374	2.34141166889716E-07	-966463046751.932	-1.51210569891464	0
-26.9	-0.000000000458109	-0.000000002	-0.137943	-0.0658588431	-0.0677175202	-1.85867710000001E-03	2.37411436338241E-07	-970069252150.26	-1.52752568418943	0
-27	-0.000000000384319	-0.000000002	-0.138402	-0.0658162069	-0.0676320791	-1.81587220000001E-03	2.43007850442337E-07	-973675457548.588	-1.55774263104062	0
-27.1	-0.000000000343072	-0.000000002	-0.138202	-0.0657026054	-0.0675047331	-0.0018021277	2.44861227092841E-07	-977281662946.916	-1.56383128288076	0
-27.2	-0.000000000456488	-0.000000002	-0.137263	-0.0656311178	-0.0673994001	-1.76828230000001E-03	2.49547937000782E-07	-980887868345.244	-1.58790401089299	0
-27.3	-0.000000000471842	-0.000000002	-0.136951	-0.0654942896	-0.0672353094	-1.74101979999999E-03	2.5345558964924E-07	-984494073743.572	-1.60686130377794	0
-27.4	-0.00000000036633	-0.000000002	-0.136916	-0.0654540994	-0.0672002386	-1.74613920000001E-03	2.52712498522453E-07	-988100279141.9	-1.59630298056013	0
-27.5	-0.000000000383854	-0.000000002	-0.135681	-0.0653055694	-0.0671147111	-0.0018091417	2.43911905850161E-07	-991706484540.228	-1.53510989695905	0
-27.6	-0.000000000460541	-0.000000002	-0.136037	-0.0651343626	-0.0670127228	-0.0018783602	2.34923631793306E-07	-995312689938.557	-1.47318330974063	0
-27.7	-0.000000000383937	-0.000000002	-0.136109	-0.0651455791	-0.067038731	-0.0018931519	2.33088110890626E-07	-998918895336.885	-1.45639613858347	0
-27.8	-0.000000000409198	-0.000000002	-0.136216	-0.0650549322	-0.0669206558	-1.86572360000001E-03	2.36514776358083E-07	-1002525100735.21	-1.47249099835553	0
-27.9	-0.000000000427568	-0.000000002	-0.134563	-0.064911395	-0.0667317091	-0.0018203141	2.42414866752941E-07	-1006131306133.54	-1.50381430988177	0
-28	-0.000000000417316	-0.000000002	-0.135065	-0.0648269052	-0.0665928265	-1.76592129999999E-03	2.49881577395325E-07	-1009737511531.87	-1.5445976624711	0
-28.1	-0.000000000462842	-0.000000002	-0.135947	-0.0649228188	-0.0664090105	-0.0014861917	2.96914052204705E-07	-1013343716930.2	-1.82878898839471	0
-28.2	-0.000000000380421	-0.000000002	-0.134163	-0.0645713167	-0.0661234376	-0.0015521209	2.84302079818654E-07	-1016949922328.53	-1.74489819855966	0
-28.3	-0.000000000539172	-0.000000002	-0.135004	-0.0645196625	-0.0660932008	-0.0015735383	2.8043244959465E-07	-1020556127726.85	-1.71506662568079	0
-28.4	-0.000000000409675	-0.000000002	-0.134197	-0.0644355834	-0.0659704503	-0.0015348669	2.87498023444248E-07	-1024162333125.18	-1.75208708762069	0
-28.5	-0.000000000368118	-0.000000002	-0.133941	-0.0644145486	-0.066115211	-0.0017006624	2.59470192320358E-07	-1027768538523.51	-1.57572991287667	0
-28.6	-0.000000000387132	-0.000000002	-0.134305	-0.064238314	-0.0658888392	-1.65052519999999E-03	2.67351991959894E-07	-1031374743921.84	-1.61791818695471	0
-28.7	-0.000000000490463	-0.000000002	-0.13402	-0.0642125414	-0.0658970355	-0.0016844941	2.6196066819112E-07	-1034980949320.17	-1.5797681678639	0
-28.8	-0.00000000040251	-0.000000002	-0.13242	-0.0641792634	-0.0658551792	-0.0016759158	2.63301533406392E-07	-1038587154718.49	-1.58234094595188	0
-28.9	-0.0000000005041	-0.000000002	-0.132696	-0.064105049	-0.0657612649	-1.65621590000001E-03	2.66433379851019E-07	-1042193360116.82	-1.59562178510725	0
-29	-0.000000000477254	-0.000000002	-0.132789	-0.0639906386	-0.0656435656	-0.001652927	2.6696351381519E-07	-1045799565515.15	-1.59328357051506	0
-29.1	-0.000000000412321	-0.000000002	-0.132828	-0.0639562362	-0.0656251698	-1.66893359999999E-03	2.64403089493795E-07	-1049405770913.48	-1.57257983441988	0
-29.2	-0.000000000387251	-0.000000002	-0.132119	-0.063850612	-0.0655268193	-0.0016762073	2.63255744083683E-07	-1053011976311.81	-1.5603936359017	0
-29.3	-0.000000000508094	-0.000000002	-0.132233	-0.0637273603	-0.0654135537	-1.68619340000001E-03	2.6169667133082E-07	-1056618181710.13	-1.54585852059424	0
-29.4	-0.000000000489712	-0.000000002	-0.1317	-0.0636672828	-0.0653304801	-0.0016631973	2.65315005020751E-07	-1060224387108.46	-1.56190152092279	0
-29.5	-0.000000000508392	-0.000000002	-0.131426	-0.0634819514	-0.0651889873	-0.0017070359	2.5850141757417E-07	-1063830592506.79	-1.51663152422916	0
-29.6	-0.000000000452328	-0.000000002	-0.13182	-0.0634486663	-0.065143337	-0.0016946707	2.60387578542546E-07	-1067436797905.12	-1.52253651694576	0
-29.7	-0.000000000494862	-0.000000002	-0.131983	-0.0633235529	-0.0650113584	-0.0016878055	2.61446712906197E-07	-1071043003303.45	-1.5235822430431	0
-29.8	-0.000000000503385	-0.000000002	-0.130795	-0.0634199454	-0.0650567618	-0.0016368164	2.69591140460224E-07	-1074649208701.77	-1.56577198253873	0
-29.9	-0.00000000043664	-0.000000002	-0.131661	-0.063342102	-0.0649935101	-0.0016514081	2.67209056319876E-07	-1078255414100.1	-1.54674653130878	0
-30	-0.000000000412118	-0.000000002	-0.131472	-0.0632774856	-0.0649297509	-0.0016522653	2.67070427491276E-07	-1081861619498.43	-1.54079092783428	0
-30.1	-0.000000000518489	-0.000000002	-0.132033	-0.0632491621	-0.0648680163	-1.61885419999999E-03	2.725824228025E-07	-1085467824896.76	-1.567366346296	0
-30.2	-0.000000000387371	-0.000000002	-0.131197	-0.0631648305	-0.0647858704	-0.0016210399	2.72214891194227E-07	-1089074030295.09	-1.56007005906014	0
-30.3	-0.000000000368571	-0.000000002	-0.131046	-0.0631087194	-0.0646968757	-0.0015881563	2.77851241719722E-07	-1092680235693.42	-1.58711676534494	0
-30.4	-0.000000000435638	-0.000000002	-0.131048	-0.0629726454	-0.0645774473	-1.60480189999999E-03	2.74969265676967E-07	-1096286441091.74	-1.56548797513455	0
-30.5	-0.000000000404358	-0.000000002	-0.130317	-0.0628618191	-0.0644641229	-1.60230380000001E-03	2.75397961360384E-07	-1099892646490.07	-1.56278792701353	0
-30.6	-0.000000000521958	-0.000000002	-0.129943	-0.0628157472	-0.0644050286	-0.0015892814	2.77654542486937E-07	-1103498851888.4	-1.57044424483562	0
-30.7	-0.00000000050838	-0.000000002	-0.130023	-0.0627120345	-0.064281073	-1.56903849999999E-03	2.81236693682151E-07	-1107105057286.73	-1.58552383058091	0
-30.8	-0.000000000449693	-0.000000002	-0.129896	-0.0627050543	-0.0642854528	-1.58039850000001E-03	2.79215147318855E-07	-1110711262685.06	-1.56901618748108	0
-30.9	-0.000000000412977	-0.000000002	-0.129718	-0.0626424482	-0.064208622	-0.0015661738	2.81751105784045E-07	-1114317468083.38	-1.57814286286806	0
-31	-0.000000000442505	-0.000000002	-0.129033	-0.0625795658	-0.064170413	-0.0015908472	2.77381259494942E-07	-1117923673481.71	-1.54865467459955	0
-31.1	-0.000000000487447	-0.000000002	-0.128768	-0.0625267342	-0.0641114856	-0.0015847514	2.78448215915758E-07	-1121529878880.04	-1.54961287610798	0
-31.2	-0.000000000526035	-0.000000002	-0.129433	-0.0624728485	-0.0640565081	-1.58365960000001E-03	2.78640182524071E-07	-1125136084278.37	-1.54571107169418	0
-31.3	-0.000000000539386	-0.000000002	-0.128796	-0.062471524	-0.0640290137	-0.0015574897	2.83322066271129E-07	-1128742289676.7	-1.56666170830681	0
-31.4	-0.000000000471413	-0.000000002	-0.128834	-0.062400287	-0.063924456	-1.52416900000001E-03	2.89515926383491E-07	-1132348495075.02	-1.5958129210261	0
-31.5	-0.000000000401318	-0.000000002	-0.128793	-0.0623360629	-0.0638745088	-1.53844589999999E-03	2.86829195618775E-07	-1135954700473.35	-1.57598459131195	0
-31.6	-0.000000000454628	-0.000000002	-0.128272	-0.062228446	-0.0637847366	-0.0015562906	2.83540361934975E-07	-1139560905871.68	-1.55298396872856	0
-31.7	-0.000000000532699	-0.000000002	-0.128436	-0.0621738684	-0.0637359744	-1.56210600000001E-03	2.82484799367007E-07	-1143167111270.01	-1.54232176310547	0
-31.8	-0.000000000396538	-0.000000002	-0.128396	-0.0620479559	-0.0636303053	-0.0015823494	2.78870899183203E-07	-1146773316668.34	-1.51780242661395	0
-31.9	-0.000000000515985	-0.000000002	-0.127738	-0.062010631	-0.0635889026	-0.0015782716	2.79591421400474E-07	-1150379522066.67	-1.51695369701246	0
-32	-0.000000000473642	-0.000000002	-0.127515	-0.0619599444	-0.0635251385	-1.56519409999999E-03	2.81927461903927E-07	-1153985727464.99	-1.52484805116307	0
-32.1	-0.000000000411165	-0.000000002	-0.12834	-0.0619980114	-0.0635271144	-0.001529103	2.88581737136085E-07	-1157591932863.32	-1.55597629656408	0
-32.2	-0.000000000508952	-0.000000002	-0.127754	-0.0619394368	-0.0634678128	-0.001528376	2.88719006317817E-07	-1161198138261.65	-1.55188190209051	0
-32.3	-0.000000000550818	-0.000000002	-0.129234	-0.0618455928	-0.063378553	-0.0015329602	2.87855614255347E-07	-1164804343659.98	-1.54245089801031	0
-32.4	-0.000000000456119	-0.000000002	-0.128094	-0.0617408632	-0.0632631992	-1.52233599999999E-03	2.89864523994704E-07	-1168410549058.31	-1.54842160253581	0
-32.5	-0.000000000390851	-0.000000002	-0.127542	-0.061742868	-0.0632667119	-0.0015238439	2.89577692308248E-07	-1172016754456.63	-1.54212972235162	0
-32.6	-0.000000000559056	-0.000000002	-0.128005	-0.0617431849	-0.0632368681	-0.0014936832	2.9542489331071E-07	-1175622959854.96	-1.56844268510877	0
-32.7	-0.000000000555372	-0.000000002	-0.12671	-0.0616748958	-0.0631839648	-1.50906900000001E-03	2.92412871777233E-07	-1179229165253.29	-1.54770397906087	0
-32.8	-0.000000000505817	-0.000000002	-0.127535	-0.0616711459	-0.0631537064	-1.48256049999999E-03	2.97641276696635E-07	-1182835370651.62	-1.57057427900429	0
-32.9	-0.000000000550151	-0.000000002	-0.127256	-0.0615816253	-0.0630834417	-1.50181640000001E-03	2.93824997516339E-07	-1186441576049.95	-1.54572420952014	0
-33	-0.000000000543225	-0.000000002	-0.127165	-0.0615437255	-0.0630273106	-0.0014835851	2.97435718382451E-07	-1190047781448.27	-1.55997754396391	0
-33.1	-0.000000000538671	-0.000000002	-0.12751	-0.0614270475	-0.0629208591	-1.49381160000001E-03	2.95399500177933E-07	-1193653986846.6	-1.5446174190108	0
-33.2	-0.000000000494111	-0.000000002	-0.125815	-0.0613864008	-0.0628791245	-0.0014927237	2.956147879209E-07	-1197260192244.93	-1.5410872864273	0
-33.3	-0.000000000587416	-0.000000002	-0.127008	-0.0614108404	-0.0628716315	-0.0014607911	3.0207686780129E-07	-1200866397643.26	-1.57004609044329	0
-33.4	-0.000000000494444	-0.000000002	-0.126946	-0.061368778	-0.0628271139	-0.0014583359	3.02585433163924E-07	-1204472603041.59	-1.56798071077575	0
-33.5	-0.000000000567102	-0.000000002	-0.127048	-0.0613528986	-0.0627929916	-0.001440093	3.06418543802379E-07	-1208078808439.91	-1.58310384283663	0
-33.6	-0.000000000570083	-0.000000002	-0.125971	-0.0612909149	-0.0627276625	-0.0014367476	3.07132025137887E-07	-1211685013838.24	-1.58206743718005	0
-33.7	-0.000000000481331	-0.000000002	-0.126284	-0.0612219121	-0.0626720837	-1.45017160000001E-03	3.04288954493384E-07	-1215291219236.57	-1.56277139376881	0
-33.8	-0.000000000481272	-0.000000002	-0.126399	-0.0611358523	-0.0625623362	-0.0014264839	3.09341871997294E-07	-1218897424634.9	-1.58402187527062	0
-33.9	-0.000000000459099	-0.000000002	-0.126303	-0.0610969245	-0.0625659504	-0.0014690259	3.00383539868153E-07	-1222503630033.23	-1.53361235467062	0
-34	-0.000000000554287	-0.000000002	-0.126124	-0.0611023284	-0.0625490518	-0.0014467234	3.05014213497894E-07	-1226109835431.56	-1.55267416373362	0
-34.1	-0.000000000487113	-0.000000002	-0.126193	-0.0610586525	-0.0625084283	-0.0014497758	3.0437202773008E-07	-1229716040829.88	-1.54486140851044	0
-34.2	-0.000000000495887	-0.000000002	-0.126499	-0.0610146623	-0.0624537779	-0.0014391156	3.06626653202842E-07	-1233322246228.21	-1.55175431782815	0
-34.3	-0.00000000057925	-0.000000002	-0.125984	-0.0609416574	-0.0623939849	-0.0014523275	3.03837254338296E-07	-1236928451626.54	-1.53315501740562	0
-34.4	-0.000000000508761	-0.000000002	-0.125591	-0.060941112	-0.0623863501	-0.0014452381	3.05327682684257E-07	-1240534657024.87	-1.53619697236042	0
-34.5	-0.000000000509203	-0.000000002	-0.125225	-0.0609021661	-0.0623515464	-0.0014493803	3.04455083320783E-07	-1244140862423.2	-1.52736663873302	0
-34.6	-0.000000000609255	-0.000000002	-0.125368	-0.0609035428	-0.06231826	-0.0014147172	3.11914777031056E-07	-1247747067821.52	-1.5602673373052	0
-34.7	-0.000000000431871	-0.000000002	-0.12504	-0.0608609789	-0.0622611074	-0.0014001285	3.15164786660653E-07	-1251353273219.85	-1.5719813123176	0
-34.8	-0.000000000433266	-0.000000002	-0.125294	-0.0608363218	-0.0621857611	-0.0013494393	3.27003370955626E-07	-1254959478618.18	-1.62634302530981	0
-34.9	-0.000000000413847	-0.000000002	-0.125302	-0.06085467	-0.0622319158	-0.0013772458	3.20401194906529E-07	-1258565684016.51	-1.5889413456903	0
-35	-0.000000000610292	-0.000000002	-0.125242	-0.0607926495	-0.0621700118	-0.0013773623	3.20374094746167E-07	-1262171889414.84	-1.58426750149204	0
-35.1	-0.0000000005198	-0.000000002	-0.125579	-0.0607170732	-0.0621222048	-0.0014051316	3.14042613517482E-07	-1265778094813.16	-1.54853359722624	0
-35.2	-0.000000000435221	-0.000000002	-0.125184	-0.0606245716	-0.0620585947	-1.43402309999999E-03	3.07715545167998E-07	-1269384300211.49	-1.51302442444929	0
-35.3	-0.000000000457764	-0.000000002	-0.124783	-0.0605927184	-0.0620284982	-1.43577979999999E-03	3.07339050180259E-07	-1272990505609.82	-1.50689227044145	0
-35.4	-0.000000000587463	-0.000000002	-0.12467	-0.0605959494	-0.0620072076	-0.0014112582	3.12679281509223E-07	-1276596711008.15	-1.52874485744405	0
-35.5	-0.000000000605512	-0.000000002	-0.123863	-0.0605762624	-0.0619418528	-1.36559040000001E-03	3.23135839267762E-07	-1280202916406.48	-1.57541850130545	0
-35.6	-0.000000000458515	-0.000000002	-0.12473	-0.0605918506	-0.0619521894	-1.36033880000001E-03	3.24383308040613E-07	-1283809121804.8	-1.57705800149391	0
-35.7	-0.000000000466382	-0.000000002	-0.125005	-0.0604960326	-0.0618919385	-0.0013959059	3.16118156675174E-07	-1287415327203.13	-1.53257024891002	0
-35.8	-0.000000000620818	-0.000000002	-0.124627	-0.0604670233	-0.0618581435	-0.0013911202	3.17205659151524E-07	-1291021532601.46	-1.53354691252886	0
-35.9	-0.000000000560737	-0.000000002	-0.124831	-0.0604700319	-0.0618427907	-0.0013727588	3.21448458389049E-07	-1294627737999.79	-1.54973008651245	0
-36	-0.000000000439394	-0.000000002	-0.124881	-0.0604468593	-0.061811548	-0.0013646887	3.23349346997598E-07	-1298233943398.12	-1.55456416825768	0
-36.1	-0.000000000432563	-0.000000002	-0.124947	-0.0604565031	-0.0618098887	-0.0013533856	3.26049870783316E-07	-1301840148796.45	-1.56320521896966	0
-36.2	-0.000000000535405	-0.000000002	-0.124309	-0.0604454729	-0.0618035509	-0.001358078	3.24923310737675E-07	-1305446354194.77	-1.55350074194596	0
-36.3	-0.000000000636172	-0.000000002	-0.124325	-0.060463935	-0.0618138179	-1.34988289999999E-03	3.26895910749E-07	-1309052559593.1	-1.5586264021726	0
-36.4	-0.000000000458133	-0.000000002	-0.124186	-0.0603970246	-0.0617613293	-0.0013643047	3.23440357568218E-07	-1312658764991.43	-1.53791378809909	0
-36.5	-0.000000000638521	-0.000000002	-0.124293	-0.0602522097	-0.0616231626	-0.0013709529	3.21871889253088E-07	-1316264970389.76	-1.52626291005152	0
-36.6	-0.000000000516427	-0.000000002	-0.124058	-0.060296477	-0.0616508657	-0.0013543887	3.25808388684873E-07	-1319871175788.09	-1.54070801711005	0
-36.7	-0.000000000540853	-0.000000002	-0.124058	-0.0602843289	-0.061636023	-1.35169409999999E-03	3.26457887180244E-07	-1323477381186.41	-1.53957293262534	0
-36.8	-0.000000000548625	-0.000000002	-0.124128	-0.0603129809	-0.0616315887	-0.0013186078	3.34649317257185E-07	-1327083586584.74	-1.57391505817029	0
-36.9	-0.000000000660169	-0.000000002	-0.123923	-0.060220815	-0.0615630998	-0.0013422848	3.28746328647988E-07	-1330689791983.07	-1.54196214187612	0
-37	-0.000000000647652	-0.000000002	-0.123667	-0.0601749002	-0.0615240261	-0.0013491259	3.27079333366886E-07	-1334295997381.4	-1.52999688165383	0
-37.1	-0.000000000451696	-0.000000002	-0.123891	-0.0601715455	-0.0614990364	-0.0013274909	3.32409962282981E-07	-1337902202779.73	-1.55074106393678	0
-37.2	-0.00000000063802	-0.000000002	-0.123853	-0.0601793157	-0.0614649978	-0.0012856821	3.43219525262116E-07	-1341508408178.05	-1.5968650368895	0
-37.3	-0.000000000621319	-0.000000002	-0.123439	-0.0602394515	-0.0615258509	-0.0012863994	3.43028145069098E-07	-1345114613576.38	-1.5916958680253	0
-37.4	-0.000000000580728	-0.000000002	-0.123002	-0.0601756428	-0.061492443	-0.0013168002	3.35108697583733E-07	-1348720818974.71	-1.55079096989593	0
-37.5	-0.000000000534081	-0.000000002	-0.12359	-0.0600903926	-0.061440711	-0.0013503184	3.26790481415346E-07	-1352327024373.04	-1.50826376037852	0
-37.6	-0.000000000509906	-0.000000002	-0.12292	-0.0600674285	-0.0614107547	-0.0013433262	3.28491471393917E-07	-1355933229771.37	-1.51208226398591	0
-37.7	-0.000000000578713	-0.000000002	-0.122697	-0.0600682761	-0.0613810772	-0.0013128011	3.36129517258935E-07	-1359539435169.7	-1.54313693905857	0
-37.8	-0.000000000647676	-0.000000002	-0.122694	-0.0600472638	-0.0613600737	-0.0013128099	3.36127264122552E-07	-1363145640568.02	-1.53904424964539	0
-37.9	-0.00000000048511	-0.000000002	-0.12285	-0.0600026528	-0.0613458905	-0.0013432377	3.28513114246272E-07	-1366751845966.35	-1.50021211092777	0
-38	-0.000000000460589	-0.000000002	-0.122765	-0.0600020759	-0.0613420099	-0.001339934	3.29323086062448E-07	-1370358051364.68	-1.4999533272075	0
-38.1	-0.000000000639677	-0.000000002	-0.123104	-0.0600380984	-0.0613507309	-1.31263249999999E-03	3.36172691137849E-07	-1373964256763.01	-1.52713215235243	0
-38.2	-0.000000000568306	-0.000000002	-0.122498	-0.059949237	-0.0612439279	-0.0012946909	3.40831313481851E-07	-1377570462161.34	-1.54424175459961	0
-38.3	-0.000000000521481	-0.000000002	-0.122641	-0.0599227578	-0.0612514312	-0.0013286734	3.32114122251563E-07	-1381176667559.66	-1.50081698145414	0
-38.4	-0.00000000059067	-0.000000002	-0.122755	-0.0598882885	-0.0612176967	-0.0013294082	3.31930553760688E-07	-1384782872957.99	-1.4960812218781	0
-38.5	-0.000000000567234	-0.000000002	-0.123064	-0.0598762473	-0.061210316	-0.0013340687	3.30770971539921E-07	-1388389078356.32	-1.4869823895401	0
-38.6	-0.000000000461125	-0.000000002	-0.122809	-0.0598865568	-0.0612171617	-0.0013306049	3.3163202690746E-07	-1391995283754.65	-1.48699095365043	0
-38.7	-0.000000000515175	-0.000000002	-0.123121	-0.0598400949	-0.0611946746	-0.0013545797	3.25762448676885E-07	-1395601489152.98	-1.45689824989663	0
-38.8	-0.000000000641322	-0.000000002	-0.122621	-0.0598757509	-0.0612209151	-1.34516420000001E-03	3.28042628550476E-07	-1399207694551.3	-1.46331465947377	0
-38.9	-0.000000000649512	-0.000000002	-0.122692	-0.0598947303	-0.061182183	-0.0012874527	3.42747504432589E-07	-1402813899949.63	-1.5249790092413	0
-39	-0.000000000571704	-0.000000002	-0.122394	-0.0600164839	-0.0612757311	-0.0012592472	3.50424602889726E-07	-1406420105347.96	-1.55513877022068	0
-39.1	-0.000000000649059	-0.000000002	-0.122605	-0.0599518255	-0.0612476101	-0.0012957846	3.40543636650721E-07	-1410026310746.29	-1.50742314079111	0
-39.2	-0.00000000052532	-0.000000002	-0.12243	-0.0599446393	-0.0612462778	-0.0013016385	3.39012098981399E-07	-1413632516144.62	-1.49681558616199	0
-39.3	-0.000000000542903	-0.000000002	-0.122307	-0.0598860038	-0.061212795	-0.0013267912	3.32585262850702E-07	-1417238721542.94	-1.46470315406945	0
-39.4	-0.000000000559521	-0.000000002	-0.122402	-0.0599135842	-0.0612180775	-0.0013044933	3.38270192725405E-07	-1420844926941.27	-1.48595848034393	0
-39.5	-0.00000000060972	-0.000000002	-0.122836	-0.0599043906	-0.0612071793	-1.30278869999999E-03	3.38712793563532E-07	-1424451132339.6	-1.48413590169026	0
-39.6	-0.000000000529373	-0.000000002	-0.122357	-0.0598808865	-0.0611711602	-0.0012902737	3.41998135744378E-07	-1428057337737.93	-1.49474709678487	0
-39.7	-0.00000000066849	-0.000000002	-0.122624	-0.0599110996	-0.0612051602	-1.29406059999999E-03	3.40997322691072E-07	-1431663543136.26	-1.48661882591535	0
-39.8	-0.000000000672495	-0.000000002	-0.122164	-0.0599535894	-0.0612175549	-0.0012639655	3.49116490916881E-07	-1435269748534.58	-1.51819115686699	0
-39.9	-0.000000000669754	-0.000000002	-0.122681	-0.0599651975	-0.0612171207	-0.0012519232	3.52474656592352E-07	-1438875953932.91	-1.52895310841101	0
-40	-0.000000000569856	-0.000000002	-0.122429	-0.0599977244	-0.0612443663	-0.0012466419	3.53967887650817E-07	-1442482159331.24	-1.53159182156603	0
