-20	0.000000000273765	-0.00000001	-3.40673	-0.6603354895	-0.470773745	0.1895617445	-4.03168959322755E-08	-721241079665.621	0.348896214798538	0
-20.05	-0.00000000039562	-0.00000001	-2.216665	-0.7220292065	-0.72951319	-7.48398350000001E-03	-1.62453394218228E-08	-723044182364.785	0.140234082866301	0
-20.1	-0.000000000294173	-0.00000001	-2.179985	-0.779171742	-0.7735769275	5.59481450000004E-03	4.56136066419839E-08	-724847285063.949	-0.392769287961974	0
-20.15	-3.599465E-10	-0.00000001	-2.186755	-0.886906243	-0.892578545	-5.67230200000002E-03	-7.87954479205408E-08	-726650387763.113	0.676807626727302	0
-20.2	-3.562035E-10	-0.00000001	-2.17247	-0.8810867185	-0.887972234	-6.88551549999999E-03	3.42315789020691E-07	-728453490462.277	-2.93301799427477	0
-20.25	-3.525855E-10	-0.00000001	-2.146795	-0.8715673145	-0.879070875	-7.50356050000001E-03	2.94090178288366E-07	-730256593161.441	-2.51359126742193	0
-20.3	-0.000000000416571	-0.00000001	-2.134205	-0.8601729175	-0.865768561	-5.59564350000008E-03	4.60277548800099E-07	-732059695860.605	-3.92430649791672	0
-20.35	-3.459635E-10	-0.00000001	-2.11403	-0.844221837	-0.850380182	-6.15834500000001E-03	3.77699793916207E-07	-733862798559.769	-3.2123399595973	0
-20.4	-3.120485E-10	-0.00000001	-2.108405	-0.831512444	-0.8393317945	-7.81935049999993E-03	2.9635858914154E-07	-735665901258.933	-2.51435454588411	0
-20.45	-0.000000000577414	-0.00000001	-2.08975	-0.8224333595	-0.831433361	-9.00000149999997E-03	2.49753538860758E-07	-737469003958.097	-2.11376890139818	0
-20.5	-3.908215E-10	-0.00000001	-2.09466	-0.8161491265	-0.826184101	-0.0100349745	2.26398351776634E-07	-739272106657.261	-1.91143073732618	0
-20.55	-3.750325E-10	-0.00000001	-2.083635	-0.809869052	-0.8193147235	-9.44567150000003E-03	2.43207493486273E-07	-741075209356.425	-2.04835059084452	0
-20.6	-4.441675E-10	-0.00000001	-2.07947	-0.8018882855	-0.8121236805	-0.010235395	2.16942132761854E-07	-742878312055.589	-1.82270275845471	0
-20.65	-0.000000000336999	-0.00000001	-2.07612	-0.7990650665	-0.8081578975	-9.09283099999997E-03	2.52089873620051E-07	-744681414754.753	-2.11287843414086	0
-20.7	-3.723025E-10	-0.00000001	-2.06693	-0.796302033	-0.805591019	-0.009288986	2.39264338884621E-07	-746484517453.917	-2.00053795054031	0
-20.75	-2.807795E-10	-0.00000001	-2.06111	-0.793036713	-0.801863233	-0.00882652	2.50104170475703E-07	-748287620153.082	-2.0861330252839	0
-20.8	-4.219535E-10	-0.00000001	-2.055275	-0.7891355565	-0.798122469	-0.0089869125	2.45674975039652E-07	-750090722852.245	-2.04426292100302	0
-20.85	-0.000000000367004	-0.00000001	-2.045435	-0.784322342	-0.7927244325	-8.40209049999996E-03	2.63057212403796E-07	-751893825551.41	-2.18365145880295	0
-20.9	-0.000000000343406	-0.00000001	-2.03144	-0.777554007	-0.7868225315	-9.26852449999999E-03	2.43322795508899E-07	-753696928250.574	-2.01500290723232	0
-20.95	-3.186585E-10	-0.00000001	-2.03578	-0.772653002	-0.7826100855	-9.95708350000002E-03	2.24022261796799E-07	-755500030949.738	-1.85074385549035	0
-21	-3.950775E-10	-0.00000001	-2.027575	-0.766853612	-0.7762090855	-9.35547350000004E-03	2.43875747174854E-07	-757303133648.902	-2.0099649492433	0
-21.05	-0.000000000338364	-0.00000001	-2.023365	-0.763573026	-0.7740500765	-0.0104770505	2.11045101059754E-07	-759106236348.066	-1.73525115068316	0
-21.1	-3.667355E-10	-0.00000001	-2.021575	-0.762120405	-0.7717104855	-9.59008050000004E-03	2.30990351158138E-07	-760909339047.23	-1.89474403975869	0
-21.15	-0.000000000384587	-0.00000001	-2.014435	-0.7591388525	-0.768769506	-9.63065350000003E-03	2.29192046185309E-07	-762712441746.394	-1.87554865945425	0
-21.2	-0.000000000408882	-0.00000001	-2.013995	-0.7578848295	-0.767816315	-9.93148549999995E-03	2.25994376181753E-07	-764515544445.558	-1.84501939916163	0
-21.25	-2.847195E-10	-0.00000001	-2.007555	-0.75588843	-0.764748038	-8.85960800000002E-03	2.5678452174622E-07	-766318647144.722	-2.09145764318188	0
-21.3	-0.000000000370741	-0.00000001	-1.999805	-0.75154315	-0.7597788865	-8.23573649999998E-03	2.72345546835197E-07	-768121749843.886	-2.21299198403464	0
-21.35	-3.528595E-10	-0.00000001	-1.984485	-0.7458487465	-0.7541304825	-8.28173599999998E-03	2.76329465890695E-07	-769924852543.05	-2.24010556027406	0
-21.4	-0.000000000427902	-0.00000001	-1.983095	-0.7399465085	-0.748422397	-8.47588850000003E-03	2.69308559929323E-07	-771727955242.214	-2.17808864069366	0
-21.45	-0.000000000422269	-0.00000001	-1.98038	-0.734087586	-0.7429759785	-8.88839250000001E-03	2.63612706641446E-07	-773531057941.378	-2.12705250114131	0
-21.5	-0.000000000360185	-0.00000001	-1.981405	-0.730969055	-0.7405825335	-9.61347849999994E-03	2.36604090543341E-07	-775334160640.542	-1.90468409203048	0
-21.55	-0.000000000368756	-0.00000001	-1.966675	-0.7271891645	-0.7363363445	-9.14718000000003E-03	2.43735340872286E-07	-777137263339.706	-1.95753887903852	0
-21.6	-0.000000000332737	-0.00000001	-1.960405	-0.723358068	-0.73255407	-9.19600199999993E-03	2.3994369622048E-07	-778940366038.87	-1.92262577099744	0
-21.65	-3.812135E-10	-0.00000001	-1.958555	-0.720212039	-0.7291700555	-0.0089580165	2.46367916186942E-07	-780743468738.034	-1.969542765751	0
-21.7	-0.000000000370592	-0.00000001	-1.96009	-0.717989542	-0.72740267	-9.41312800000005E-03	2.34733682386601E-07	-782546571437.198	-1.8722112207368	0
-21.75	-0.000000000422144	-0.00000001	-1.956895	-0.717840229	-0.727191815	-9.35158600000002E-03	2.3891661688358E-07	-784349674136.363	-1.90119323780037	0
-21.8	-3.456055E-10	-0.00000001	-1.953045	-0.7176182985	-0.7273712995	-9.75300099999993E-03	2.30117462470616E-07	-786152776835.527	-1.82697350232493	0
-21.85	-0.000000000410718	-0.00000001	-1.94806	-0.7163621645	-0.725158215	-8.79605049999999E-03	2.52719612659419E-07	-787955879534.691	-2.00182759543634	0
-21.9	-0.000000000319421	-0.00000001	-1.94116	-0.713688473	-0.722616379	-8.92790599999999E-03	2.49008563564798E-07	-789758982233.855	-1.96792858454793	0
-21.95	-4.066825E-10	-0.00000001	-1.93399	-0.7102539575	-0.7187540145	-8.50005700000006E-03	2.59832633709931E-07	-791562084933.019	-2.04879420307463	0
-22	-0.000000000365758	-0.00000001	-1.930065	-0.7054153905	-0.714310553	-0.0088951625	2.4958117488526E-07	-793365187632.183	-1.96348826395747	0
-22.05	-4.347625E-10	-0.00000001	-1.92545	-0.7023508425	-0.711627611	-9.27676849999998E-03	2.3787145384567E-07	-795168290331.347	-1.86712287163006	0
-22.1	-3.287795E-10	-0.00000001	-1.91878	-0.698807516	-0.707837063	-9.02954699999997E-03	2.44479367285415E-07	-796971393030.511	-1.91464871699333	0
-22.15	-3.462315E-10	-0.00000001	-1.90959	-0.6959497815	-0.7048657765	-8.91599499999995E-03	2.48036863837044E-07	-798774495729.675	-1.93812447867112	0
-22.2	-0.00000000041182	-0.00000001	-1.908235	-0.6930736165	-0.7010736515	-8.00003500000002E-03	2.75945822603756E-07	-800577598428.839	-2.1513447708193	0
-22.25	-0.000000000434035	-0.00000001	-1.90926	-0.6907643045	-0.6994057175	-8.64141299999999E-03	2.5532385875553E-07	-802380701128.003	-1.98609743197906	0
-22.3	-3.909525E-10	-0.00000001	-1.909245	-0.690383684	-0.69878386	-8.40017599999998E-03	2.63496131979693E-07	-804183803827.167	-2.04507173837292	0
-22.35	-3.593205E-10	-0.00000001	-1.907055	-0.6895212945	-0.69849002	-8.96872550000005E-03	2.46747290343397E-07	-805986906526.331	-1.91079471097106	0
-22.4	-3.489615E-10	-0.00000001	-1.897695	-0.68982428	-0.697673253	-7.84897299999998E-03	2.81953117545845E-07	-807790009225.495	-2.17855259092771	0
-22.45	-0.000000000337982	-0.00000001	-1.896645	-0.6871440535	-0.6952016945	-8.05764100000006E-03	2.76248266509474E-07	-809593111924.659	-2.12971937518011	0
-22.5	-2.560141E-10	-0.00000001	-1.91557	-0.685637822	-0.6945822205	-8.94439850000001E-03	2.46685062322652E-07	-811396214623.823	-1.89757740248194	0
-22.55	-0.000000000494957	-0.00000001	-1.89328	-0.6810550785	-0.693527721	-0.0124726425	1.83029791603499E-07	-813199317322.987	-1.40479969676914	0
-22.6	-4.033265E-10	-0.00000001	-1.882485	-0.6799356845	-0.691763072	-1.18273875000001E-02	1.92411787798837E-07	-815002420022.151	-1.47354160159082	0
-22.65	-0.000000000352216	-0.00000001	-1.885785	-0.6783714165	-0.6863932155	-0.008021799	2.77214142194369E-07	-816805522721.315	-2.11829451498499	0
-22.7	-3.836985E-10	-0.00000001	-1.877155	-0.677356675	-0.6852746655	-7.91799050000003E-03	2.81935054254216E-07	-818608625420.479	-2.14962342281256	0
-22.75	-3.806415E-10	-0.00000001	-1.87699	-0.6746846875	-0.6834515095	-8.76682200000001E-03	2.52667376606102E-07	-820411728119.644	-1.9222370156001	0
-22.8	-4.657265E-10	-0.00000001	-1.87067	-0.673497529	-0.68165242	-8.15489100000005E-03	2.70570223784181E-07	-822214830818.808	-2.05392376354388	0
-22.85	-0.00000000034343	-0.00000001	-1.878175	-0.6730388105	-0.6821331385	-9.09432799999998E-03	2.44256211284786E-07	-824017933517.972	-1.85011437599989	0
-22.9	-2.742175E-10	-0.00000001	-1.87412	-0.6734891035	-0.681967933	-8.47882950000006E-03	2.61789366363987E-07	-825821036217.136	-1.97858943338586	0
-22.95	-3.800155E-10	-0.00000001	-1.862645	-0.6731589055	-0.681179943	-8.02103749999999E-03	2.76071098932954E-07	-827624138916.3	-2.08198415484882	0
-23	-0.000000000457668	-0.00000001	-1.8608	-0.671215733	-0.679176854	-7.96112100000002E-03	2.78538635002983E-07	-829427241615.464	-2.09602651758097	0
-23.05	-3.843425E-10	-0.00000001	-1.85696	-0.668308857	-0.676014692	-7.70583499999999E-03	2.90406114899626E-07	-831230344314.628	-2.18058988327769	0
-23.1	-3.612995E-10	-0.00000001	-1.85229	-0.664936253	-0.6727440735	-7.80782050000001E-03	2.86991006728507E-07	-833033447013.792	-2.15028226819561	0
-23.15	-0.000000000381529	-0.00000001	-1.848955	-0.6620295165	-0.6704144295	-8.38491299999999E-03	2.6561970353674E-07	-834836549712.956	-1.98585922232153	0
-23.2	-4.351195E-10	-0.00000001	-1.846825	-0.6601575785	-0.668726763	-8.56918450000005E-03	2.58601489151487E-07	-836639652412.12	-1.92922198471765	0
-23.25	-0.000000000415415	-0.00000001	-1.839325	-0.6587900535	-0.666967963	-8.17790949999997E-03	2.71320132103102E-07	-838442755111.284	-2.01975284443997	0
-23.3	-0.000000000352931	-0.00000001	-1.839025	-0.658262192	-0.666677526	-8.41533400000005E-03	2.65610346453573E-07	-840245857810.448	-1.97300521466008	0
-23.35	-3.305555E-10	-0.00000001	-1.83163	-0.656547844	-0.664884539	-8.33669500000001E-03	2.74119400904102E-07	-842048960509.612	-2.03185192566045	0
-23.4	-0.000000000419462	-0.00000001	-1.832665	-0.655574355	-0.6633576105	-7.78325549999997E-03	2.9596489190596E-07	-843852063208.776	-2.18908943717426	0
-23.45	-4.118205E-10	-0.00000001	-1.82668	-0.653768688	-0.6612520085	-7.48332049999995E-03	2.98240193457342E-07	-845655165907.94	-2.20121513950802	0
-23.5	-0.000000000297141	-0.00000001	-1.828195	-0.6524290415	-0.660063102	-7.63406050000004E-03	2.89055393928631E-07	-847458268607.104	-2.1288858799981	0
-23.55	-4.221795E-10	-0.00000001	-1.82426	-0.6507943775	-0.658215024	-7.42064650000002E-03	2.99649461966703E-07	-849261371306.268	-2.2022253451742	0
-23.6	-4.541275E-10	-0.00000001	-1.81422	-0.6485745575	-0.6562386155	-7.66405799999997E-03	2.87908533327837E-07	-851064474005.433	-2.11145436762592	0
-23.65	-3.875495E-10	-0.00000001	-1.820425	-0.646805055	-0.654716384	-7.91132900000002E-03	2.78923323930962E-07	-852867576704.596	-2.04123427823928	0
-23.7	-0.000000000294763	-0.00000001	-1.81352	-0.6447850805	-0.652716487	-7.93140650000002E-03	2.79145699912853E-07	-854670679403.761	-2.03855184941227	0
-23.75	-4.168155E-10	-0.00000001	-1.80849	-0.644022296	-0.651970879	-7.94858300000001E-03	2.78973141056034E-07	-856473782102.925	-2.03300264737191	0
-23.8	-0.000000000376797	-0.00000001	-1.810315	-0.64361219	-0.651076284	-7.46409399999992E-03	2.98818316027689E-07	-858276884802.089	-2.17304851668487	0
-23.85	-3.454325E-10	-0.00000001	-1.80752	-0.642967143	-0.650838962	-7.87181900000006E-03	2.81158438190289E-07	-860079987501.253	-2.04033699702677	0
-23.9	-3.636835E-10	-0.00000001	-1.803435	-0.6427681175	-0.650689683	-7.92156549999995E-03	2.78646852265325E-07	-861883090200.417	-2.01788032699382	0
-23.95	-3.459035E-10	-0.00000001	-1.799875	-0.641961871	-0.64968488	-7.72300899999995E-03	2.86018010306509E-07	-863686192899.581	-2.06693599868202	0
-24	-0.000000000371635	-0.00000001	-1.796155	-0.6396648875	-0.6472209505	-7.55606299999995E-03	2.92500127253053E-07	-865489295598.745	-2.10937591769029	0
-24.05	-4.103545E-10	-0.00000001	-1.79183	-0.637172937	-0.6444296655	-7.25672850000003E-03	3.04066921716411E-07	-867292398297.909	-2.18823148524524	0
-24.1	-0.000000000338447	-0.00000001	-1.78726	-0.6348817485	-0.6426902315	-7.80848299999998E-03	2.82566163724516E-07	-869095500997.073	-2.02928141838545	0
-24.15	-0.000000000376999	-0.00000001	-1.78747	-0.633505438	-0.6412417255	-7.73628750000005E-03	2.8520023188019E-07	-870898603696.237	-2.04395770578254	0
-24.2	-3.379225E-10	-0.00000001	-1.78672	-0.632037172	-0.640098088	-8.06091600000003E-03	2.73742350141272E-07	-872701706395.401	-1.95778858174781	0
-24.25	-3.622115E-10	-0.00000001	-1.783805	-0.6313057385	-0.6390124805	-7.70674199999999E-03	2.87663320332077E-07	-874504809094.565	-2.05310855114092	0
-24.3	-0.000000000343621	-0.00000001	-1.77841	-0.630024933	-0.638186618	-8.16168499999997E-03	2.70723980908141E-07	-876307911793.729	-1.92823348225172	0
-24.35	-3.887295E-10	-0.00000001	-1.780625	-0.6301745965	-0.638259696	-8.08509949999997E-03	2.73527806733028E-07	-878111014492.893	-1.94420333327851	0
-24.4	-0.000000000438458	-0.00000001	-1.773895	-0.6301434035	-0.6379850445	-7.84164100000001E-03	2.81917021083246E-07	-879914117192.057	-1.999726662791	0
-24.45	-0.00000000035975	-0.00000001	-1.776535	-0.6300586135	-0.638429652	-8.37103850000004E-03	2.6460318109022E-07	-881717219891.221	-1.87307584537674	0
-24.5	-0.000000000363672	-0.00000001	-1.77892	-0.630701807	-0.638718366	-8.01655899999998E-03	2.77214686225507E-07	-883520322590.385	-1.95834550708757	0
-24.55	-0.000000000388658	-0.00000001	-1.780315	-0.631119812	-0.639417002	-8.29719000000001E-03	2.65920985378517E-07	-885323425289.549	-1.87473669779622	0
-24.6	-0.000000000384027	-0.00000001	-1.77502	-0.6323408325	-0.640038735	-7.69790250000002E-03	2.88612134914688E-07	-887126527988.714	-2.03057318185756	0
-24.65	-4.365985E-10	-0.00000001	-1.771515	-0.632316655	-0.6393783895	-7.06173449999997E-03	3.12690871565464E-07	-888929630687.877	-2.19552024035667	0
-24.7	-3.788175E-10	-0.00000001	-1.76957	-0.6313252365	-0.63832551	-7.00027349999999E-03	3.1519313728251E-07	-890732733387.042	-2.20860965084288	0
-24.75	-0.000000000407797	-0.00000001	-1.767005	-0.6303672635	-0.6373625575	-6.99529400000004E-03	3.15729074018151E-07	-892535836086.206	-2.20789562250455	0
-24.8	-0.000000000381547	-0.00000001	-1.766665	-0.6294821735	-0.637150415	-7.66824150000006E-03	2.88115438492212E-07	-894338938785.37	-2.01073119295123	0
-24.85	-3.836275E-10	-0.00000001	-1.759305	-0.6275962975	-0.635002391	-7.40609350000004E-03	3.0249287539095E-07	-896142041484.534	-2.10682237929001	0
-24.9	-4.784045E-10	-0.00000001	-1.75824	-0.625374404	-0.6324945985	-7.12019450000001E-03	3.15907804180836E-07	-897945144183.698	-2.19583737845808	0
-24.95	-3.302575E-10	-0.00000001	-1.753025	-0.6232120245	-0.629647238	-6.43521349999998E-03	3.4300349497571E-07	-899748246882.862	-2.37939837735578	0
-25	-4.394415E-10	-0.00000001	-1.74928	-0.6212389535	-0.6280368945	-6.79794099999997E-03	3.25243701207843E-07	-901551349582.026	-2.25168716220815	0
-25.05	-0.000000000341523	-0.00000001	-1.74768	-0.62077787	-0.6266839235	-5.90605350000001E-03	3.73977606194788E-07	-903354452281.19	-2.58390791935597	0
-25.1	-4.837035E-10	-0.00000001	-1.74532	-0.619388648	-0.62526173	-5.87308199999997E-03	3.76001941027565E-07	-905157554980.354	-2.59271948302795	0
-25.15	-4.466595E-10	-0.00000001	-1.74998	-0.619295326	-0.625885058	-6.58973200000001E-03	3.35521889289683E-07	-906960657679.518	-2.30898990947174	0
-25.2	-4.074275E-10	-0.00000001	-1.742335	-0.61809174	-0.6244884795	-6.39673949999997E-03	3.45207989369676E-07	-908763760378.682	-2.3709339929236	0
-25.25	-0.000000000406039	-0.00000001	-1.740345	-0.6165694785	-0.6238827695	-0.007313291	3.02470654171301E-07	-910566863077.846	-2.07329465920922	0
-25.3	-0.00000000036667	-0.00000001	-1.742205	-0.616319509	-0.6233803425	-7.06083349999997E-03	3.15963196142799E-07	-912369965777.01	-2.16149951754727	0
-25.35	-0.00000000041942	-0.00000001	-1.737135	-0.614493689	-0.622159572	-7.66588299999998E-03	2.87816234024501E-07	-914173068476.174	-1.96506304522873	0
-25.4	-0.000000000372684	-0.00000001	-1.7383	-0.613575969	-0.6222007335	-8.62476450000005E-03	2.55925060471542E-07	-915976171175.338	-1.74388669309803	0
-25.45	-0.00000000045712	-0.00000001	-1.732235	-0.6130838405	-0.621038345	-7.95450450000001E-03	2.80146201194265E-07	-917779273874.502	-1.90518045243191	0
-25.5	-3.485025E-10	-0.00000001	-1.731205	-0.612481144	-0.620282068	-7.80092400000004E-03	2.86177570906387E-07	-919582376573.666	-1.94238170298453	0
-25.55	-0.000000000456834	-0.00000001	-1.73011	-0.6128375855	-0.619697229	-6.85964350000001E-03	3.2195584546175E-07	-921385479272.83	-2.18094430916435	0
-25.6	-3.163815E-10	-0.00000001	-1.72413	-0.6118095745	-0.6186859315	-0.006876357	3.20993068527289E-07	-923188581971.995	-2.17017549334856	0
-25.65	-0.000000000454885	-0.00000001	-1.730965	-0.612045427	-0.618644881	-6.59945399999995E-03	3.35336946298318E-07	-924991684671.158	-2.26273243116274	0
-25.7	-0.000000000339347	-0.00000001	-1.72415	-0.6118646355	-0.6183670695	-6.50243399999995E-03	3.39918284382011E-07	-926794787370.323	-2.28918329799319	0
-25.75	-3.476855E-10	-0.00000001	-1.72559	-0.6119842295	-0.6190070015	-7.02277199999995E-03	3.14722994403113E-07	-928597890069.487	-2.11538980554743	0
-25.8	-0.000000000445652	-0.00000001	-1.72287	-0.612413018	-0.6186828045	-6.26978650000004E-03	3.53143690554275E-07	-930400992768.651	-2.36903191337841	0
-25.85	-0.000000000334185	-0.00000001	-1.72532	-0.611595969	-0.619121951	-7.52598199999999E-03	2.9363967621955E-07	-932204095467.815	-1.96604455138815	0
-25.9	-0.000000000412899	-0.00000001	-1.721805	-0.612990771	-0.6207924225	-7.80165150000001E-03	2.83121708002731E-07	-934007198166.979	-1.89196270569095	0
-25.95	-4.047095E-10	-0.00000001	-1.72898	-0.614435394	-0.622443272	-8.00787800000002E-03	2.7553091502112E-07	-935810300866.143	-1.83768951770423	0
-26	-0.000000000351423	-0.00000001	-1.720335	-0.615710305	-0.6229419525	-7.23164749999994E-03	3.05175872907479E-07	-937613403565.307	-2.03149619539002	0
-26.05	-3.405215E-10	-0.00000001	-1.718485	-0.6153938425	-0.6218793015	-6.48545899999997E-03	3.40970221280052E-07	-939416506264.471	-2.26541561458768	0
-26.1	-0.000000000458175	-0.00000001	-1.71551	-0.613773685	-0.619567877	-5.79419200000003E-03	3.82303818751856E-07	-941219608963.635	-2.53517121188233	0
-26.15	-4.174595E-10	-0.00000001	-1.710975	-0.611439032	-0.617634902	-6.19586999999999E-03	3.56230902634383E-07	-943022711662.799	-2.35775711406784	0
-26.2	-4.285575E-10	-0.00000001	-1.710195	-0.6098242315	-0.616285596	-6.46136450000001E-03	3.43408914972457E-07	-944825814361.963	-2.26855566261899	0
-26.25	-4.180375E-10	-0.00000001	-1.709875	-0.609424325	-0.615705104	-6.28077900000001E-03	3.56534764978535E-07	-946628917061.127	-2.35077867018814	0
-26.3	-4.202545E-10	-0.00000001	-1.707095	-0.6087188365	-0.615312313	-6.59347649999997E-03	3.38904449331303E-07	-948432019760.291	-2.23028666567836	0
-26.35	-4.506945E-10	-0.00000001	-1.70342	-0.6081760495	-0.6138951675	-5.71911800000002E-03	3.86198204997078E-07	-950235122459.455	-2.53669817907875	0
-26.4	-0.00000000033198	-0.00000001	-1.694695	-0.605402073	-0.6110896545	-5.68758150000004E-03	3.89039183455165E-07	-952038225158.619	-2.55051912230222	0
-26.45	-4.957555E-10	-0.00000001	-1.694775	-0.602599533	-0.6088167365	-6.21720350000005E-03	3.55256502239709E-07	-953841327857.783	-2.32463902876064	0
-26.5	-0.000000000365019	-0.00000001	-1.694715	-0.600888266	-0.607012275	-6.12400899999999E-03	3.61067523414081E-07	-955644430556.947	-2.35820588586845	0
-26.55	-0.000000000444919	-0.00000001	-1.687995	-0.599860294	-0.6063423745	-6.48208050000004E-03	3.4038430679979E-07	-957447533256.111	-2.2189328996075	0
-26.6	-3.932535E-10	-0.00000001	-1.685585	-0.5983874025	-0.604770228	-6.38282550000002E-03	3.45848906920959E-07	-959250635955.276	-2.25031822027807	0
-26.65	-4.772485E-10	-0.00000001	-1.68347	-0.5973142285	-0.603140194	-5.82596549999997E-03	3.7929627241022E-07	-961053738654.44	-2.46331826503967	0
-26.7	-0.000000000548619	-0.00000001	-1.683575	-0.5958596225	-0.602301414	-6.44179149999996E-03	3.45816291216915E-07	-962856841353.604	-2.24167863796617	0
-26.75	-0.000000000469971	-0.00000001	-1.681305	-0.5951078785	-0.601394627	-6.28674849999999E-03	3.51230760357799E-07	-964659944052.768	-2.27252109505406	0
-26.8	-4.068675E-10	-0.00000001	-1.67645	-0.593939162	-0.6003011805	-6.36201850000001E-03	3.47155726594333E-07	-966463046751.932	-2.2419643652045	0
-26.85	-3.575085E-10	-0.00000001	-1.675845	-0.593288554	-0.5996081995	-6.31964549999997E-03	3.53541874699705E-07	-968266149451.096	-2.27895492930622	0
-26.9	-0.000000000448018	-0.00000001	-1.6716	-0.5925016455	-0.598567378	-6.06573250000003E-03	3.73906885440127E-07	-970069252150.26	-2.40574919142204	0
-26.95	-0.000000000531423	-0.00000001	-1.671705	-0.591414561	-0.5980424115	-6.62785050000009E-03	3.38068651693558E-07	-971872354849.424	-2.17112734782505	0
-27	-0.000000000392872	-0.00000001	-1.67016	-0.5912037275	-0.5976797145	-6.47598699999996E-03	3.44295817789277E-07	-973675457548.588	-2.20702447300818	0
-27.05	-0.000000000365132	-0.00000001	-1.6692	-0.5908291875	-0.59671657	-5.88738249999998E-03	3.75383015116954E-07	-975478560247.752	-2.40185350209909	0
-27.1	-0.00000000034405	-0.00000001	-1.665385	-0.589963985	-0.595842613	-5.87862799999994E-03	3.75345253825015E-07	-977281662946.916	-2.39718087171809	0
-27.15	-4.264595E-10	-0.00000001	-1.66501	-0.5887594545	-0.5945930335	-5.83357899999998E-03	3.78227673553843E-07	-979084765646.08	-2.41114114037724	0
-27.2	-4.559755E-10	-0.00000001	-1.66338	-0.5873374295	-0.5936293335	-6.29190400000001E-03	3.5086166949419E-07	-980887868345.244	-2.23257566844436	0
-27.25	-0.000000000423765	-0.00000001	-1.66422	-0.587349494	-0.594085885	-6.73639099999995E-03	3.27539975059769E-07	-982690971044.408	-2.08035269974447	0
-27.3	-0.000000000432992	-0.00000001	-1.661765	-0.587886773	-0.5943773295	-6.49055649999997E-03	3.39948036404223E-07	-984494073743.572	-2.15520733138772	0
-27.35	-0.000000000399232	-0.00000001	-1.660845	-0.588491158	-0.5950694035	-6.57824550000002E-03	3.35449817158584E-07	-986297176442.736	-2.12280154298077	0
-27.4	-4.414555E-10	-0.00000001	-1.659485	-0.5890808005	-0.595487628	-6.40682749999999E-03	3.46314634185308E-07	-988100279141.9	-2.18755734676289	0
-27.45	-0.000000000376314	-0.00000001	-1.65734	-0.589378235	-0.5954049725	-6.02673749999999E-03	3.75963541464919E-07	-989903381841.064	-2.3705141328179	0
-27.5	-0.000000000469118	-0.00000001	-1.651395	-0.588131034	-0.593569762	-0.005438728	4.08204180933396E-07	-991706484540.228	-2.56911722265774	0
-27.55	-3.817735E-10	-0.00000001	-1.64524	-0.585577714	-0.5902980105	-0.0047202965	4.67479793935429E-07	-993509587239.393	-2.93684081070701	0
-27.6	-4.490855E-10	-0.00000001	-1.64819	-0.5829801295	-0.58774835	-4.76822049999998E-03	4.66535482135956E-07	-995312689938.557	-2.92559875921377	0
-27.65	-0.000000000419223	-0.00000001	-1.64593	-0.581259635	-0.587033371	-5.77373600000003E-03	3.82444989830857E-07	-997115792637.721	-2.39393859262603	0
-27.7	-4.894915E-10	-0.00000001	-1.64662	-0.5827000225	-0.5886335675	-5.93354500000004E-03	3.71856738243407E-07	-998918895336.885	-2.32345920868555	0
-27.75	-0.000000000449485	-0.00000001	-1.64954	-0.583553616	-0.5899047725	-6.35115650000001E-03	3.47484806391618E-07	-1000721998036.05	-2.16726490472942	0
-27.8	-3.644825E-10	-0.00000001	-1.640755	-0.5838406175	-0.5901486755	-6.30805800000001E-03	3.49806611016116E-07	-1002525100735.21	-2.17782201103006	0
-27.85	-0.000000000452584	-0.00000001	-1.64978	-0.584169561	-0.590657486	-6.48792500000006E-03	3.40618092681585E-07	-1004328203434.38	-2.11680902785131	0
-27.9	-0.000000000450212	-0.00000001	-1.63732	-0.5847753775	-0.590305978	-5.53060049999998E-03	3.99926989640791E-07	-1006131306133.54	-2.48093666030267	0
-27.95	-0.000000000390047	-0.00000001	-1.64441	-0.5840753405	-0.5906759215	-6.60058099999999E-03	3.40095268454243E-07	-1007934408832.7	-2.10599794694385	0
-28	-4.418735E-10	-0.00000001	-1.648695	-0.5859531905	-0.591792334	-5.83914349999998E-03	3.8101940948111E-07	-1009737511531.87	-2.3552023937706	0
-28.05	-0.000000000455743	-0.00000001	-1.639765	-0.5852875165	-0.5916799685	-6.39245199999999E-03	3.47512996082445E-07	-1011540614231.03	-2.14425953979296	0
-28.1	-0.000000000525552	-0.00000001	-1.64204	-0.585794871	-0.591971117	-6.17624600000005E-03	3.6809601088127E-07	-1013343716930.2	-2.26722152883345	0
-28.15	-4.238845E-10	-0.00000001	-1.64255	-0.5859222155	-0.59191737	-5.99515449999999E-03	3.82804677273179E-07	-1015146819629.36	-2.3536289762663	0
-28.2	-4.081845E-10	-0.00000001	-1.639945	-0.5861380225	-0.59264488	-6.50685750000002E-03	3.44005786654893E-07	-1016949922328.53	-2.11132847783281	0
-28.25	-3.807485E-10	-0.00000001	-1.6365	-0.5874574015	-0.593951991	-6.49458950000004E-03	3.40061943135568E-07	-1018753025027.69	-2.08342919552084	0
-28.3	-0.000000000462526	-0.00000001	-1.639245	-0.587895376	-0.594120432	-6.22505600000006E-03	3.56265515467565E-07	-1020556127726.85	-2.17884590867633	0
-28.35	-0.000000000481224	-0.00000001	-1.63582	-0.586629681	-0.5932771135	-6.64743249999999E-03	3.46898893948695E-07	-1022359230426.02	-2.11781986537665	0
-28.4	-0.000000000379938	-0.00000001	-1.63335	-0.586098258	-0.5925270595	-6.42880150000003E-03	3.45389109432403E-07	-1024162333125.18	-2.10489029312813	0
-28.45	-4.998205E-10	-0.00000001	-1.630945	-0.5849004425	-0.590727326	-5.82688349999999E-03	3.80023192251757E-07	-1025965435824.35	-2.31188909711086	0
-28.5	-4.325865E-10	-0.00000001	-1.62543	-0.584003018	-0.588636465	-4.63344700000001E-03	4.76504941252491E-07	-1027768538523.51	-2.89375470396249	0
-28.55	-4.457235E-10	-0.00000001	-1.625805	-0.582658537	-0.5874329245	-4.77438750000003E-03	4.62259853451531E-07	-1029571641222.67	-2.80232970568758	0
-28.6	-0.000000000459796	-0.00000001	-1.62738	-0.58172506	-0.5864963515	-0.0047712915	4.62457002926442E-07	-1031374743921.84	-2.79862360566029	0
-28.65	-4.298625E-10	-0.00000001	-1.62161	-0.580120705	-0.585563534	-5.44282900000004E-03	4.05639515417678E-07	-1033177846621	-2.45050049587804	0
-28.7	-3.918885E-10	-0.00000001	-1.616435	-0.57856356	-0.583834562	-5.27100199999997E-03	4.18801077504923E-07	-1034980949320.17	-2.52560285281714	0
-28.75	-0.000000000455844	-0.00000001	-1.61638	-0.5762493595	-0.581472863	-0.0052235035	4.24162424128877E-07	-1036784052019.33	-2.55348616532435	0
-28.8	-0.000000000488788	-0.00000001	-1.60842	-0.573881083	-0.5793653895	-5.48430650000004E-03	4.04877696217662E-07	-1038587154718.49	-2.4331592320773	0
-28.85	-0.000000000450683	-0.00000001	-1.61001	-0.571831114	-0.577697577	-5.86646299999999E-03	3.76543340901485E-07	-1040390257417.66	-2.25895885089545	0
-28.9	-3.803075E-10	-0.00000001	-1.61187	-0.5715845925	-0.5770750455	-5.49045300000001E-03	4.04956043960879E-07	-1042193360116.82	-2.42520920657966	0
-28.95	-0.000000000426674	-0.00000001	-1.606535	-0.5703593585	-0.57608289	-5.72353149999999E-03	3.85548262726369E-07	-1043996462815.99	-2.30499160657455	0
-29	-4.252315E-10	-0.00000001	-1.605255	-0.5694242275	-0.5756039955	-6.17976799999997E-03	3.604844902955E-07	-1045799565515.15	-2.15143263438959	0
-29.05	-3.844855E-10	-0.00000001	-1.60539	-0.56957013	-0.5751884815	-5.61835150000001E-03	3.9979762380615E-07	-1047602668214.31	-2.38195327304075	0
-29.1	-4.567505E-10	-0.00000001	-1.598255	-0.568960032	-0.5741685225	-0.0052084905	4.23805648500226E-07	-1049405770913.48	-2.5206521520632	0
-29.15	-4.826605E-10	-0.00000001	-1.602775	-0.569168986	-0.5745508615	-5.38187550000002E-03	4.13829992923676E-07	-1051208873612.64	-2.45709851980016	0
-29.2	-0.000000000457138	-0.00000001	-1.600865	-0.568721974	-0.573796067	-0.005074093	4.39333996712322E-07	-1053011976311.81	-2.604060834043	0
-29.25	-0.00000000043689	-0.00000001	-1.599835	-0.568602947	-0.5746989075	-0.0060959605	3.72671863537291E-07	-1054815079010.97	-2.20515895584196	0
-29.3	-4.220725E-10	-0.00000001	-1.598355	-0.5692943665	-0.5747414705	-5.44710399999992E-03	4.11066841214708E-07	-1056618181710.13	-2.42819740806798	0
-29.35	-4.728435E-10	-0.00000001	-1.595055	-0.5682552345	-0.573856091	-5.60085649999997E-03	3.94776663103039E-07	-1058421284409.3	-2.32799762018566	0
-29.4	-5.290865E-10	-0.00000001	-1.595015	-0.567426922	-0.5729177805	-5.49085849999997E-03	4.0382451929405E-07	-1060224387108.46	-2.37730290008271	0
-29.45	-0.00000000042665	-0.00000001	-1.592375	-0.566588088	-0.5721688035	-0.0055807155	3.95398884619929E-07	-1062027489807.63	-2.32374948516348	0
-29.5	-0.000000000481486	-0.00000001	-1.594045	-0.566836103	-0.5725378245	-5.70172149999998E-03	3.87170808319229E-07	-1063830592506.79	-2.27153668505414	0
-29.55	-4.051745E-10	-0.00000001	-1.59192	-0.5669330255	-0.5724029765	-5.46995100000003E-03	4.03802258958641E-07	-1065633695205.95	-2.36510499194831	0
-29.6	-0.00000000036906	-0.00000001	-1.593215	-0.5678375745	-0.5733094995	-5.47192499999999E-03	4.0367267053137E-07	-1067436797905.12	-2.3603521535748	0
-29.65	-4.555345E-10	-0.00000001	-1.592685	-0.568548986	-0.5736966985	-5.14771249999996E-03	4.29063076945054E-07	-1069239900604.28	-2.50458405273413	0
-29.7	-3.938495E-10	-0.00000001	-1.587095	-0.5684577965	-0.5736967795	-5.23898299999997E-03	4.23898264145753E-07	-1071043003303.45	-2.47026960457898	0
-29.75	-5.363225E-10	-0.00000001	-1.58696	-0.5678652405	-0.573000474	-0.0051352335	4.30042631493262E-07	-1072846106002.61	-2.50186404876494	0
-29.8	-0.000000000450176	-0.00000001	-1.58565	-0.5673831545	-0.572193801	-4.81064649999996E-03	4.62957029735931E-07	-1074649208701.77	-2.68883148401096	0
-29.85	-0.000000000474364	-0.00000001	-1.587565	-0.567975095	-0.572968502	-4.99340700000001E-03	4.43570008138415E-07	-1076452311400.94	-2.57191732588954	0
-29.9	-4.618345E-10	-0.00000001	-1.58055	-0.567764709	-0.572410519	-4.64581000000003E-03	4.75010629443573E-07	-1078255414100.1	-2.74961131013131	0
-29.95	-5.431115E-10	-0.00000001	-1.58159	-0.5663688405	-0.571872551	-5.50371050000004E-03	4.06853044077641E-07	-1080058516799.27	-2.35114767991445	0
-30	-0.000000000403851	-0.00000001	-1.58293	-0.5654913565	-0.570110532	-4.61917549999996E-03	4.79150268577616E-07	-1081861619498.43	-2.76432847256317	0
-30.05	-5.226555E-10	-0.00000001	-1.579035	-0.563729933	-0.5687307765	-5.00084350000007E-03	4.45679323399843E-07	-1083664722197.6	-2.56694861807154	0
-30.1	-4.350545E-10	-0.00000001	-1.574395	-0.563624921	-0.5685700095	-4.94508850000003E-03	4.49823662468458E-07	-1085467824896.76	-2.58651479824694	0
-30.15	-4.381295E-10	-0.00000001	-1.57731	-0.5627036275	-0.567303808	-0.0046001805	4.83067516594514E-07	-1087270927595.92	-2.77306266701787	0
-30.2	-4.977345E-10	-0.00000001	-1.56706	-0.560056907	-0.565206679	-0.005149772	4.28762369771882E-07	-1089074030295.09	-2.45724740699627	0
-30.25	-0.000000000419569	-0.00000001	-1.561135	-0.558219551	-0.56281192	-4.59236899999999E-03	5.02672118437203E-07	-1090877132994.25	-2.87606425043537	0
-30.3	-0.000000000399876	-0.00000001	-1.564525	-0.556276737	-0.5606093195	-4.33258250000007E-03	5.70027085781253E-07	-1092680235693.42	-3.25605723028134	0
-30.35	-5.502405E-10	-0.00000001	-1.56196	-0.555516357	-0.5606584955	-0.0051421385	4.46228575484953E-07	-1094483338392.58	-2.54470737508844	0
-30.4	-0.000000000409257	-0.00000001	-1.56092	-0.5560667275	-0.56064942	-4.58269249999993E-03	5.24313505248106E-07	-1096286441091.74	-2.98508448079008	0
-30.45	-3.830195E-10	-0.00000001	-1.56527	-0.5564843125	-0.5618902975	-5.40598500000006E-03	4.09412904495466E-07	-1098089543790.91	-2.32709115855702	0
-30.5	-4.927815E-10	-0.00000001	-1.561055	-0.556630944	-0.5620090815	-5.37813750000005E-03	4.10272501328958E-07	-1099892646490.07	-2.32815416895373	0
-30.55	-5.499365E-10	-0.00000001	-1.55056	-0.555562025	-0.559191402	-3.62937700000004E-03	6.11930162267633E-07	-1101695749189.24	-3.46680817097362	0
-30.6	-0.000000000421715	-0.00000001	-1.55802	-0.5541589325	-0.5581634985	-4.00456599999993E-03	5.53303162384668E-07	-1103498851888.4	-3.12954277366894	0
-30.65	-0.00000000040133	-0.00000001	-1.556635	-0.552364694	-0.5563893725	-4.02467849999993E-03	5.48213904758611E-07	-1105301954587.56	-3.09569904807849	0
-30.7	-0.00000000051527	-0.00000001	-1.553935	-0.5516638145	-0.556870128	-0.0052063135	4.29690487870238E-07	-1107105057286.73	-2.42245952820856	0
-30.75	-0.000000000471914	-0.00000001	-1.553535	-0.55251953	-0.557616859	-5.09732900000004E-03	4.33060537465205E-07	-1108908159985.89	-2.43748895383793	0
-30.8	-4.068375E-10	-0.00000001	-1.54751	-0.550837962	-0.55552098	-4.68301799999998E-03	4.84221341076806E-07	-1110711262685.06	-2.7210240195375	0
-30.85	-4.375815E-10	-0.00000001	-1.54579	-0.5498538555	-0.5542940355	-4.44018000000002E-03	4.97415943886177E-07	-1112514365384.22	-2.79063925631193	0
-30.9	-5.462825E-10	-0.00000001	-1.54594	-0.5491316465	-0.5526135405	-3.48189399999999E-03	6.55783511640926E-07	-1114317468083.38	-3.6731712750612	0
-30.95	-4.715445E-10	-0.00000001	-1.54606	-0.5480082575	-0.552489502	-4.48124450000004E-03	4.9309972593108E-07	-1116120570782.55	-2.75748572970033	0
-31	-4.422605E-10	-0.00000001	-1.54279	-0.54899389	-0.5530917985	-4.09790850000002E-03	5.44264671582249E-07	-1117923673481.71	-3.03869853861057	0
-31.05	-4.740415E-10	-0.00000001	-1.538455	-0.548658608	-0.552477746	-0.003819138	6.02778497272489E-07	-1119726776180.88	-3.35996932704843	0
-31.1	-4.997075E-10	-0.00000001	-1.54102	-0.5489521305	-0.553035404	-4.08327350000004E-03	5.73323682409447E-07	-1121529878880.04	-3.19064626619158	0
-31.15	-0.000000000442976	-0.00000001	-1.540365	-0.5479852055	-0.5526373685	-4.65216299999999E-03	4.78857102762103E-07	-1123332981579.2	-2.66064571234654	0
-31.2	-5.289435E-10	-0.00000001	-1.54461	-0.5493687375	-0.5544852785	-5.11654099999997E-03	4.31341570010448E-07	-1125136084278.37	-2.39279717091595	0
-31.25	-0.000000000374901	-0.00000001	-1.54858	-0.5513947125	-0.5562760505	-4.88133800000001E-03	4.52048758652334E-07	-1126939186977.53	-2.50365466330523	0
-31.3	-4.936455E-10	-0.00000001	-1.54175	-0.5539115765	-0.5584923695	-4.58079300000003E-03	4.8167541064355E-07	-1128742289676.7	-2.66347916920125	0
-31.35	-0.000000000558436	-0.00000001	-1.541665	-0.5542304965	-0.5585604545	-4.32995799999997E-03	5.09557954274742E-07	-1130545392375.86	-2.81316500335706	0
-31.4	-0.000000000494689	-0.00000001	-1.542295	-0.5544715875	-0.5589663915	-4.49480400000002E-03	4.91493944972867E-07	-1132348495075.02	-2.70911655117332	0
-31.45	-0.000000000495422	-0.00000001	-1.542935	-0.55439146	-0.5591052905	-4.71383050000002E-03	4.74299457847282E-07	-1134151597774.19	-2.61018412659015	0
-31.5	-4.482985E-10	-0.00000001	-1.54178	-0.5541615825	-0.5589839235	-4.82234100000001E-03	4.63121189731236E-07	-1135954700473.35	-2.5446219216002	0
-31.55	-4.775345E-10	-0.00000001	-1.538795	-0.553759461	-0.558291614	-4.53215300000004E-03	4.93734030979056E-07	-1137757803172.52	-2.70852509984853	0
-31.6	-0.000000000524503	-0.00000001	-1.53899	-0.5533649	-0.557701359	-4.33645900000001E-03	5.09651778505452E-07	-1139560905871.68	-2.79142283748118	0
-31.65	-0.000000000416845	-0.00000001	-1.537655	-0.5528586795	-0.557682232	-4.82355250000005E-03	4.57417789018009E-07	-1141364008570.84	-2.50137325383526	0
-31.7	-5.699515E-10	-0.00000001	-1.538675	-0.5529949125	-0.5586256255	-5.63071299999995E-03	3.95949483321018E-07	-1143167111270.01	-2.16182076552364	0
-31.75	-4.521965E-10	-0.00000001	-1.53641	-0.554173157	-0.5591395775	-4.96642049999996E-03	4.45899939035816E-07	-1144970213969.17	-2.43070832908682	0
-31.8	-5.029205E-10	-0.00000001	-1.532715	-0.5541272415	-0.558477433	-4.35019150000004E-03	5.07697679133387E-07	-1146773316668.34	-2.76323119992772	0
-31.85	-0.000000000457823	-0.00000001	-1.531065	-0.5532048765	-0.5576288335	-4.42395699999998E-03	5.02766806259909E-07	-1148576419367.5	-2.73209833132423	0
-31.9	-0.000000000474763	-0.00000001	-1.53166	-0.5512087505	-0.555754917	-0.0045461665	4.85618929866631E-07	-1150379522066.67	-2.6347783752108	0
-31.95	-4.453185E-10	-0.00000001	-1.52697	-0.550576816	-0.555028505	-4.45168900000004E-03	4.99235579160281E-07	-1152182624765.83	-2.70441808862557	0
-32	-0.000000000426972	-0.00000001	-1.52788	-0.5500769415	-0.5546337975	-4.55685600000005E-03	4.93073196504121E-07	-1153985727464.99	-2.66686224070738	0
-32.05	-0.000000000501937	-0.00000001	-1.52709	-0.5490376455	-0.5533096335	-0.004271988	5.24783906414352E-07	-1155788830164.16	-2.8339464524956	0
-32.1	-0.000000000540018	-0.00000001	-1.520495	-0.5478192295	-0.5520035685	-4.18433899999998E-03	5.27330803889193E-07	-1157591932863.32	-2.8432645788418	0
-32.15	-0.000000000485307	-0.00000001	-1.52307	-0.5468657595	-0.5513973935	-4.53163400000001E-03	4.90562573590134E-07	-1159395035562.49	-2.64090391333366	0
-32.2	-4.471065E-10	-0.00000001	-1.51947	-0.54643571	-0.550929633	-4.49392300000007E-03	4.92073269476251E-07	-1161198138261.65	-2.64492321147053	0
-32.25	-4.673005E-10	-0.00000001	-1.518405	-0.5458674815	-0.5498470515	-3.97956999999999E-03	5.65747552505948E-07	-1163001240960.81	-3.03621226747378	0
-32.3	-4.172385E-10	-0.00000001	-1.51587	-0.544873504	-0.549206307	-0.004332803	5.09860407556051E-07	-1164804343659.98	-2.7320455275092	0
-32.35	-5.283295E-10	-0.00000001	-1.51339	-0.5442848875	-0.548146461	-3.86157349999994E-03	5.71510011045868E-07	-1166607446359.14	-3.05765669921104	0
-32.4	-4.811645E-10	-0.00000001	-1.51491	-0.5433409925	-0.5476461925	-4.30520000000001E-03	5.13086602914163E-07	-1168410549058.31	-2.74084723778933	0
-32.45	-0.00000000054301	-0.00000001	-1.51469	-0.5441108645	-0.5483492915	-4.23842699999999E-03	5.20574115503019E-07	-1170213651757.47	-2.77655981956096	0
-32.5	-4.934015E-10	-0.00000001	-1.51533	-0.5434316825	-0.548241654	-4.80997150000001E-03	4.58803372960824E-07	-1172016754456.63	-2.44333157198072	0
-32.55	-0.000000000490963	-0.00000001	-1.51158	-0.544271015	-0.5485500405	-4.27902549999998E-03	5.15792579125697E-07	-1173819857155.8	-2.74260499357868	0
-32.6	-4.947425E-10	-0.00000001	-1.51009	-0.543133113	-0.547265351	-4.13223800000001E-03	5.367652446101E-07	-1175622959854.96	-2.84974469177141	0
-32.65	-0.000000000417751	-0.00000001	-1.50963	-0.5424424525	-0.546900642	-4.45818949999999E-03	4.95905074462042E-07	-1177426062554.13	-2.6287817588399	0
-32.7	-0.000000000347036	-0.00000001	-1.5108	-0.5420781	-0.546511079	-0.004432979	4.98178422771078E-07	-1179229165253.29	-2.63679475708051	0
-32.75	-0.000000000538456	-0.00000001	-1.510955	-0.542905032	-0.5474288645	-4.52383249999999E-03	4.87718405663246E-07	-1181032267952.45	-2.57749010626495	0
-32.8	-5.140905E-10	-0.00000001	-1.510845	-0.54411732	-0.548664849	-4.54752899999994E-03	4.8974056764098E-07	-1182835370651.62	-2.5842314193063	0
-32.85	-0.000000000510126	-0.00000001	-1.50852	-0.544680096	-0.54887596	-4.19586399999999E-03	5.28868232106379E-07	-1184638473350.78	-2.78645011647196	0
-32.9	-0.000000000489044	-0.00000001	-1.50588	-0.5434755005	-0.547734909	-4.25940850000001E-03	5.18457513295443E-07	-1186441576049.95	-2.72744775523672	0
-32.95	-5.502995E-10	-0.00000001	-1.50493	-0.5422066165	-0.546316363	-4.10974650000007E-03	5.3762101272579E-07	-1188244678749.11	-2.82396936765035	0
-33	-0.000000000447267	-0.00000001	-1.50186	-0.540726308	-0.544933768	-0.00420746	5.25799561441402E-07	-1190047781448.27	-2.7576900075598	0
-33.05	-5.049405E-10	-0.00000001	-1.500905	-0.5399091425	-0.5444290045	-4.51986200000004E-03	4.88670924116825E-07	-1191850884147.44	-2.5590819952586	0
-33.1	-5.515275E-10	-0.00000001	-1.49533	-0.5386250465	-0.542514932	-3.88988550000002E-03	5.71845704447368E-07	-1193653986846.6	-2.99012975832344	0
-33.15	-0.000000000530827	-0.00000001	-1.49619	-0.5368337455	-0.54121345	-4.37970449999997E-03	5.13294925521019E-07	-1195457089545.77	-2.67992477647591	0
-33.2	-0.000000000434953	-0.00000001	-1.499455	-0.536861612	-0.540944902	-4.08329000000002E-03	5.42304989203485E-07	-1197260192244.93	-2.8271228584519	0
-33.25	-0.000000000489944	-0.00000001	-1.49438	-0.537244355	-0.54101145	-0.003767095	5.9283769143788E-07	-1199063294944.09	-3.0859104817472	0
-33.3	-0.000000000473851	-0.00000001	-1.49445	-0.537717738	-0.541494132	-3.77639399999996E-03	5.86015419132307E-07	-1200866397643.26	-3.04581818675835	0
-33.35	-5.167425E-10	-0.00000001	-1.49489	-0.53721189	-0.540775754	-3.56386400000003E-03	6.19114567424045E-07	-1202669500342.42	-3.21302681744689	0
-33.4	-3.681065E-10	-0.00000001	-1.496555	-0.536143865	-0.540517885	-4.37401999999998E-03	5.05466076248774E-07	-1204472603041.59	-2.61929680230249	0
-33.45	-6.016615E-10	-0.00000001	-1.48593	-0.5359663225	-0.54052775	-4.56142749999999E-03	4.97427067857039E-07	-1206275705740.75	-2.57378613930858	0
-33.5	-4.888775E-10	-0.00000001	-1.485335	-0.5356180975	-0.539883286	-4.26518850000002E-03	5.31196597863353E-07	-1208078808439.91	-2.74441411066026	0
-33.55	-0.000000000583577	-0.00000001	-1.487545	-0.5345702245	-0.5390902085	-4.51998400000003E-03	4.95075383841558E-07	-1209881911139.08	-2.55398283536285	0
-33.6	-0.000000000478518	-0.00000001	-1.488725	-0.5340027925	-0.5386958525	-4.69306000000003E-03	4.70287697752809E-07	-1211685013838.24	-2.42249844309483	0
-33.65	-0.000000000485092	-0.00000001	-1.488115	-0.5345314745	-0.539059084	-4.52760949999997E-03	4.95051321393962E-07	-1213488116537.41	-2.54626922650912	0
-33.7	-5.465505E-10	-0.00000001	-1.49144	-0.5362088415	-0.540189465	-3.98062349999995E-03	5.5453717006363E-07	-1215291219236.57	-2.84799961799399	0
-33.75	-0.000000000597614	-0.00000001	-1.484585	-0.5365538455	-0.5404451265	-3.89128099999997E-03	5.67232655917237E-07	-1217094321935.74	-2.90888541496019	0
-33.8	-0.000000000462967	-0.00000001	-1.48892	-0.53788763	-0.5418072895	-3.91965950000001E-03	5.63515673063094E-07	-1218897424634.9	-2.88554907690478	0
-33.85	-4.369915E-10	-0.00000001	-1.48615	-0.5374792735	-0.5413711785	-3.89190500000003E-03	5.69244417245273E-07	-1220700527334.06	-2.9105782042992	0
-33.9	-0.000000000462854	-0.00000001	-1.48455	-0.536950505	-0.5418435905	-4.89308550000001E-03	4.51151961361759E-07	-1222503630033.23	-2.30336263459033	0
-33.95	-0.000000000584626	-0.00000001	-1.484935	-0.536895832	-0.5408456225	-3.94979049999999E-03	5.61948299642173E-07	-1224306732732.39	-2.86480950310386	0
-34	-5.056265E-10	-0.00000001	-1.48105	-0.536093552	-0.540305811	-4.21225900000005E-03	5.24000290688505E-07	-1226109835431.56	-2.66742229422881	0
-34.05	-0.000000000457668	-0.00000001	-1.483255	-0.5357929545	-0.540260514	-4.46755949999994E-03	4.9508851629471E-07	-1227912938130.72	-2.5165461688989	0
-34.1	-0.000000000545323	-0.00000001	-1.481655	-0.535772391	-0.5399244215	-4.15203049999996E-03	5.35752076071298E-07	-1229716040829.88	-2.71924694599689	0
-34.15	-5.792735E-10	-0.00000001	-1.47581	-0.5354596265	-0.540011551	-4.55192449999997E-03	4.84716401288796E-07	-1231519143529.05	-2.4566097598824	0
-34.2	-0.000000000477624	-0.00000001	-1.477665	-0.5352726695	-0.539818068	-4.54539850000002E-03	4.87822521814358E-07	-1233322246228.21	-2.46873745857469	0
-34.25	-5.318045E-10	-0.00000001	-1.47657	-0.53513174	-0.539050299	-3.91855899999999E-03	5.63849008453412E-07	-1235125348927.38	-2.84932121060118	0
-34.3	-0.00000000053429	-0.00000001	-1.474215	-0.534174525	-0.5379453835	-3.77085850000003E-03	5.96252827226103E-07	-1236928451626.54	-3.00867652222187	0
-34.35	-0.000000000567597	-0.00000001	-1.47595	-0.533550648	-0.537543812	-3.99316399999999E-03	5.5930880553643E-07	-1238731554325.7	-2.81814984314627	0
-34.4	-4.050435E-10	-0.00000001	-1.471695	-0.5323601325	-0.5360119635	-3.65183099999994E-03	6.0714843016369E-07	-1240534657024.87	-3.05474948092197	0
-34.45	-0.000000000520307	-0.00000001	-1.47132	-0.53178971	-0.53601304	-4.22332999999997E-03	5.25696515543825E-07	-1242337759724.03	-2.64110117220857	0
-34.5	-0.000000000542599	-0.00000001	-1.4727	-0.5322316235	-0.5360030475	-3.77142400000002E-03	5.85797383672831E-07	-1244140862423.2	-2.93878286123494	0
-34.55	-0.000000000557929	-0.00000001	-1.47226	-0.532635826	-0.536513355	-3.87752899999999E-03	5.69664457641603E-07	-1245943965122.36	-2.85371263429502	0
-34.6	-0.00000000050838	-0.00000001	-1.470295	-0.533169016	-0.536674979	-0.003505963	6.3835783152052E-07	-1247747067821.52	-3.19320836131874	0
-34.65	-0.000000000482172	-0.00000001	-1.46569	-0.532665403	-0.5358600955	-3.19469249999998E-03	7.28740483105336E-07	-1249550170520.69	-3.64006235317351	0
-34.7	-5.503955E-10	-0.00000001	-1.46429	-0.531137595	-0.534232395	-3.09480000000001E-03	7.99883617573806E-07	-1251353273219.85	-3.9896655720263	0
-34.75	-0.000000000601029	-0.00000001	-1.46381	-0.5297005695	-0.533114492	-0.0034139225	6.58002817429677E-07	-1253156375919.02	-3.27726915155899	0
-34.8	-5.744275E-10	-0.00000001	-1.465745	-0.5291614495	-0.5330745005	-0.003913051	5.63881311363862E-07	-1254959478618.18	-2.80444949285741	0
-34.85	-6.132365E-10	-0.00000001	-1.46451	-0.530079341	-0.5342229185	-0.0041435775	5.33208086386416E-07	-1256762581317.34	-2.64809225111894	0
-34.9	-5.455435E-10	-0.00000001	-1.460515	-0.5306991425	-0.534551778	-3.85263549999998E-03	5.72836328013821E-07	-1258565684016.51	-2.8408237558543	0
-34.95	-0.000000000530082	-0.00000001	-1.45853	-0.5302927105	-0.5340646155	-3.77190500000002E-03	5.85281047950215E-07	-1260368786715.67	-2.89838749397598	0
-35	-0.000000000561982	-0.00000001	-1.462845	-0.529075174	-0.53287507	-3.79989600000002E-03	5.97522537271483E-07	-1262171889414.84	-2.95478177771613	0
-35.05	-0.000000000557959	-0.00000001	-1.45689	-0.5278644155	-0.531768411	-3.90399550000003E-03	5.72770306873295E-07	-1263974992114	-2.82834015245235	0
-35.1	-4.763665E-10	-0.00000001	-1.4514	-0.5269247085	-0.53037857	-3.45386149999999E-03	6.56459512429713E-07	-1265778094813.16	-3.23697984432797	0
-35.15	-5.885545E-10	-0.00000001	-1.45374	-0.52616851	-0.5287557915	-2.58728149999998E-03	9.44517690856435E-07	-1267581197512.33	-4.65076004907972	0
-35.2	-0.00000000059343	-0.00000001	-1.45466	-0.5252673795	-0.5287647565	-3.49737699999997E-03	6.57904356950651E-07	-1269384300211.49	-3.23488811874774	0
-35.25	-5.238295E-10	-0.00000001	-1.451505	-0.525249163	-0.5293720605	-0.0041228975	5.37157963281166E-07	-1271187402910.66	-2.6374368082545	0
-35.3	-0.000000000517124	-0.00000001	-1.453825	-0.526020702	-0.5297777795	-3.75707749999998E-03	5.9536879085478E-07	-1272990505609.82	-2.91911043674712	0
-35.35	-5.559565E-10	-0.00000001	-1.45481	-0.527028394	-0.530489433	-3.46103900000005E-03	6.39691214140264E-07	-1274793608308.98	-3.13198831860645	0
-35.4	-0.000000000509131	-0.00000001	-1.448475	-0.52608988	-0.52965252	-3.56264000000001E-03	6.33006652602914E-07	-1276596711008.15	-3.09488259095297	0
-35.45	-0.000000000494218	-0.00000001	-1.44717	-0.5252179775	-0.528176928	-2.95895050000006E-03	7.59573321482238E-07	-1278399813707.31	-3.70845171603567	0
-35.5	-0.000000000520545	-0.00000001	-1.44331	-0.5236938805	-0.5265594115	-2.86553099999998E-03	7.84965401600962E-07	-1280202916406.48	-3.82702525157566	0
-35.55	-5.462945E-10	-0.00000001	-1.446065	-0.522967052	-0.5259375335	-2.97048150000001E-03	7.53902895676243E-07	-1282006019105.64	-3.67041331877431	0
-35.6	-0.000000000514597	-0.00000001	-1.445445	-0.5220406355	-0.5258042965	-3.76366100000003E-03	6.24121547364333E-07	-1283809121804.8	-3.03429879336593	0
-35.65	-0.000000000508964	-0.00000001	-1.444945	-0.5228486895	-0.5270704135	-4.22172399999998E-03	5.44248505343766E-07	-1285612224503.97	-2.6422680699611	0
-35.7	-0.000000000495249	-0.00000001	-1.445745	-0.523969388	-0.5280337205	-4.06433250000005E-03	5.42861336639041E-07	-1287415327203.13	-2.63184229139807	0
-35.75	-0.000000000532627	-0.00000001	-1.446165	-0.525618463	-0.5298512585	-4.23279549999994E-03	5.23291409828685E-07	-1289218429902.3	-2.53341726113941	0
-35.8	-5.490185E-10	-0.00000001	-1.4441	-0.5261333255	-0.5302342435	-4.10091800000006E-03	5.43574627108446E-07	-1291021532601.46	-2.62793921571552	0
-35.85	-0.000000000545603	-0.00000001	-1.44199	-0.525985552	-0.5298585345	-3.87298250000001E-03	5.77758127258386E-07	-1292824635300.63	-2.78930541000186	0
-35.9	-0.000000000486875	-0.00000001	-1.443485	-0.5258083165	-0.5287408215	-2.93250499999997E-03	7.89784396742676E-07	-1294627737999.79	-3.80761708307482	0
-35.95	-0.000000000564647	-0.00000001	-1.43868	-0.5253105985	-0.528341971	-3.03137249999996E-03	7.41129436084792E-07	-1296430840698.95	-3.56807795269238	0
-36	-0.000000000430912	-0.00000001	-1.440025	-0.5250512	-0.5283263865	-3.27518650000003E-03	6.7689724375223E-07	-1298233943398.12	-3.25431367188572	0
-36.05	-0.000000000594789	-0.00000001	-1.436905	-0.524255487	-0.5273008025	-3.04531550000003E-03	7.26273417419879E-07	-1300037046097.28	-3.48685626628556	0
-36.1	-0.000000000519973	-0.00000001	-1.43746	-0.523147362	-0.526807015	-3.65965299999998E-03	6.10453628314939E-07	-1301840148796.45	-2.92674337035716	0
-36.15	-5.455015E-10	-0.00000001	-1.437155	-0.5229619925	-0.5260847085	-3.12271600000003E-03	7.24968593377615E-07	-1303643251495.61	-3.47096358144405	0
-36.2	-6.353975E-10	-0.00000001	-1.436975	-0.5225401435	-0.5257406945	-0.003200551	7.10478244201642E-07	-1305446354194.77	-3.39688918285953	0
-36.25	-0.000000000482595	-0.00000001	-1.43413	-0.5223513015	-0.5257429665	-3.39166500000004E-03	6.50833612993428E-07	-1307249456893.94	-3.10742839095005	0
-36.3	-0.000000000595403	-0.00000001	-1.43572	-0.52167081	-0.525409725	-3.73891500000001E-03	5.90606347280304E-07	-1309052559593.1	-2.81598703407647	0
-36.35	-5.149365E-10	-0.00000001	-1.43517	-0.521700763	-0.5252002345	-3.49947149999996E-03	6.30743068527104E-07	-1310855662292.27	-3.00322062043378	0
-36.4	-0.000000000530571	-0.00000001	-1.43222	-0.5219879835	-0.5257096935	-3.72170999999999E-03	5.92954680673435E-07	-1312658764991.43	-2.81941680370927	0
-36.45	-0.000000000504911	-0.00000001	-1.435505	-0.522591293	-0.5263413055	-3.75001250000001E-03	5.89871624174606E-07	-1314461867690.59	-2.80090989636565	0
-36.5	-0.00000000057233	-0.00000001	-1.43265	-0.522549071	-0.5261489905	-3.59991949999999E-03	6.33603014177748E-07	-1316264970389.76	-3.00444000400408	0
-36.55	-5.555685E-10	-0.00000001	-1.431255	-0.5220952365	-0.5260508595	-3.95562300000002E-03	5.9604393043061E-07	-1318068073088.92	-2.82247467845706	0
-36.6	-0.000000000534892	-0.00000001	-1.42764	-0.5216008345	-0.52467401	-3.07317550000002E-03	7.21147984397246E-07	-1319871175788.09	-3.41022060717487	0
-36.65	-0.000000000574809	-0.00000001	-1.423865	-0.5196579225	-0.5225188435	-2.86092100000002E-03	7.80655331187967E-07	-1321674278487.25	-3.686587249812	0
-36.7	-0.000000000602448	-0.00000001	-1.426685	-0.518927623	-0.5219140005	-2.98637749999997E-03	7.52345565601291E-07	-1323477381186.41	-3.54805601048607	0
-36.75	-5.400775E-10	-0.00000001	-1.42222	-0.51780478	-0.5208470935	-0.0030423135	7.25223096479109E-07	-1325280483885.58	-3.4154933900115	0
-36.8	-0.000000000575113	-0.00000001	-1.42126	-0.5178570005	-0.521308843	-3.45184250000002E-03	6.53991202114899E-07	-1327083586584.74	-3.07583654840829	0
-36.85	-5.892995E-10	-0.00000001	-1.42027	-0.5175324035	-0.520537355	-3.00495149999996E-03	7.34287099318318E-07	-1328886689283.91	-3.44879652116943	0
-36.9	-5.523565E-10	-0.00000001	-1.42167	-0.517024101	-0.520541777	-3.51767599999997E-03	6.29674316674284E-07	-1330689791983.07	-2.9534442620745	0
-36.95	-0.000000000494832	-0.00000001	-1.42291	-0.5178345705	-0.5211296155	-0.003295045	6.70377090947244E-07	-1332492894682.23	-3.14010295541022	0
-37	-0.000000000422561	-0.00000001	-1.420395	-0.51747665	-0.5211973085	-3.72065850000003E-03	6.13626060404881E-07	-1334295997381.4	-2.8703921744511	0
-37.05	-5.743265E-10	-0.00000001	-1.420995	-0.517723034	-0.521366208	-3.64317400000003E-03	6.23144913961872E-07	-1336099100080.56	-2.91098527232267	0
-37.1	-4.627825E-10	-0.00000001	-1.418925	-0.517097829	-0.5206132335	-3.51540450000004E-03	6.33241904021337E-07	-1337902202779.73	-2.95416604612898	0
-37.15	-5.755725E-10	-0.00000001	-1.418045	-0.517469052	-0.520914463	-3.44541100000001E-03	6.41860728827425E-07	-1339705305478.89	-2.99034401048081	0
-37.2	-0.000000000541818	-0.00000001	-1.41384	-0.5169369325	-0.519955127	-3.01819449999996E-03	7.33638833220841E-07	-1341508408178.05	-3.41333204041954	0
-37.25	-0.000000000502342	-0.00000001	-1.413625	-0.5157057825	-0.519033793	-3.32801050000003E-03	6.72214213993217E-07	-1343311510877.22	-3.12334947131593	0
-37.3	-0.000000000528431	-0.00000001	-1.417945	-0.515254313	-0.5182730075	-3.01869449999997E-03	7.30944433509026E-07	-1345114613576.38	-3.3916786458967	0
-37.35	-0.000000000638628	-0.00000001	-1.403815	-0.5150501825	-0.515221919	-1.71736499999964E-04	-5.29469617620393E-08	-1346917716275.55	0.245352000750877	0
-37.4	-7.475135E-10	-0.00000001	-1.410205	-0.5415505605	-0.5332753515	8.27520900000001E-03	3.46555944230963E-07	-1348720818974.71	-1.60376568185863	0
-37.45	-6.162645E-10	-0.00000001	-1.409165	-0.5403943425	-0.5323917815	8.00256099999996E-03	3.48707839732589E-07	-1350523921673.87	-1.6115695581767	0
-37.5	-6.142915E-10	-0.00000001	-1.40344	-0.537930351	-0.5302324915	7.69785949999996E-03	3.31859657016783E-07	-1352327024373.04	-1.53165995546208	0
-37.55	-5.791545E-10	-0.00000001	-1.40077	-0.509704803	-0.512483401	-2.77859799999994E-03	8.22209284753372E-07	-1354130127072.2	-3.78975907138192	0
-37.6	-0.00000000065676	-0.00000001	-1.39975	-0.507726477	-0.5109436095	-3.21713249999997E-03	7.25801740814875E-07	-1355933229771.37	-3.34094500170513	0
-37.65	-0.000000000536656	-0.00000001	-1.397025	-0.506250761	-0.5098333205	-3.58255950000003E-03	6.48736323500092E-07	-1357736332470.53	-2.98223869215488	0
-37.7	-6.182315E-10	-0.00000001	-1.39353	-0.504887135	-0.5083042185	-3.41708350000003E-03	7.08103957631395E-07	-1359539435169.7	-3.2508343290566	0
-37.75	-0.000000000552356	-0.00000001	-1.389985	-0.503376622	-0.5065606935	-3.18407149999997E-03	7.16944917383604E-07	-1361342537868.86	-3.28706278983822	0
-37.8	-5.786895E-10	-0.00000001	-1.39162	-0.501349696	-0.50466753	-3.31783399999996E-03	6.68681379574774E-07	-1363145640568.02	-3.06172792845593	0
-37.85	-5.911235E-10	-0.00000001	-1.39382	-0.500112812	-0.4675119945	0.0326008175	2.62122088231311E-07	-1364948743267.19	-1.19860725235332	0
-37.9	-0.000000000536668	-0.00000001	-1.40222	-0.4365471915	-0.469660121	-0.0331129295	3.56996342097864E-07	-1366751845966.35	-1.63028571081833	0
-37.95	-5.348445E-10	-0.00000001	-1.403025	-0.4401889305	-0.4758942835	-0.035705353	3.53532217901175E-07	-1368554948665.52	-1.61233909045838	0
-38	-0.000000000571209	-0.00000001	-1.40547	-0.4469221615	-0.479097896	-0.0321757345	4.13355219623589E-07	-1370358051364.68	-1.88269077763781	0
-38.05	-0.00000000056926	-0.00000001	-1.39717	-0.514882586	-0.5177486635	-2.86607750000001E-03	7.8600272207099E-07	-1372161154063.84	-3.57526761277616	0
-38.1	-5.559865E-10	-0.00000001	-1.5152	-0.5123909345	-0.5221183	-9.72736550000003E-03	7.02171678724189E-07	-1373964256763.01	-3.18975626313229	0
-38.15	-0.000000000569761	-0.00000001	-1.393745	-0.514010518	-0.51810803	-4.09751199999997E-03	8.03515312259354E-07	-1375767359462.17	-3.64534620946375	0
-38.2	-0.000000000597155	-0.00000001	-1.39824	-0.511806012	-0.5167927475	-4.98673550000001E-03	5.56994446546567E-07	-1377570462161.34	-2.52363573244014	0
-38.25	-0.000000000601411	-0.00000001	-1.388905	-0.5107623975	-0.514297536	-3.53513850000003E-03	6.66869771064838E-07	-1379373564860.5	-3.01751027631148	0
-38.3	-6.200375E-10	-0.00000001	-1.388895	-0.506060567	-0.509188719	-3.12815200000005E-03	7.15061685555629E-07	-1381176667559.66	-3.23134925185814	0
-38.35	-0.000000000659883	-0.00000001	-1.3889	-0.5051012465	-0.5082421305	-3.14088400000001E-03	7.35333953221857E-07	-1382979770258.83	-3.31862680723935	0
-38.4	-5.615175E-10	-0.00000001	-1.388235	-0.504067856	-0.5068512895	-2.78343350000004E-03	8.42892397755518E-07	-1384782872957.99	-3.79909434084519	0
-38.45	-5.732535E-10	-0.00000001	-1.382175	-0.5025010805	-0.505635378	-3.13429749999999E-03	7.09049961968356E-07	-1386585975657.16	-3.19168233355767	0
-38.5	-0.000000000531715	-0.00000001	-1.38381	-0.501712379	-0.5042511655	-0.0025387865	8.69200033592388E-07	-1388389078356.32	-3.90749265850724	0
-38.55	-5.485235E-10	-0.00000001	-1.379875	-0.500274964	-0.5029159905	-2.64102650000003E-03	8.60282448727871E-07	-1390192181055.48	-3.86238752796111	0
-38.6	-4.803835E-10	-0.00000001	-1.38273	-0.5008205835	-0.503670182	-2.84959850000005E-03	7.83182731022233E-07	-1391995283754.65	-3.51168024073341	0
-38.65	-5.683185E-10	-0.00000001	-1.37962	-0.5011369385	-0.5039705105	-2.83357199999998E-03	7.78702666923746E-07	-1393798386453.81	-3.48707533202991	0
-38.7	-0.000000000566661	-0.00000001	-1.385165	-0.500931136	-0.504834289	-3.90315300000002E-03	5.6827620088064E-07	-1395601489152.98	-2.54148569266833	0
-38.75	-5.638775E-10	-0.00000001	-1.382985	-0.5016383635	-0.5054196735	-3.78130999999998E-03	5.98509469092935E-07	-1397404591852.14	-2.67324328627117	0
-38.8	-5.313095E-10	-0.00000001	-1.3831	-0.50202392	-0.505993733	-3.96981300000002E-03	5.65911659377068E-07	-1399207694551.3	-2.5243878540809	0
-38.85	-6.196915E-10	-0.00000001	-1.38317	-0.504037624	-0.507390912	-3.35328800000001E-03	6.74573061890011E-07	-1401010797250.47	-3.00522599594599	0
-38.9	-0.000000000570166	-0.00000001	-1.38252	-0.50364532	-0.5068474835	-3.20216349999997E-03	6.95323288832643E-07	-1402813899949.63	-3.09368677056248	0
-38.95	-5.288185E-10	-0.00000001	-1.38187	-0.503569376	-0.5069073575	-3.33798149999998E-03	6.71429246353284E-07	-1404617002648.8	-2.9835406424309	0
-39	-0.000000000587809	-0.00000001	-1.38106	-0.502661163	-0.505927832	-0.003266669	6.76871985565161E-07	-1406420105347.96	-3.00386975842527	0
-39.05	-0.000000000613284	-0.00000001	-1.37878	-0.5023671005	-0.505872157	-3.50505649999999E-03	6.30930151811704E-07	-1408223208047.12	-2.79640075165239	0
-39.1	-0.000000000647408	-0.00000001	-1.37709	-0.502181557	-0.5053729355	-3.19137849999995E-03	6.93083658832689E-07	-1410026310746.29	-3.06794851932628	0
-39.15	-5.641345E-10	-0.00000001	-1.374545	-0.501706505	-0.504444936	-2.73843099999999E-03	8.29031737732038E-07	-1411829413445.45	-3.66503862834676	0
-39.2	-0.000000000579405	-0.00000001	-1.375105	-0.500708925	-0.5040042265	-3.29530149999999E-03	6.7378247999826E-07	-1413632516144.62	-2.97490302197034	0
-39.25	-0.000000000526595	-0.00000001	-1.372585	-0.4999244355	-0.503355176	-0.0034307405	6.43500959255648E-07	-1415435618843.78	-2.83758384777111	0
-39.3	-6.169675E-10	-0.00000001	-1.373225	-0.4998533835	-0.5039037635	-4.05037999999999E-03	5.44920846243235E-07	-1417238721542.94	-2.3998275671311	0
-39.35	-0.000000000535101	-0.00000001	-1.376905	-0.501148587	-0.50492003	-3.77144299999999E-03	5.90384214627925E-07	-1419041824242.11	-2.59674417537451	0
-39.4	-5.837145E-10	-0.00000001	-1.37389	-0.5026140795	-0.506327399	-3.71331950000003E-03	6.03535450256072E-07	-1420844926941.27	-2.65121976391285	0
-39.45	-0.000000000655085	-0.00000001	-1.37331	-0.50359169	-0.506812169	-3.22047899999994E-03	6.91832430735311E-07	-1422648029640.44	-3.03524026353602	0
-39.5	-0.000000000530386	-0.00000001	-1.37421	-0.503657344	-0.506322691	-2.66534699999998E-03	8.33303538127717E-07	-1424451132339.6	-3.6512813257787	0
-39.55	-0.000000000583166	-0.00000001	-1.372335	-0.5028661285	-0.505519637	-2.65350850000001E-03	8.47661133376035E-07	-1426254235038.76	-3.70949635339119	0
-39.6	-0.000000000557053	-0.00000001	-1.367985	-0.5014975235	-0.505034486	-3.53696249999999E-03	6.28554303515174E-07	-1428057337737.93	-2.74717789997891	0
-39.65	-0.000000000607586	-0.00000001	-1.370405	-0.5006849905	-0.5038649745	-3.17998400000002E-03	7.04020909006305E-07	-1429860440437.09	-3.07313424243707	0
-39.7	-5.975605E-10	-0.00000001	-1.363705	-0.500126213	-0.5025766655	-2.45045250000001E-03	9.27759386840368E-07	-1431663543136.26	-4.04467859017793	0
-39.75	-5.995095E-10	-0.00000001	-1.366455	-0.499605506	-0.5026819965	-3.07649049999997E-03	7.17709138369672E-07	-1433466645835.42	-3.12500350523805	0
-39.8	-0.000000000545633	-0.00000001	-1.372115	-0.5009841565	-0.5038494885	-2.86533200000003E-03	7.76767904293998E-07	-1435269748534.58	-3.37790449296771	0
-39.85	-0.000000000528175	-0.00000001	-1.366145	-0.501457282	-0.5043705025	-2.91322050000004E-03	7.65383986162321E-07	-1437072851233.75	-3.3242234704473	0
-39.9	-5.492985E-10	-0.00000001	-1.367815	-0.5020317145	-0.5048468455	-2.81513100000005E-03	8.18433676310818E-07	-1438875953932.91	-3.55017499845641	0
-39.95	-6.251275E-10	-0.00000001	-1.369225	-0.50174224	-0.5040153895	-2.27314949999996E-03	9.71221363390918E-07	-1440679056632.08	-4.20765970468772	0
-40	-5.530835E-10	-0.00000001	-1.366935	-0.5010342725	-0.504033918	-2.99964550000004E-03	7.35759016553495E-07	-1442482159331.24	-3.18357266777955	0
