0	0.000000000586116	0	0	-0.13548839	0.021601726	0.157090116	0	0	0	0
-0.1	0.000000000285554	0	0	-0.716245265	-0.0656164995	0.6506287655	0	-3606205398.3281	0	0
-0.2	0.000000000222504	0	0	-1.07027197	-0.12645376	0.94381821	0	-7212410796.65621	0	0
-0.3	0.000000000215423	0	0	-0.231755668	-0.222293071	9.46259699999999E-03	0	-10818616194.9843	0	0
-0.4	0.000000000287008	0	0	-0.396755204	-0.355322203	0.041433001	0	-14424821593.3124	0	0
-0.5	0.000000000237691	0	0	-0.152255107	-0.502699148	-0.350444041	0	-18031026991.6405	0	0
-0.6	0.000000000269163	0	0	-0.330317657	-0.646705931	-0.316388274	0	-21637232389.9686	0	0
-0.7	0.000000000196886	0	0	-0.290738317	-0.789811875	-0.499073558	0	-25243437788.2967	0	0
-0.8	0.00000000014894	0	0	0.00675234252	-0.985033704	-0.99178604652	0	-28849643186.6248	0	0
-0.9	0.000000000211334	0	0	-0.594071953	-0.0782971666	0.5157747864	0	-32455848584.9529	0	0
-1	0.000000000217974	0	0	-0.288225341	-0.0467880424	0.2414372986	0	-36062053983.281	0	0
-1.1	0.000000000243962	0	0	0.0160767798	-0.0666003667	-0.0826771465	0	-39668259381.6091	0	0
-1.2	0.000000000106716	0	0	-0.578060272	-0.124099613	0.453960659	0	-43274464779.9372	0	0
-1.3	0.00000000022912	0	0	0.015108477	-0.353403654	-0.368512131	0	-46880670178.2653	0	0
-1.4	0.000000000111163	0	0	-0.162502321	-0.489476987	-0.326974666	0	-50486875576.5934	0	0
-1.5	0.000000000157154	0	0	-0.0179816413	-0.728239667	-0.7102580257	0	-54093080974.9215	0	0
-1.6	0.000000000161767	0	0	-0.194474697	-0.844289382	-0.649814685	0	-57699286373.2497	0	0
-1.7	0.000000000119674	0	0	-0.159162345	-0.943308813	-0.784146468	0	-61305491771.5778	0	0
-1.8	0.000000000185525	0	0	-0.332834114	0.0013354248	0.3341695388	0	-64911697169.9059	0	0
-1.9	0.000000000232649	0	0	-0.938468709	0.0178282878	0.9562969968	0	-68517902568.234	0	0
-2	0.000000000148106	0	0	-0.0759265211	-0.102701104	-0.0267745829	0	-72124107966.5621	0	0
-2.1	7.38859E-11	0	0	-0.250697502	-0.102364941	0.148332561	0	-75730313364.8902	0	0
-2.2	0.000000000104833	0	0	-0.269686889	0.00606480565	0.27575169465	0	-79336518763.2183	0	0
-2.3	0.000000000148988	0	0	-0.438056948	-0.0345726223	0.4034843257	0	-82942724161.5464	0	0
-2.4	8.48174E-11	0	0	-1.03711512	-0.10790786	0.92920726	0	-86548929559.8745	0	0
-2.5	5.58019E-11	0	0	-0.265030872	-0.129401681	0.135629191	0	-90155134958.2026	0	0
-2.6	0.000000000190151	0	0	-0.437249947	-0.204088999	0.233160948	0	-93761340356.5307	0	0
-2.7	0.000000000126541	0	0	-0.287953396	-0.315552287	-0.027598891	0	-97367545754.8588	0	0
-2.8	7.47442E-11	0	0	-0.0171992235	-0.550154544	-0.5329553205	0	-100973751153.187	0	0
-2.9	0.000000000151014	0	0	-0.613081015	-0.676556246	-0.063475231	0	-104579956551.515	0	0
-3	4.19497E-11	0	0	-0.161189687	-0.794830758	-0.633641071	0	-108186161949.843	0	0
-3.1	0.00000000015409	0	0	-0.336638025	-0.915490613	-0.578852588	0	-111792367348.171	0	0
-3.2	0.000000000107646	0	0	-0.293197819	-1.02946789	-0.736270071	0	-115398572746.499	0	0
-3.3	0.000000000154424	0	0	-0.462608797	-0.0855091187	0.3770996783	0	-119004778144.827	0	0
-3.4	0.000000000169659	0	0	-0.70386663	-0.0124877521	0.6913788779	0	-122610983543.156	0	0
-3.5	0.000000000178206	0	0	0.00935908027	-0.00942414229	-0.01878322256	0	-126217188941.484	0	0
-3.6	0.000000000076139	0	0	-0.169010859	-0.0796600357	0.0893508233	0	-129823394339.812	0	0
-3.7	6.74605E-11	0	0	-0.710799177	-0.132033163	0.578766014	0	-133429599738.14	0	0
-3.8	6.86646E-11	0	0	-0.127895742	-0.227018338	-0.099122596	0	-137035805136.468	0	0
-3.9	7.06315E-11	0	0	-0.307851503	-0.369663218	-0.061811715	0	-140642010534.796	0	0
-4	0.000000000152636	0	0	-0.298084298	-0.518954998	-0.2208707	0	-144248215933.124	0	0
-4.1	8.08477E-11	0	0	-0.00214407348	-0.744844688	-0.74270061452	0	-147854421331.452	0	0
-4.2	9.16362E-11	0	0	-0.608279168	-0.868403706	-0.260124538	0	-151460626729.78	0	0
-4.3	0.000000000123668	0	0	-0.297923816	-0.984319219	-0.686395403	0	-155066832128.108	0	0
-4.4	8.86798E-11	0	0	-0.469016739	-0.0839842136	0.3850325254	0	-158673037526.437	0	0
-4.5	5.93543E-11	0	0	-0.800659507	-0.0436935423	0.7569659647	0	-162279242924.765	0	0
-4.6	5.35965E-11	0	0	-0.131502398	-0.0791356484	0.0523667496	0	-165885448323.093	0	0
-4.7	5.70893E-11	0	0	-0.0470144432	-0.158052278	-0.1110378348	0	-169491653721.421	0	0
-4.8	0.000000000156915	0	0	-0.655396011	-0.266952321	0.38844369	0	-173097859119.749	0	0
-4.9	0.000000000149417	0	0	-0.16408461	-0.408469048	-0.244384438	0	-176704064518.077	0	0
-5	0.000000000124455	0	0	-0.342790461	-0.558643745	-0.215853284	0	-180310269916.405	0	0
-5.1	0.000000000128698	0	0	-0.185575533	-0.700611379	-0.515035846	0	-183916475314.733	0	0
-5.2	0.000000000115287	0	0	-0.363964879	-0.841979419	-0.47801454	0	-187522680713.061	0	0
-5.3	0.000000000134945	0	0	-0.21821114	-0.969379216	-0.751168076	0	-191128886111.389	0	0
-5.4	0.000000000156903	0	0	-0.396926569	-0.0683458967	0.3285806723	0	-194735091509.718	0	0
-5.5	0.000000000126064	0	0	-0.628802958	-0.0237822582	0.6050206998	0	-198341296908.046	0	0
-5.6	0.000000000168669	0	0	0.00233596913	-0.100425956	-0.10276192513	0	-201947502306.374	0	0
-5.7	0.00000000010277	0	0	-0.606838918	-0.0401926458	0.5666462722	0	-205553707704.702	0	0
-5.8	0.000000000140107	0	0	-0.254029949	0.0183482343	0.2723781833	0	-209159913103.03	0	0
-5.9	0.000000000085485	0	0	-0.0771941839	-0.0597684762	0.0174257077	0	-212766118501.358	0	0
-6	7.01427E-11	0	0	-0.256559	-0.0410713458	0.2154876542	0	-216372323899.686	0	0
-6.1	7.49469E-11	0	0	-0.167528702	-0.0269858778	0.1405428242	0	-219978529298.014	0	0
-6.2	0.000000000107515	0	0	-0.11313345	-0.0631865754	0.0499468746	0	-223584734696.342	0	0
-6.3	9.09686E-11	0	0	-0.00672902878	-0.147226588	-0.14049755922	0	-227190940094.671	0	0
-6.4	0.000000000113535	0	0	-0.617681898	-0.260402486	0.357279412	0	-230797145492.999	0	0
-6.5	5.42998E-11	0	0	-0.269226984	-0.408421034	-0.13919405	0	-234403350891.327	0	0
-6.6	3.86238E-11	0	0	-0.0928644946	-0.656059955	-0.5631954604	0	-238009556289.655	0	0
-6.7	0.000000000154698	0	0	-0.698105612	-0.796919166	-0.098813554	0	-241615761687.983	0	0
-6.8	9.53436E-11	0	0	-0.288585941	-0.928346537	-0.639760596	0	-245221967086.311	0	0
-6.9	8.56876E-11	0	0	-0.0894489011	-0.109951092	-0.0205021909	0	-248828172484.639	0	0
-7	0.000000000120449	0	0	-0.0519183618	-0.138316018	-0.0863976562	0	-252434377882.967	0	0
-7.1	0.000000000142562	0	0	-0.643128512	-0.177439274	0.465689238	0	-256040583281.295	0	0
-7.2	7.13348E-11	0	0	-0.276946846	-0.263121636	0.01382521	0	-259646788679.623	0	0
-7.3	7.94053E-11	0	0	-0.0968457603	-0.505959767	-0.4091140067	0	-263252994077.952	0	0
-7.4	8.85487E-11	0	0	-0.689186278	-0.659762	0.029424278	0	-266859199476.28	0	0
-7.5	2.94328E-11	0	0	-0.23359013	-0.803225255	-0.569635125	0	-270465404874.608	0	0
-7.6	5.25236E-11	0	0	-0.409773973	-0.951141867	-0.541367894	0	-274071610272.936	0	0
-7.7	-6.28948E-11	0	0	-0.143856911	-0.113565521	0.03029139	0	-277677815671.264	0	0
-7.8	9.70125E-11	0	0	-0.0971952726	-0.160557204	-0.0633619314	0	-281284021069.592	0	0
-7.9	3.92556E-11	0	0	-0.666935542	-0.201997382	0.46493816	0	-284890226467.92	0	0
-8	-0.000000000445068	0	0	-0.270676163	-0.286863914	-0.016187751	0	-288496431866.248	0	0
-8.1	7.87497E-11	0	0	-0.393216842	-0.414395069	-0.021178227	0	-292102637264.576	0	0
-8.2	-5.06878E-11	0	0	-0.0635255363	-0.61001389	-0.5464883537	0	-295708842662.904	0	0
-8.3	5.20349E-11	0	0	-0.188364346	-0.631733093	-0.443368747	0	-299315048061.233	0	0
-8.4	-0.0000000003613	0	0	-0.39842533	-0.640714266	-0.242288936	0	-302921253459.561	0	0
-8.5	-9.19938E-11	0	0	-0.591361083	-0.660964287	-0.069603204	0	-306527458857.889	0	0
-8.6	-0.000000000107467	0	0	-0.691620335	-0.694014249	-0.002393914	0	-310133664256.217	0	0
-8.7	-7.46965E-11	0	0	-0.654225262	-0.676236005	-2.20107430000001E-02	0	-313739869654.545	0	0
-8.8	-5.02229E-11	0	0	-0.616050334	-0.652815002	-0.036764668	0	-317346075052.873	0	0
-8.9	4.34756E-11	0	0	-0.616174221	-0.6467655	-0.030591279	0	-320952280451.201	0	0
-9	2.06947E-11	0	0	-0.636714789	-0.665484139	-0.02876935	0	-324558485849.529	0	0
-9.1	-2.43545E-11	0	0	-0.667954224	-0.69971833	-0.031764106	0	-328164691247.857	0	0
-9.2	8.08358E-11	0	0	-0.705124561	-0.741123922	-0.035999361	0	-331770896646.185	0	0
-9.3	3.33071E-11	0	0	-0.745999938	-0.78608667	-0.040086732	0	-335377102044.514	0	0
-9.4	-3.80278E-11	0	0	-0.789507563	-0.833629988	-0.044122425	0	-338983307442.842	0	0
-9.5	5.74589E-11	0	0	-0.835024439	-0.883096541	-0.048072102	0	-342589512841.17	0	0
-9.6	-0.000000000011611	0	0	-0.882065441	-0.934024778	-0.051959337	0	-346195718239.498	0	0
-9.7	-1.87159E-11	0	0	-0.930228095	-0.986053452	-0.055825357	0	-349801923637.826	0	0
-9.8	3.05653E-11	0	0	-0.979565291	-1.03918795	-5.96226590000001E-02	0	-353408129036.154	0	0
-9.9	3.44396E-11	0	0	-1.0295355	-1.09291939	-6.33838900000001E-02	0	-357014334434.482	0	0
-10	3.70383E-11	0	0	-1.08070927	-0.698830138	0.381879132	0	-360620539832.81	0	0
-10.1	6.42061E-11	0	0	-1.04074567	-1.17657059	-0.13582492	0	-364226745231.138	0	0
-10.2	5.36442E-12	0	0	-0.575087886	-0.736091509	-0.161003623	0	-367832950629.467	0	0
-10.3	9.08375E-12	0	0	-0.854833427	-1.37212571	-0.517292283	0	-371439156027.795	0	0
-10.4	-8.26001E-11	0	0	-0.581964039	-0.789745165	-0.207781126	0	-375045361426.123	0	0
-10.5	6.68645E-11	0	0	-0.853784035	-0.650515776	0.203268259	0	-378651566824.451	0	0
-10.6	-2.35558E-11	0	0	-1.03338895	-0.94796296	0.08542599	0	-382257772222.779	0	0
-10.7	-3.36647E-11	0	0	-1.2302555	-1.26167684	-3.14213400000001E-02	0	-385863977621.107	0	0
-10.8	6.65069E-11	0	0	-1.44264394	-1.59165805	-0.14901411	0	-389470183019.435	0	0
-10.9	4.17709E-11	0	0	-1.55353147	-1.64753767	-9.40061999999999E-02	0	-393076388417.763	0	0
-11	-2.20537E-11	0	0	-1.60493551	-1.70104979	-9.61142799999999E-02	0	-396682593816.091	0	0
-11.1	-6.84261E-11	0	0	-1.65530407	-1.75304977	-9.77457000000002E-02	0	-400288799214.419	0	0
-11.2	3.34144E-11	0	0	-1.70403795	-1.80281531	-9.87773599999999E-02	0	-403895004612.748	0	0
-11.3	-6.78539E-11	0	0	-1.74966741	-1.84919028	-9.95228699999999E-02	0	-407501210011.076	0	0
-11.4	-0.000000000012815	0	0	-1.79272804	-1.89290687	-0.10017883	0	-411107415409.404	0	0
-11.5	1.79529E-11	0	0	-1.83398229	-1.93506291	-0.10108062	0	-414713620807.732	0	0
-11.6	-8.31008E-11	0	0	-1.87455052	-1.97667777	-0.10212725	0	-418319826206.06	0	0
-11.7	7.39694E-11	0	0	-1.91511363	-2.01837574	-0.10326211	0	-421926031604.388	0	0
-11.8	-7.78437E-12	0	0	-1.95601536	-2.06052533	-0.10450997	0	-425532237002.716	0	0
-11.9	-1.26481E-11	0	0	-1.99758116	-2.10342279	-0.10584163	0	-429138442401.044	0	0
-12	4.10318E-11	0	0	-2.03982426	-2.1471218	-0.10729754	0	-432744647799.372	0	0
-12.1	-0.000000000074029	0	0	-2.08301078	-2.19187461	-0.10886383	0	-436350853197.701	0	0
-12.2	-3.41773E-11	0	0	-2.12721451	-2.2376779	-0.11046339	0	-439957058596.029	0	0
-12.3	3.53336E-11	0	0	-2.17247272	-2.28455016	-0.11207744	0	-443563263994.357	0	0
-12.4	8.64744E-11	0	0	-2.21850392	-2.33221713	-0.11371321	0	-447169469392.685	0	0
-12.5	-7.33495E-11	0	0	-2.26528784	-2.38064618	-0.11535834	0	-450775674791.013	0	0
-12.6	7.74622E-11	0	0	-2.31270714	-2.42970122	-0.11699408	0	-454381880189.341	0	0
-12.7	-7.05361E-11	0	0	-2.36060193	-2.47920444	-0.11860251	0	-457988085587.669	0	0
-12.8	5.59926E-11	0	0	-2.40896486	-2.52911444	-0.12014958	0	-461594290985.997	0	0
-12.9	4.48108E-11	0	0	-2.45763287	-2.57941649	-0.12178362	0	-465200496384.325	0	0
-13	-3.19362E-11	0	0	-2.50669817	-2.63014702	-0.12344885	0	-468806701782.654	0	0
-13.1	1.34349E-11	0	0	-2.55617306	-2.68128961	-0.12511655	0	-472412907180.982	0	0
-13.2	-1.65462E-11	0	0	-2.60601399	-2.73280978	-0.12679579	0	-476019112579.31	0	0
-13.3	1.59025E-11	0	0	-2.65641207	-2.78493492	-0.12852285	0	-479625317977.638	0	0
-13.4	-1.43409E-11	0	0	-2.70723336	-2.83744682	-0.13021346	0	-483231523375.966	0	0
-13.5	-2.24471E-11	0	0	-2.75852864	-2.89045262	-0.13192398	0	-486837728774.294	0	0
-13.6	2.75731E-11	0	0	-2.81013707	-2.94377168	-0.13363461	0	-490443934172.622	0	0
-13.7	-5.76735E-11	0	0	-2.86204869	-2.99739722	-0.13534853	0	-494050139570.95	0	0
-13.8	-6.50644E-11	0	0	-2.91444097	-3.05157039	-0.13712942	0	-497656344969.278	0	0
-13.9	5.78403E-11	0	0	-2.96735324	-3.10620509	-0.13885185	0	-501262550367.606	0	0
-14	0.00000000005095	0	0	-3.02064072	-3.16130018	-0.14065946	0	-504868755765.935	0	0
-14.1	0.000000000036335	0	0	-3.07425181	-3.21660599	-0.14235418	0	-508474961164.263	0	0
-14.2	2.68221E-11	0	0	-3.12802689	-3.27211805	-0.14409116	0	-512081166562.591	0	0
-14.3	-4.26054E-11	0	0	-3.18207709	-3.32799007	-0.14591298	0	-515687371960.919	0	0
-14.4	1.18494E-11	0	0	-3.23647429	-3.38416808	-0.14769379	0	-519293577359.247	0	0
-14.5	-1.13726E-11	0	0	-3.2912984	-3.44072294	-0.14942454	0	-522899782757.575	0	0
-14.6	-1.51873E-11	0	0	-3.34633077	-3.49758617	-0.1512554	0	-526505988155.903	0	0
-14.7	-7.79867E-11	0	0	-3.40157435	-3.55459671	-0.15302236	0	-530112193554.231	0	0
-14.8	-2.44379E-11	0	0	-3.4571331	-3.61192513	-0.15479203	0	-533718398952.559	0	0
-14.9	4.91858E-11	0	0	-3.51297105	-3.66948201	-0.15651096	0	-537324604350.887	0	0
-15	-8.20637E-11	0	0	-3.56899675	-3.72733488	-0.15833813	0	-540930809749.216	0	0
-15.1	5.79238E-11	0	0	-3.62526705	-3.78544949	-0.16018244	0	-544537015147.544	0	0
-15.2	-1.52826E-11	0	0	-3.68177213	-3.84377078	-0.16199865	0	-548143220545.872	0	0
-15.3	-6.52671E-11	0	0	-3.73865327	-3.90242407	-0.1637708	0	-551749425944.2	0	0
-15.4	-8.33869E-11	0	0	-3.79556763	-3.96116212	-0.16559449	0	-555355631342.528	0	0
-15.5	-1.42574E-11	0	0	-3.85283343	-4.02021989	-0.16738646	0	-558961836740.856	0	0
-15.6	-2.90751E-11	0	0	-3.91023307	-4.07939747	-0.1691644	0	-562568042139.184	0	0
-15.7	-3.03149E-11	0	0	-3.96782773	-4.13878487	-0.17095714	0	-566174247537.512	0	0
-15.8	-7.27296E-11	0	0	-4.02546295	-4.19812117	-0.172658220000001	0	-569780452935.84	0	0
-15.9	-3.96848E-11	0	0	-4.08321857	-4.2576127	-0.17439413	0	-573386658334.168	0	0
-16	3.54528E-11	0	0	-4.14114065	-4.31735097	-0.17621032	0	-576992863732.497	0	0
-16.1	-1.45793E-11	0	0	-4.19859505	-4.37656208	-0.17796703	0	-580599069130.825	0	0
-16.2	-9.30071E-11	0	0	-4.25684122	-4.43656659	-0.17972537	0	-584205274529.153	0	0
-16.3	-9.95398E-11	0	0	-4.31524826	-4.49680142	-0.18155316	0	-587811479927.481	0	0
-16.4	-3.87311E-11	0	0	-4.37443081	-4.55781652	-0.18338571	0	-591417685325.809	0	0
-16.5	-0.000000000010252	0	0	-4.43307498	-4.61826701	-0.185192030000001	0	-595023890724.137	0	0
-16.6	-2.75135E-11	0	0	-4.49179994	-4.67875583	-0.18695589	0	-598630096122.465	0	0
-16.7	0.00000000003196	0	0	-4.55071822	-4.73942172	-0.1887035	0	-602236301520.793	0	0
-16.8	1.54972E-11	0	0	-4.60962327	-4.80014526	-0.19052199	0	-605842506919.121	0	0
-16.9	-3.60489E-11	0	0	-4.66869521	-4.86095604	-0.192260829999999	0	-609448712317.449	0	0
-17	-0.000000000100756	0	0	-4.72774643	-4.92185866	-0.19411223	0	-613054917715.778	0	0
-17.1	-6.50525E-11	0	0	-4.78711234	-4.98298148	-0.19586914	0	-616661123114.106	0	0
-17.2	-3.57628E-14	0	0	-4.84663056	-5.04424733	-0.19761677	0	-620267328512.434	0	0
-17.3	4.26173E-11	0	0	-4.90604634	-5.10544134	-0.199395	0	-623873533910.762	0	0
-17.4	-0.000000000028336	0	0	-4.96575346	-5.166937	-0.20118354	0	-627479739309.09	0	0
-17.5	-3.47257E-11	0	0	-5.02542579	-5.22831064	-0.20288485	0	-631085944707.418	0	0
-17.6	2.37346E-11	0	0	-5.08528807	-5.29004408	-0.204756010000001	0	-634692150105.746	0	0
-17.7	-9.83477E-11	0	0	-5.14519835	-5.35158828	-0.206389929999999	0	-638298355504.074	0	0
-17.8	-3.26514E-11	0	0	-5.20491929	-5.41316775	-0.20824846	0	-641904560902.402	0	0
-17.9	-0.000000000024879	0	0	-5.26493002	-5.47498776	-0.21005774	0	-645510766300.73	0	0
-18	1.57118E-11	0	0	-5.3248074	-5.53664625	-0.21183885	0	-649116971699.059	0	0
-18.1	-0.000000000123096	0	0	-5.38492882	-5.59850686	-0.21357804	0	-652723177097.387	0	0
-18.2	-5.13911E-11	0	0	-5.44507442	-5.66037814	-0.21530372	0	-656329382495.715	0	0
-18.3	-4.86612E-11	0	0	-5.50532326	-5.72254436	-0.2172211	0	-659935587894.043	0	0
-18.4	-0.000000000114095	0	0	-5.56573292	-5.78472135	-0.21898843	0	-663541793292.371	0	0
-18.5	-8.59976E-11	0	0	-5.62614161	-5.84686428	-0.22072267	0	-667147998690.699	0	0
-18.6	-2.31504E-11	0	0	-5.68633358	-5.90892119	-0.22258761	0	-670754204089.027	0	0
-18.7	3.68357E-12	0	0	-5.74704313	-5.97145836	-0.22441523	0	-674360409487.355	0	0
-18.8	-3.32952E-11	0	0	-5.80795862	-6.03433614	-0.22637752	0	-677966614885.683	0	0
-18.9	-8.80003E-11	0	0	-5.86941205	-6.09748215	-0.2280701	0	-681572820284.011	0	0
-19	-3.60608E-11	0	0	-5.93035406	-6.16006951	-0.22971545	0	-685179025682.34	0	0
-19.1	-3.67165E-12	0	0	-5.9913763	-6.22288983	-0.23151353	0	-688785231080.668	0	0
-19.2	3.32594E-12	0	0	-6.05238032	-6.28570567	-0.233325349999999	0	-692391436478.996	0	0
-19.3	-4.15564E-11	0	0	-6.11353449	-6.34878296	-0.23524847	0	-695997641877.324	0	0
-19.4	-6.88791E-11	0	0	-6.1748438	-6.41172918	-0.23688538	0	-699603847275.652	0	0
-19.5	-7.30753E-12	0	0	-6.23582992	-6.47469447	-0.238864550000001	0	-703210052673.98	0	0
-19.6	6.22273E-12	0	0	-6.29686291	-6.53726519	-0.240402280000001	0	-706816258072.308	0	0
-19.7	-6.58155E-11	0	0	-6.35777316	-6.59995145	-0.24217829	0	-710422463470.636	0	0
-19.8	-1.96099E-11	0	0	-6.41886057	-6.66270904	-0.243848470000001	0	-714028668868.964	0	0
-19.9	-0.000000000119686	0	0	-6.4798271	-6.72557339	-0.24574629	0	-717634874267.292	0	0
-20	-3.00407E-12	0	0	-6.54076831	-6.78827238	-0.247504070000001	0	-721241079665.621	0	0
-20.1	-0.000000000146711	0	0	-6.60149853	-6.85029597	-0.248797440000001	0	-724847285063.949	0	0
-20.2	-7.71642E-11	0	0	-6.66177969	-6.91257375	-0.25079406	0	-728453490462.277	0	0
-20.3	-0.000000000136447	0	0	-6.72258886	-6.97509275	-0.25250389	0	-732059695860.605	0	0
-20.4	-5.08428E-11	0	0	-6.78301947	-7.03783135	-0.25481188	0	-735665901258.933	0	0
-20.5	7.98702E-13	0	0	-6.84489608	-7.10137335	-0.25647727	0	-739272106657.261	0	0
-20.6	-4.86374E-12	0	0	-6.90629593	-7.16468458	-0.258388650000001	0	-742878312055.589	0	0
-20.7	1.0252E-12	0	0	-6.96804503	-7.22813729	-0.26009226	0	-746484517453.917	0	0
-20.8	2.59638E-11	0	0	-7.02930311	-7.2910323	-0.261729190000001	0	-750090722852.245	0	0
-20.9	-4.50134E-11	0	0	-7.09031245	-7.3540294	-0.26371695	0	-753696928250.574	0	0
-21	-5.05328E-11	0	0	-7.15166764	-7.41710245	-0.265434809999999	0	-757303133648.902	0	0
-21.1	-6.17743E-11	0	0	-7.2132652	-7.48072057	-0.26745537	0	-760909339047.23	0	0
-21.2	-0.000000000105274	0	0	-7.27512176	-7.54417281	-0.26905105	0	-764515544445.558	0	0
-21.3	-2.35081E-11	0	0	-7.33650967	-7.60743626	-0.27092659	0	-768121749843.886	0	0
-21.4	-0.00000000013181	0	0	-7.39774343	-7.67024024	-0.27249681	0	-771727955242.214	0	0
-21.5	-6.69718E-11	0	0	-7.4584528	-7.73249412	-0.27404132	0	-775334160640.542	0	0
-21.6	-1.98364E-11	0	0	-7.51900416	-7.79538117	-0.27637701	0	-778940366038.87	0	0
-21.7	-0.000000000040257	0	0	-7.58035647	-7.85867358	-0.27831711	0	-782546571437.198	0	0
-21.8	-0.000000000131512	0	0	-7.64198076	-7.92224261	-0.28026185	0	-786152776835.527	0	0
-21.9	-2.65121E-11	0	0	-7.7042615	-7.98642011	-0.28215861	0	-789758982233.855	0	0
-22	-9.81688E-11	0	0	-7.76616657	-8.05002162	-0.283855050000001	0	-793365187632.183	0	0
-22.1	-0.000000000158167	0	0	-7.82804912	-8.11388511	-0.28583599	0	-796971393030.511	0	0
-22.2	-0.000000000104463	0	0	-7.89025686	-8.1776885	-0.28743164	0	-800577598428.839	0	0
-22.3	-0.000000000150502	0	0	-7.95212426	-8.24134211	-0.28921785	0	-804183803827.167	0	0
-22.4	-2.72632E-11	0	0	-8.01392292	-8.30453166	-0.29060874	0	-807790009225.495	0	0
-22.5	-0.000000000214529	0	0	-8.07415352	-8.36694622	-0.292792700000001	0	-811396214623.823	0	0
-22.6	-0.000000000143182	0	0	-8.13526446	-8.43063119	-0.29536673	0	-815002420022.151	0	0
-22.7	-0.000000000151968	0	0	-8.19714681	-8.49450115	-0.29735434	0	-818608625420.479	0	0
-22.8	-3.70145E-11	0	0	-8.25958912	-8.55882791	-0.29923879	0	-822214830818.808	0	0
-22.9	-3.82662E-11	0	0	-8.32218322	-8.62258328	-0.300400060000001	0	-825821036217.136	0	0
-23	-9.42826E-11	0	0	-8.38305864	-8.68516688	-0.302108240000001	0	-829427241615.464	0	0
-23.1	-5.62549E-11	0	0	-8.44407037	-8.74819468	-0.304124309999999	0	-833033447013.792	0	0
-23.2	-7.70569E-11	0	0	-8.50429509	-8.8098915	-0.305596410000001	0	-836639652412.12	0	0
-23.3	-0.000000000159836	0	0	-8.56584399	-8.8736169	-0.307772910000001	0	-840245857810.448	0	0
-23.4	-7.45058E-12	0	0	-8.62815334	-8.93783891	-0.309685569999999	0	-843852063208.776	0	0
-23.5	-0.000000000104642	0	0	-8.69180937	-9.00343703	-0.311627660000001	0	-847458268607.104	0	0
-23.6	-0.00000000013907	0	0	-8.75452694	-9.06786728	-0.31334034	0	-851064474005.433	0	0
-23.7	-0.000000000184309	0	0	-8.81675761	-9.13173822	-0.314980610000001	0	-854670679403.761	0	0
-23.8	-9.79662E-11	0	0	-8.87833822	-9.19486392	-0.3165257	0	-858276884802.089	0	0
-23.9	-0.000000000178945	-0.0000002	-50.2427	-8.93965956	-9.25794934	-0.318289779999999	1.38638193158449E-07	-861883090200.417	-1.00397790346479	0
-24	-0.000000000348485	-0.0000002	-48.6134	-8.99957135	-9.31935711	-0.31978576	1.37989634060003E-07	-865489295598.745	-0.99511755331733	0
-24.1	-0.000000000864208	-0.0000002	-41.586	-9.05684794	-9.37677122	-0.319923279999999	1.37930318793931E-07	-869095500997.073	-0.990562455430402	0
-24.2	-0.00000000127008	-0.0000002	-25.9694	-9.10987597	-9.4299625	-0.320086530000001	1.37859971801999E-07	-872701706395.401	-0.985966104750473	0
-24.3	-0.0000000011404	-0.0000002	-14.609	-9.11739785	-9.39897989	-0.28158204	1.56711415259297E-07	-876307911793.729	-1.11617817136251	0
-24.4	-0.000000000747335	-0.0000002	-14.1644	-9.04243197	-9.30240999	-0.259978019999998	1.69734041362421E-07	-879914117192.057	-1.20397727952537	0
-24.5	-0.000000000802636	-0.0000002	-13.8211	-8.92208282	-9.15796129	-0.235878469999999	1.87075658070871E-07	-883520322590.385	-1.32157058291824	0
-24.6	-0.000000000593495	-0.0000002	-13.5267	-8.76266508	-9.00965352	-0.246988440000001	1.78660669300959E-07	-887126527988.714	-1.25699345192983	0
-24.7	-0.000000000546598	-0.0000002	-13.2726	-8.65834939	-8.90176471	-0.24341532	1.81283248728962E-07	-890732733387.042	-1.2702812508258	0
-24.8	-0.00000000054487	-0.0000002	-13.0482	-8.55996008	-8.7998792	-0.23991912	1.83924982719177E-07	-894338938785.37	-1.28359556798433	0
-24.9	-0.000000000588095	-0.0000002	-12.8458	-8.46772233	-8.70336136	-0.23563903	1.87265751348578E-07	-897945144183.698	-1.30166184904016	0
-25	-0.000000000628316	-0.0000002	-12.6403	-8.37793554	-8.60907827	-0.23114273	1.90908535172185E-07	-901551349582.026	-1.32167447426898	0
-25.1	-0.000000000581539	-0.0000002	-12.4673	-8.29069408	-8.51863494	-0.22794086	1.93590214584607E-07	-905157554980.354	-1.33490034574124	0
-25.2	-0.000000000542188	-0.0000002	-12.296	-8.20454722	-8.42827984	-0.22373262	1.97231498920453E-07	-908763760378.682	-1.35461194313498	0
-25.3	-0.000000000551414	-0.0000002	-12.1316	-8.120623	-8.34167944	-0.22105644	1.99619246559838E-07	-912369965777.01	-1.3655922917593	0
-25.4	-0.000000000468791	-0.0000002	-11.9897	-8.03997658	-8.25814136	-0.21816478	2.02265095218394E-07	-915976171175.338	-1.37824489473466	0
-25.5	-0.000000000607324	-0.0000002	-11.852	-7.96230141	-8.17771723	-0.21541582	2.04846236455614E-07	-919582376573.666	-1.3903590709657	0
-25.6	-0.00000000051775	-0.0000002	-11.7155	-7.88654731	-8.09983777	-0.213290460000001	2.06887452912802E-07	-923188581971.995	-1.39872827239725	0
-25.7	-0.000000000562477	-0.0000002	-11.5816	-7.81253701	-8.02318929	-0.21065228	2.09478482739423E-07	-926794787370.323	-1.41073506783508	0
-25.8	-0.000000000594091	-0.0000002	-11.453	-7.73767528	-7.9454293	-0.207754019999999	2.12400799753478E-07	-930400992768.651	-1.4248711969151	0
-25.9	-0.000000000509608	-0.0000002	-11.337	-7.66527399	-7.87060378	-0.20532979	2.14908513762178E-07	-934007198166.979	-1.43612757934333	0
-26	-0.000000000575233	-0.0000002	-11.2173	-7.59431685	-7.79709951	-0.20278266	2.1760795523641E-07	-937613403565.307	-1.44857366651456	0
-26.1	-0.000000000553679	-0.0000002	-11.1142	-7.52566071	-7.72696491	-0.2013042	2.19206156652469E-07	-941219608963.635	-1.45362172846465	0
-26.2	-0.00000000059042	-0.0000002	-11.0059	-7.4589954	-7.65806444	-0.19906904	2.21667417494955E-07	-944825814361.963	-1.46433261703949	0
-26.3	-0.000000000572228	-0.0000002	-10.8988	-7.39322266	-7.59028985	-0.197067189999999	2.23919161784365E-07	-948432019760.291	-1.47358325245633	0
-26.4	-0.000000000514865	-0.0000002	-10.7978	-7.32770779	-7.52249057	-0.194782780000001	2.26545282904371E-07	-952038225158.619	-1.48521820085908	0
-26.5	-0.000000000495875	-0.0000002	-10.702	-7.26383545	-7.45670428	-0.19286883	2.28793424007394E-07	-955644430556.947	-1.49429667348806	0
-26.6	-0.000000000456202	-0.0000002	-10.6098	-7.20067917	-7.39229341	-0.19161424	2.30291443892688E-07	-959250635955.276	-1.49842610977024	0
-26.7	-0.000000000545168	-0.0000002	-10.5152	-7.13990883	-7.33012475	-0.19021592	2.31984368080232E-07	-962856841353.604	-1.50378803854947	0
-26.8	-0.000000000461471	-0.0000002	-10.426	-7.07895971	-7.26751552	-0.18855581	2.34026837995605E-07	-966463046751.932	-1.51136735215302	0
-26.9	-0.000000000576913	-0.0000002	-10.3398	-7.01922877	-7.20678317	-0.1875544	2.35276378480057E-07	-970069252150.26	-1.51378853754684	0
-27	-0.000000000513172	-0.0000002	-10.258	-6.96152236	-7.1477157	-0.18619334	2.3699623198123E-07	-973675457548.588	-1.51920661526429	0
-27.1	-0.00000000048151	-0.0000002	-10.1766	-6.9058145	-7.09071913	-0.18490463	2.38647999241555E-07	-977281662946.916	-1.52414986742407	0
-27.2	-0.000000000445497	-0.0000002	-10.0979	-6.85133652	-7.03455366	-0.18321714	2.4084602565022E-07	-980887868345.244	-1.53253268583992	0
-27.3	-0.000000000503218	-0.0000002	-10.0175	-6.79629677	-6.97801972	-0.18172295	2.42826346369569E-07	-984494073743.572	-1.53947387808265	0
-27.4	-0.000000000464594	-0.0000002	-9.94367	-6.74252365	-6.92280109	-0.18027744	2.44773389282652E-07	-988100279141.9	-1.54615419956757	0
-27.5	-0.000000000527179	-0.0000002	-9.87106	-6.68942088	-6.86848386	-0.17906298	2.46433517413817E-07	-991706484540.228	-1.55098017952752	0
-27.6	-0.000000000500691	-0.0000002	-9.79466	-6.63706271	-6.81550561	-0.178442899999999	2.47289861350607E-07	-995312689938.557	-1.55073073589427	0
-27.7	-0.000000000418901	-0.0000002	-9.72607	-6.58592576	-6.76307605	-0.177150289999999	2.49094257762718E-07	-998918895336.885	-1.55640677580149	0
-27.8	-0.000000000450897	-0.0000002	-9.65576	-6.53528451	-6.71126257	-0.175978059999999	2.50753531434544E-07	-1002525100735.21	-1.56113847738717	0
-27.9	-0.000000000417292	-0.0000002	-9.59157	-6.48580751	-6.66103399	-0.17522648	2.51829061452356E-07	-1006131306133.54	-1.5622150214166	0
-28	-0.000000000469542	-0.0000002	-9.52271	-6.43703958	-6.61117991	-0.174140329999999	2.53399772470858E-07	-1009737511531.87	-1.56634474741602	0
-28.1	-0.000000000415349	-0.0000002	-9.45852	-6.38944193	-6.56259225	-0.17315032	2.54848619396142E-07	-1013343716930.2	-1.56969448026641	0
-28.2	-0.000000000419497	-0.0000002	-9.39678	-6.34218545	-6.51491112	-0.17272567	2.55475170540661E-07	-1016949922328.53	-1.56797363261453	0
-28.3	-0.000000000498641	-0.0000002	-9.33678	-6.29631457	-6.46849943	-0.17218486	2.56277584451967E-07	-1020556127726.85	-1.56734048659126	0
-28.4	-0.000000000546682	-0.0000002	-9.2727	-6.25099213	-6.42165879	-0.17066666	2.58557353849896E-07	-1024162333125.18	-1.57571518462152	0
-28.5	-0.000000000462735	-0.0000002	-9.21697	-6.20657397	-6.3764317	-0.16985773	2.59788706701779E-07	-1027768538523.51	-1.57766421073955	0
-28.6	-0.000000000466847	-0.0000002	-9.15541	-6.16190044	-6.330672	-0.16877156	2.61460639458449E-07	-1031374743921.84	-1.58226583857319	0
-28.7	-0.000000000512874	-0.0000002	-9.09811	-6.11764708	-6.28594727	-0.16830019	2.62192930382313E-07	-1034980949320.17	-1.58116883773842	0
-28.8	-0.000000000455141	-0.0000002	-9.04204	-6.074852	-6.24249205	-0.16764005	2.63225404669111E-07	-1038587154718.49	-1.5818834415211	0
-28.9	-0.000000000439179	-0.0000002	-8.98729	-6.03241415	-6.19954412	-0.16712997	2.64028767551386E-07	-1042193360116.82	-1.58122099278844	0
-29	-0.000000000396132	-0.0000002	-8.93545	-5.99066723	-6.15741036	-0.16674313	2.64641307860779E-07	-1045799565515.15	-1.5794242511585	0
-29.1	-0.00000000050987	-0.0000002	-8.87971	-5.94985399	-6.1153313	-0.16547731	2.66665683651734E-07	-1049405770913.48	-1.58603697651706	0
-29.2	-0.000000000475168	-0.0000002	-8.82643	-5.90848318	-6.07324117	-0.16475799	2.67829924363607E-07	-1053011976311.81	-1.5875061375609	0
-29.3	-0.000000000431287	-0.0000002	-8.77915	-5.86928106	-6.0333039	-0.16402284	2.69030337482267E-07	-1056618181710.13	-1.58917894285928	0
-29.4	-0.000000000446081	-0.0000002	-8.72443	-5.82975879	-5.99323814	-0.16347935	2.69924733613144E-07	-1060224387108.46	-1.58903885565038	0
-29.5	-0.000000000400853	-0.0000002	-8.67607	-5.79160364	-5.95463323	-0.16302959	2.70669391979702E-07	-1063830592506.79	-1.58802120457452	0
-29.6	-0.000000000463045	-0.0000002	-8.62957	-5.75343645	-5.91548895	-0.162052500000001	2.72301383810801E-07	-1067436797905.12	-1.59219883985006	0
-29.7	-0.000000000416315	-0.0000002	-8.58137	-5.71540338	-5.8776036	-0.16220022	2.72053391789481E-07	-1071043003303.45	-1.58539272604593	0
-29.8	-0.000000000448549	-0.0000002	-8.53178	-5.67849896	-5.84030186	-0.161802900000001	2.72721440715833E-07	-1074649208701.77	-1.58395261128194	0
-29.9	-0.000000000437748	-0.0000002	-8.49122	-5.64252532	-5.80377423	-0.16124891	2.73658407985517E-07	-1078255414100.1	-1.58407877017601	0
-30	-0.000000000397897	-0.0000002	-8.4492	-5.60764538	-5.7685558	-0.16091042	2.74234073840589E-07	-1081861619498.43	-1.58211965677263	0
-30.1	-0.000000000530899	-0.0000002	-8.40202	-5.57360459	-5.73367678	-0.160072189999999	2.75670121087243E-07	-1085467824896.76	-1.58512080870508	0
-30.2	-0.000000000387073	-0.0000002	-8.35741	-5.53975761	-5.69929069	-0.15953308	2.76601692890277E-07	-1089074030295.09	-1.58521092461315	0
-30.3	-0.000000000428844	-0.0000002	-8.31598	-5.50596852	-5.66468626	-0.15871774	2.78022607932799E-07	-1092680235693.42	-1.58809562794821	0
-30.4	-0.000000000323248	-0.0000002	-8.26615	-5.47194455	-5.63151025	-0.1595657	2.76545147234023E-07	-1096286441091.74	-1.57445997286577	0
-30.5	-0.000000000422537	-0.0000002	-8.23446	-5.43913437	-5.59873512	-0.15960075	2.76484415016847E-07	-1099892646490.07	-1.56895317474881	0
-30.6	-0.000000000475705	-0.0000002	-8.19169	-5.40670287	-5.56546425	-0.15876138	2.7794618565296E-07	-1103498851888.4	-1.5720938102543	0
-30.7	-0.000000000405896	-0.0000002	-8.15396	-5.37422525	-5.53180862	-0.157583369999999	2.80023964457672E-07	-1107105057286.73	-1.57868684547673	0
-30.8	-0.000000000516856	-0.0000002	-8.11467	-5.34326771	-5.49963246	-0.15636475	2.82206315681764E-07	-1110711262685.06	-1.58582470100891	0
-30.9	-0.000000000380051	-0.0000002	-8.07558	-5.31210666	-5.46835331	-0.15624665	2.82419623076719E-07	-1114317468083.38	-1.58188735853278	0
-31	-0.000000000426352	-0.0000002	-8.03868	-5.28194022	-5.43767913	-0.15573891	2.83340367542061E-07	-1117923673481.71	-1.58192512895692	0
-31.1	-0.000000000505507	-0.0000002	-8.00216	-5.25174804	-5.40757636	-0.15582832	2.83177794639639E-07	-1121529878880.04	-1.57593380642886	0
-31.2	-0.000000000440907	-0.0000002	-7.97076	-5.2230857	-5.37952648	-0.15644078	2.82069163807545E-07	-1125136084278.37	-1.56473278739393	0
-31.3	-0.000000000381017	-0.0000002	-7.93625	-5.19579304	-5.35163332	-0.15584028	2.83156062091263E-07	-1128742289676.7	-1.5657437692439	0
-31.4	-0.000000000462174	-0.0000002	-7.90141	-5.16945084	-5.32511581	-0.15566497	2.83474952649912E-07	-1132348495075.02	-1.56251505012813	0
-31.5	-0.000000000497043	-0.0000002	-7.8665	-5.14237919	-5.29702332	-0.15464413	2.85346233316453E-07	-1135954700473.35	-1.5678364467937	0
-31.6	-0.000000000372756	-0.0000002	-7.83249	-5.11520027	-5.26967557	-0.154475300000001	2.85658095501351E-07	-1139560905871.68	-1.56458304498062	0
-31.7	-0.000000000386274	-0.0000002	-7.80337	-5.08953762	-5.24342436	-0.15388674	2.86750632315689E-07	-1143167111270.01	-1.56561252780951	0
-31.8	-0.000000000450957	-0.0000002	-7.76925	-5.06434924	-5.21769654	-0.1533473	2.87759354093616E-07	-1146773316668.34	-1.5661793582744	0
-31.9	-0.00000000046643	-0.0000002	-7.73967	-5.03948312	-5.1930006	-0.153517480000001	2.87440361840227E-07	-1150379522066.67	-1.55953897791298	0
-32	-0.000000000503981	-0.0000002	-7.71139	-5.01529173	-5.16831376	-0.15302203	2.88371027361224E-07	-1153985727464.99	-1.55969906625662	0
-32.1	-0.000000000364363	-0.0000002	-7.68338	-4.99166452	-5.14438994	-0.15272542	2.889310764377E-07	-1157591932863.32	-1.55785986576762	0
-32.2	-0.000000000520635	-0.0000002	-7.65539	-4.96940076	-5.12175815	-0.15235739	2.8962900979073E-07	-1161198138261.65	-1.55677322510545	0
-32.3	-0.000000000392091	-0.0000002	-7.62765	-4.9465655	-5.09888818	-0.15232268	2.89695007992244E-07	-1164804343659.98	-1.55230713975363	0
-32.4	-0.000000000408804	-0.0000002	-7.59536	-4.92377388	-5.0756	-0.15182612	2.90642479699804E-07	-1168410549058.31	-1.55257734882374	0
-32.5	-0.000000000458765	-0.0000002	-7.56781	-4.90058176	-5.05242627	-0.15184451	2.9060727977587E-07	-1172016754456.63	-1.54761273253422	0
-32.6	-0.000000000455928	-0.0000002	-7.54246	-4.87845095	-5.03025622	-0.15180527	2.90682398575491E-07	-1175622959854.96	-1.54326426803883	0
-32.7	-0.00000000041337	-0.0000002	-7.51754	-4.85727302	-5.0090187	-0.15174568	2.90796548540953E-07	-1179229165253.29	-1.53914898663172	0
-32.8	-0.000000000459313	-0.0000002	-7.49144	-4.83691608	-4.9885689	-0.15165282	2.90974608978587E-07	-1182835370651.62	-1.53539603705868	0
-32.9	-0.000000000359464	-0.0000002	-7.46778	-4.81671573	-4.9678857	-0.15116997	2.91904007125225E-07	-1186441576049.95	-1.53561846161271	0
-33	-0.000000000371194	-0.0000002	-7.442	-4.79666987	-4.94744141	-0.15077154	2.92675394839105E-07	-1190047781448.27	-1.53501081209321	0
-33.1	-0.000000000422227	-0.0000002	-7.42044	-4.77722392	-4.92784252	-0.1506186	2.92972581075645E-07	-1193653986846.6	-1.53192727729538	0
-33.2	-0.000000000447881	-0.0000002	-7.39722	-4.7588396	-4.90904849	-0.15020889	2.93771693539577E-07	-1197260192244.93	-1.53147893990743	0
-33.3	-0.000000000453067	-0.0000002	-7.37362	-4.7402146	-4.89038732	-0.15017272	2.93842450213327E-07	-1200866397643.26	-1.52724766223143	0
-33.4	-0.000000000406158	-0.0000002	-7.34943	-4.72194901	-4.87159857	-0.149649559999999	2.94869694237659E-07	-1204472603041.59	-1.52799818524812	0
-33.5	-0.000000000518763	-0.0000002	-7.32431	-4.70302022	-4.85235892	-0.1493387	2.95483488204999E-07	-1208078808439.91	-1.52660814801664	0
-33.6	-0.000000000401473	-0.0000002	-7.30418	-4.68465153	-4.8338672	-0.14921567	2.95727117668003E-07	-1211685013838.24	-1.5233196308448	0
-33.7	-0.000000000482631	-0.0000002	-7.28258	-4.6665691	-4.81555217	-0.14898307	2.96188821991653E-07	-1215291219236.57	-1.52117062196124	0
-33.8	-0.000000000442708	-0.0000002	-7.26384	-4.64956326	-4.79891265	-0.14934939	2.95462338346343E-07	-1218897424634.9	-1.51295007118633	0
-33.9	-0.000000000394642	-0.0000002	-7.24573	-4.63383849	-4.78270131	-0.148862820000001	2.96428080564373E-07	-1222503630033.23	-1.51341770199646	0
-34	-0.000000000438285	-0.0000002	-7.22424	-4.61818565	-4.76718245	-0.1489968	2.96161528301279E-07	-1226109835431.56	-1.50760958976895	0
-34.1	-0.000000000450528	-0.0000002	-7.20717	-4.60341293	-4.75232475	-0.148911819999999	2.96330539778509E-07	-1229716040829.88	-1.50404627679144	0
-34.2	-0.000000000464928	-0.0000002	-7.18354	-4.58796531	-4.73611414	-0.148148829999999	2.9785668911459E-07	-1233322246228.21	-1.50737190847464	0
-34.3	-0.000000000428259	-0.0000002	-7.16743	-4.57232584	-4.7206105	-0.14828466	2.97583849873615E-07	-1236928451626.54	-1.50160049835307	0
-34.4	-0.000000000466681	-0.0000002	-7.14848	-4.55720468	-4.70508581	-0.14788113	2.98395880529179E-07	-1240534657024.87	-1.50132095525638	0
-34.5	-0.00000000038538	-0.0000002	-7.13143	-4.54192958	-4.68951381	-0.147584230000001	2.98996173236123E-07	-1244140862423.2	-1.49998080218791	0
-34.6	-0.000000000456393	-0.0000002	-7.11299	-4.52792932	-4.67549217	-0.14756285	2.99039494018989E-07	-1247747067821.52	-1.49586229778285	0
-34.7	-0.000000000416756	-0.0000002	-7.09757	-4.5142567	-4.66155771	-0.147301010000001	2.99571062004258E-07	-1251353273219.85	-1.49420281425312	0
-34.8	-0.000000000512648	-0.0000002	-7.07547	-4.49959619	-4.64707776	-0.14748157	2.99204300578031E-07	-1254959478618.18	-1.48808504929392	0
-34.9	-0.000000000445998	-0.0000002	-7.06189	-4.48600154	-4.63328437	-0.14728283	2.99608039850945E-07	-1258565684016.51	-1.48582342883982	0
-35	-0.000000000433624	-0.0000002	-7.0443	-4.47223814	-4.6193991	-0.14716096	2.99856157502642E-07	-1262171889414.84	-1.48280517446362	0
-35.1	-0.000000000479841	-0.0000002	-7.0286	-4.45941172	-4.60668608	-0.14727436	2.99625270821072E-07	-1265778094813.16	-1.47744216381199	0
-35.2	-0.000000000451911	-0.0000002	-7.01339	-4.44732876	-4.59432643	-0.146997669999999	3.00189247897604E-07	-1269384300211.49	-1.47601793655946	0
-35.3	-0.000000000402522	-0.0000002	-6.99743	-4.4353357	-4.58222978	-0.146894079999999	3.00400941957635E-07	-1272990505609.82	-1.47287452474325	0
-35.4	-0.000000000526226	-0.0000002	-6.98122	-4.4231029	-4.56971772	-0.14661482	3.00973121271097E-07	-1276596711008.15	-1.47151134910901	0
-35.5	-0.000000000398839	-0.0000002	-6.96738	-4.41115118	-4.55734927	-0.14619809	3.01831029393066E-07	-1280202916406.48	-1.47154889736598	0
-35.6	-0.000000000509787	-0.0000002	-6.95281	-4.39918837	-4.54513684	-0.14594847	3.02347259960999E-07	-1283809121804.8	-1.46992509704462	0
-35.7	-0.000000000522172	-0.0000002	-6.93814	-4.38771035	-4.53366789	-0.14595754	3.0232847169115E-07	-1287415327203.13	-1.46571657251689	0
-35.8	-0.000000000546205	-0.0000002	-6.92359	-4.37650531	-4.52225699	-0.14575168	3.02755481103202E-07	-1291021532601.46	-1.4636867908943	0
-35.9	-0.000000000409389	-0.0000002	-6.91104	-4.36557711	-4.51131702	-0.14573991	3.02779931729065E-07	-1294627737999.79	-1.45972754744032	0
-36	-0.000000000508928	-0.0000002	-6.89732	-4.355242	-4.5008861	-0.1456441	3.0297911140925E-07	-1298233943398.12	-1.4566303433137	0
-36.1	-0.000000000362742	-0.0000002	-6.88519	-4.34507146	-4.49062047	-0.14554901	3.03177053557424E-07	-1301840148796.45	-1.45354436502068	0
-36.2	-0.000000000370169	-0.0000002	-6.86993	-4.33469455	-4.47979833	-0.14510378	3.04107308575972E-07	-1305446354194.77	-1.45397671971087	0
-36.3	-0.000000000505459	-0.0000002	-6.85508	-4.32384735	-4.46860075	-0.1447534	3.04843409550311E-07	-1309052559593.1	-1.45348097369824	0
-36.4	-0.000000000476134	-0.0000002	-6.84329	-4.31250035	-4.45701466	-0.14451431	3.05347754142825E-07	-1312658764991.43	-1.45188598229365	0
-36.5	-0.000000000332153	-0.0000002	-6.82925	-4.30141399	-4.44595414	-0.14454015	3.05293165947316E-07	-1316264970389.76	-1.44764936434449	0
-36.6	-0.000000000417101	-0.0000002	-6.81579	-4.29067131	-4.43520839	-0.14453708	3.0529965044264E-07	-1319871175788.09	-1.44372470259761	0
-36.7	-0.00000000042603	-0.0000002	-6.80257	-4.28051277	-4.42515558	-0.144642810000001	3.0507648461752E-07	-1323477381186.41	-1.43873839947478	0
-36.8	-0.000000000412893	-0.0000002	-6.79027	-4.27039251	-4.41479736	-0.14440485	3.05579210116558E-07	-1327083586584.74	-1.43719319139267	0
-36.9	-0.000000000457203	-0.0000002	-6.77778	-4.26038238	-4.40470689	-0.14432451	3.05749314513523E-07	-1330689791983.07	-1.43409622192084	0
-37	-0.000000000456691	-0.0000002	-6.76511	-4.25046409	-4.39436416	-0.14390007	3.06651136444896E-07	-1334295997381.4	-1.4344387879439	0
-37.1	-0.000000000478184	-0.0000002	-6.75109	-4.24056492	-4.38449583	-0.14393091	3.06585430467993E-07	-1337902202779.73	-1.43026584812976	0
-37.2	-0.000000000404167	-0.0000002	-6.7411	-4.23110907	-4.37514494	-0.144035870000001	3.06362019405304E-07	-1341508408178.05	-1.42538160393286	0
-37.3	-0.000000000539029	-0.0000002	-6.73155	-4.22196944	-4.36601775	-0.144048310000001	3.06335562006939E-07	-1345114613576.38	-1.42143743971048	0
-37.4	-0.000000000450337	-0.0000002	-6.71796	-4.21333164	-4.35733377	-0.144002130000001	3.06433800666697E-07	-1348720818974.71	-1.41809142636789	0
-37.5	-0.000000000392199	-0.0000002	-6.70871	-4.20481506	-4.34875214	-0.143937080000001	3.06572288391565E-07	-1352327024373.04	-1.41494902334569	0
-37.6	-0.000000000385821	-0.0000002	-6.69734	-4.19614673	-4.33969331	-0.143546580000001	3.07406278853873E-07	-1355933229771.37	-1.41502481059987	0
-37.7	-0.000000000516486	-0.0000002	-6.68915	-4.18779684	-4.33136853	-0.14357169	3.07352514970048E-07	-1359539435169.7	-1.41102460453501	0
-37.8	-0.000000000477028	-0.0000002	-6.67643	-4.17958692	-4.32298982	-0.1434029	3.07714279139404E-07	-1363145640568.02	-1.40894816455771	0
-37.9	-0.000000000390041	-0.0000002	-6.66574	-4.17175878	-4.31486455	-0.14310577	3.0835318520001E-07	-1366751845966.35	-1.40814829855901	0
-38	-0.000000000606287	-0.0000002	-6.65464	-4.16363006	-4.30638904	-0.14275898	3.09102236510796E-07	-1370358051364.68	-1.40785431609168	0
-38.1	-0.00000000036633	-0.0000002	-6.64609	-4.15547471	-4.29825865	-0.14278394	3.09048202479914E-07	-1373964256763.01	-1.40391369993904	0
-38.2	-0.000000000604951	-0.0000002	-6.63601	-4.14723622	-4.28988482	-0.1426486	3.09341416599952E-07	-1377570462161.34	-1.40156703050723	0
-38.3	-0.000000000422323	-0.0000002	-6.62577	-4.13951161	-4.28206672	-0.142555110000001	3.09544287819635E-07	-1381176667559.66	-1.39882435748981	0
-38.4	-0.000000000558031	-0.0000002	-6.61584	-4.13175218	-4.27406836	-0.14231618	3.10063971643983E-07	-1384782872957.99	-1.39752391065497	0
-38.5	-0.000000000455761	-0.0000002	-6.60536	-4.12370887	-4.26616437	-0.142455500000001	3.09760732298857E-07	-1388389078356.32	-1.39253076458028	0
-38.6	-0.000000000405312	-0.0000002	-6.59848	-4.11626192	-4.25893549	-0.142673569999999	3.09287277244133E-07	-1391995283754.65	-1.3868002666387	0
-38.7	-0.000000000426984	-0.0000002	-6.58819	-4.10989211	-4.25219476	-0.14230265	3.10093452230158E-07	-1395601489152.98	-1.38682223716529	0
-38.8	-0.000000000437701	-0.0000002	-6.58222	-4.10327001	-4.24575046	-0.14248045	3.09706489556989E-07	-1399207694551.3	-1.38152181106904	0
-38.9	-0.000000000571573	-0.0000002	-6.57454	-4.09742996	-4.23956695	-0.14213699	3.10454864704817E-07	-1402813899949.63	-1.38130007036947	0
-39	-0.000000000577044	-0.0000002	-6.56358	-4.09068813	-4.23275274	-0.142064609999999	3.10613037265229E-07	-1406420105347.96	-1.37846022454983	0
-39.1	-0.000000000569499	-0.0000002	-6.55506	-4.08373191	-4.22585436	-0.14212245	3.10486626145272E-07	-1410026310746.29	-1.37437518950789	0
-39.2	-0.000000000532305	-0.0000002	-6.54696	-4.07675417	-4.21872576	-0.14197159	3.10816551395952E-07	-1413632516144.62	-1.37232582543346	0
-39.3	-0.000000000438344	-0.0000002	-6.53987	-4.06998047	-4.21204773	-0.14206726	3.10607243357829E-07	-1417238721542.94	-1.3679121110885	0
-39.4	-0.000000000483406	-0.0000002	-6.53131	-4.06393775	-4.2059104	-0.14197265	3.10814230769096E-07	-1420844926941.27	-1.365349510407	0
-39.5	-0.000000000615609	-0.0000002	-6.5229	-4.0581257	-4.19967839	-0.14155269	3.1173635767713E-07	-1424451132339.6	-1.36593340754341	0
-39.6	-0.000000000482583	-0.0000002	-6.51423	-4.05186746	-4.19344654	-0.14157908	3.11678250769818E-07	-1428057337737.93	-1.36223011700095	0
-39.7	-0.000000000442886	-0.0000002	-6.50777	-4.04579745	-4.18717176	-0.14137431	3.1212969315288E-07	-1431663543136.26	-1.36076692422782	0
-39.8	-0.000000000575268	-0.0000002	-6.50152	-4.03990707	-4.1814588	-0.14155173	3.11738471864668E-07	-1435269748534.58	-1.35564662098087	0
-39.9	-0.000000000549531	-0.0000002	-6.49117	-4.03414982	-4.17536309	-0.141213270000001	3.12485646710113E-07	-1438875953932.91	-1.35549008116012	0
-40	-0.000000000411558	-0.0000002	-6.48499	-4.02803842	-4.16915019	-0.14111177	3.12710413879721E-07	-1442482159331.24	-1.35307390621033	0
-40.1	-0.000000000502551	-0.0000002	-6.47644	-4.0218143	-4.16257924	-0.14076494	3.13480899434191E-07	-1446088364729.57	-1.3530251749989	0
-40.2	-0.00000000062052	-0.0000002	-6.46827	-4.0153154	-4.15629356	-0.14097816	3.13006780624745E-07	-1449694570127.9	-1.3476181714613	0
-40.3	-0.000000000534296	-0.0000002	-6.45978	-4.009326	-4.15004299	-0.14071699	3.13587719578139E-07	-1453300775526.23	-1.34676917169462	0
-40.4	-0.00000000046252	-0.0000002	-6.45348	-4.00296307	-4.14396769	-0.14100462	3.12948043830052E-07	-1456906980924.55	-1.34069516111504	0
-40.5	-0.000000000620854	-0.0000002	-6.44695	-3.9968433	-4.13798971	-0.14114641	3.12633668826575E-07	-1460513186322.88	-1.33604131977169	0
-40.6	-0.000000000450623	-0.0000002	-6.43969	-3.99104066	-4.13204447	-0.14100381	3.1294984156811E-07	-1464119391721.21	-1.33409841517288	0
-40.7	-0.000000000534832	-0.0000002	-6.43027	-3.9856686	-4.12625934	-0.14059074	3.138693202696E-07	-1467725597119.54	-1.33473061917709	0
-40.8	-0.000000000491679	-0.0000002	-6.42076	-3.98021693	-4.12028889	-0.14007196	3.15031787946709E-07	-1471331802517.87	-1.3363905031676	0
-40.9	-0.000000000504053	-0.0000002	-6.41604	-3.97381027	-4.11397938	-0.14016911	3.14813442134291E-07	-1474938007916.19	-1.33219906865178	0
-41	-0.000000000572622	-0.0000002	-6.40845	-3.96758861	-4.10793152	-0.14034291	3.14423578647471E-07	-1478544213314.52	-1.32730403744242	0
-41.1	-0.000000000552237	-0.0000002	-6.40173	-3.96019033	-4.10104886	-0.14085853	3.1327261472912E-07	-1482150418712.85	-1.3192277431041	0
-41.2	-0.000000000615788	-0.0000002	-6.39512	-3.95475811	-4.09549055	-0.14073244	3.13553293043168E-07	-1485756624111.18	-1.31720483447933	0
-41.3	-0.000000000599587	-0.0000002	-6.39092	-3.94961697	-4.09039931	-0.140782339999999	3.13442154747536E-07	-1489362829509.51	-1.3135497265449	0
-41.4	-0.000000000563073	-0.0000002	-6.3828	-3.94566843	-4.08592883	-0.1402604	3.14608542396855E-07	-1492969034907.83	-1.31525310366578	0
-41.5	-0.000000000540757	-0.0000002	-6.37562	-3.9405408	-4.08029808	-0.13975728	3.15741119174614E-07	-1496575240306.16	-1.31680726254473	0
-41.6	-0.000000000304508	-0.0000002	-6.3786	-3.93504406	-4.07578559	-0.14074153	3.13533041739706E-07	-1500181445704.49	-1.3044551477706	0
-41.7	-0.000000000586116	-0.0000002	-6.36446	-3.93018594	-4.07090508	-0.14071914	3.13582928377759E-07	-1503787651102.82	-1.30153401374278	0
-41.8	-0.000000000563192	-0.0000002	-6.35801	-3.92572941	-4.06676492	-0.14103551	3.12879501056153E-07	-1507393856501.15	-1.29550768747947	0
-41.9	-0.00000000052141	-0.0000002	-6.35187	-3.92172795	-4.06159009	-0.13986214	3.15504395971633E-07	-1511000061899.48	-1.3032584742724	0
-42	-0.000000000531864	-0.0000002	-6.34621	-3.91644639	-4.05644873	-0.14000234	3.15188446135972E-07	-1514606267297.8	-1.29885348682406	0
-42.1	-0.000000000538039	-0.0000002	-6.34206	-3.91189097	-4.05190943	-0.14001846	3.15152159222433E-07	-1518212472696.13	-1.29561914535077	0
-42.2	-0.00000000049963	-0.0000002	-6.33519	-3.90740499	-4.04731161	-0.139906620000001	3.15404088812951E-07	-1521818678094.46	-1.29358220894849	0
-42.3	-0.000000000599301	-0.0000002	-6.3287	-3.90289565	-4.04246167	-0.13956602	3.16173807922588E-07	-1525424883492.79	-1.29367351850486	0
-42.4	-0.000000000449121	-0.0000002	-6.32324	-3.89835157	-4.03793152	-0.13957995	3.16142253955529E-07	-1529031088891.12	-1.29049359833081	0
-42.5	-0.000000000604939	-0.0000002	-6.31821	-3.89405361	-4.03358818	-0.13953457	3.16245071024335E-07	-1532637294289.44	-1.28787585485023	0
-42.6	-0.000000000529206	-0.0000002	-6.31189	-3.88981675	-4.02940168	-0.13958493	3.16130974883893E-07	-1536243499687.77	-1.2843891178923	0
-42.7	-0.000000000633729	-0.0000002	-6.30772	-3.88603801	-4.02545822	-0.13942021	3.16504472342998E-07	-1539849705086.1	-1.28289508696045	0
-42.8	-0.000000000553775	-0.0000002	-6.30251	-3.88182427	-4.02115977	-0.1393355	3.16696893469361E-07	-1543455910484.43	-1.28067579134806	0
-42.9	-0.00000000056752	-0.0000002	-6.29571	-3.8774361	-4.016588	-0.139151899999999	3.17114750139956E-07	-1547062115882.76	-1.27937634537368	0
-43	-0.000000000506687	-0.0000002	-6.29301	-3.8725582	-4.01166513	-0.13910693	3.17217265883159E-07	-1550668321281.08	-1.2768136819984	0
-43.1	-0.000000000491571	-0.0000002	-6.28421	-3.86808936	-4.00719973	-0.13911037	3.17209421554985E-07	-1554274526679.41	-1.27381973674588	0
-43.2	-0.000000000518513	-0.0000002	-6.27961	-3.86349849	-4.00264531	-0.13914682	3.17126327428826E-07	-1557880732077.74	-1.27053817078857	0
-43.3	-0.00000000049454	-0.0000002	-6.27515	-3.85937243	-3.99860353	-0.1392311	3.1693436308411E-07	-1561486937476.07	-1.26683659076079	0
-43.4	-0.000000000599945	-0.0000002	-6.27038	-3.85554757	-3.99456773	-0.13902016	3.17415258333756E-07	-1565093142874.4	-1.26583539746712	0
-43.5	-0.000000000672114	-0.0000002	-6.2655	-3.85188968	-3.99058395	-0.13869427	3.18161089135118E-07	-1568699348272.73	-1.26589292759331	0
-43.6	-0.000000000602126	-0.0000002	-6.25984	-3.84765374	-3.98625679	-0.13860305	3.18370483189223E-07	-1572305553671.05	-1.26382072543358	0
-43.7	-0.000000000485241	-0.0000002	-6.25332	-3.84308241	-3.98174601	-0.1386636	3.18231460888077E-07	-1575911759069.38	-1.26037807956024	0
-43.8	-0.000000000592244	-0.0000002	-6.24932	-3.83866879	-3.97723516	-0.13856637	3.1845475926085E-07	-1579517964467.71	-1.25838287379156	0
-43.9	-0.000000000531054	-0.0000002	-6.24314	-3.83410668	-3.97291837	-0.13881169	3.1789195852309E-07	-1583124169866.04	-1.25329754104951	0
-44	-0.000000000579941	-0.0000002	-6.23961	-3.83012358	-3.9690401	-0.13891652	3.1765206902678E-07	-1586730375264.37	-1.24950551627667	0
-44.1	-0.000000000507104	-0.0000002	-6.23381	-3.82637938	-3.96522627	-0.13884689	3.17811367615076E-07	-1590336580662.69	-1.24729736112667	0
-44.2	-0.000000000551486	-0.0000002	-6.22892	-3.82269926	-3.96161726	-0.138918	3.17648684835658E-07	-1593942786061.02	-1.24383839345672	0
-44.3	-0.000000000661421	-0.0000002	-6.22618	-3.81935439	-3.95805851	-0.13870412	3.18138495093008E-07	-1597548991459.35	-1.2429442853955	0
-44.4	-0.000000000661564	-0.0000002	-6.2205	-3.81540245	-3.95413681	-0.13873436	3.18069150281156E-07	-1601155196857.68	-1.23987454631428	0
-44.5	-0.000000000500119	-0.0000002	-6.21656	-3.81186882	-3.95040118	-0.13853236	3.18532940606801E-07	-1604761402256.01	-1.23889216312066	0
-44.6	-0.000000000559366	-0.0000002	-6.21094	-3.8078375	-3.94622558	-0.13838808	3.18865035196673E-07	-1608367607654.33	-1.23740312037343	0
-44.7	-0.00000000066247	-0.0000002	-6.20515	-3.80387665	-3.94244995	-0.1385733	3.1843883345493E-07	-1611973813052.66	-1.23298464166854	0
-44.8	-0.00000000063417	-0.0000002	-6.20201	-3.80016077	-3.93854739	-0.13838662	3.18868399271548E-07	-1615580018450.99	-1.23189199581213	0
-44.9	-0.000000000665867	-0.0000002	-6.19727	-3.79638258	-3.93483623	-0.13845365	3.18714024512896E-07	-1619186223849.32	-1.22855328962483	0
-45	-0.00000000062952	-0.0000002	-6.19183	-3.7927173	-3.93102872	-0.13831142	3.19041768206848E-07	-1622792429247.65	-1.22708372387249	0
-45.1	-0.000000000664544	-0.0000002	-6.18784	-3.78868582	-3.92701687	-0.13833105	3.18996494279484E-07	-1626398634645.97	-1.22418917299819	0
-45.2	-0.000000000592685	-0.0000002	-6.18348	-3.78480739	-3.92324938	-0.13844199	3.18740867564819E-07	-1630004840044.3	-1.22050196055283	0
-45.3	-0.000000000536883	-0.0000002	-6.17871	-3.78118026	-3.91981393	-0.13863367	3.18300164743529E-07	-1633611045442.63	-1.21612391012556	0
-45.4	-0.000000000552344	-0.0000002	-6.17543	-3.77806268	-3.91668363	-0.13862095	3.18329372291851E-07	-1637217250840.96	-1.21355657007229	0
-45.5	-0.000000000700808	-0.0000002	-6.17246	-3.77501753	-3.91353907	-0.13852154	3.18557821404526E-07	-1640823456239.29	-1.21175840770953	0
-45.6	-0.000000000669765	-0.0000002	-6.16774	-3.77169176	-3.91016611	-0.13847435	3.18666381174564E-07	-1644429661637.62	-1.20951308644192	0
-45.7	-0.00000000065136	-0.0000002	-6.16411	-3.76838563	-3.90676003	-0.1383744	3.18896558901068E-07	-1648035867035.94	-1.20773818806161	0
-45.8	-0.000000000689054	-0.0000002	-6.16003	-3.76512161	-3.90334788	-0.13822627	3.19238303977963E-07	-1651642072434.27	-1.20639265023584	0
-45.9	-0.000000000634575	-0.0000002	-6.15509	-3.76179825	-3.90006851	-0.13827026	3.19136739888968E-07	-1655248277832.6	-1.20338137213035	0
-46	-0.000000000636077	-0.0000002	-6.15172	-3.75869296	-3.89669305	-0.13800009	3.19761530590306E-07	-1658854483230.93	-1.20311612680299	0
-46.1	-0.000000000561392	-0.0000002	-6.14633	-3.7549788	-3.89299856	-0.13801976	3.19715959511884E-07	-1662460688629.26	-1.20033523928206	0
-46.2	-0.000000000707364	-0.0000002	-6.14278	-3.75169858	-3.88951173	-0.13781315	3.2019527889755E-07	-1666066894027.58	-1.19953276310271	0
-46.3	-0.000000000673711	-0.0000002	-6.13889	-3.74815183	-3.88608353	-0.1379317	3.19920076385631E-07	-1669673099425.91	-1.19591322789113	0
-46.4	-0.000000000520086	-0.0000002	-6.13577	-3.74483886	-3.88275098	-0.13791212	3.19965496868586E-07	-1673279304824.24	-1.19350525191366	0
-46.5	-0.000000000705087	-0.0000002	-6.13153	-3.74165418	-3.87975929	-0.13810511	3.1951837263661E-07	-1676885510222.57	-1.1892743398385	0
-46.6	-0.000000000629461	-0.0000002	-6.12805	-3.73846572	-3.87660077	-0.13813505	3.19449118815247E-07	-1680491715620.9	-1.18646503356604	0
-46.7	-0.000000000637889	-0.0000002	-6.12543	-3.73569732	-3.87381882	-0.1381215	3.19480457423355E-07	-1684097921019.22	-1.18404056860904	0
-46.8	-0.000000000729704	-0.0000002	-6.12023	-3.7326279	-3.8707428	-0.1381149	3.19495724212233E-07	-1687704126417.55	-1.1815670274121	0
-46.9	-0.000000000737023	-0.0000002	-6.11492	-3.72937465	-3.86730817	-0.13793352	3.19915855116291E-07	-1691310331815.88	-1.18059812040619	0
-47	-0.000000000733829	-0.0000002	-6.11447	-3.72623242	-3.86410978	-0.13787736	3.20046162763778E-07	-1694916537214.21	-1.17856606582406	0
-47.1	-0.000000000655639	-0.0000002	-6.10932	-3.7230445	-3.86107358	-0.13802908	3.196943716498E-07	-1698522742612.54	-1.17477108641524	0
-47.2	-0.0000000006531	-0.0000002	-6.10774	-3.72068171	-3.85887589	-0.13819418	3.19312434141582E-07	-1702128948010.86	-1.17088164409804	0
-47.3	-0.000000000615013	-0.0000002	-6.10372	-3.71813602	-3.85618789	-0.13805187	3.19641595582878E-07	-1705735153409.19	-1.16961065223853	0
-47.4	-0.000000000685453	-0.0000002	-6.09952	-3.71525132	-3.8531696	-0.13791828	3.19951205888008E-07	-1709341358807.52	-1.16827363396303	0
-47.5	-0.000000000763071	-0.0000002	-6.0967	-3.71228869	-3.85018077	-0.13789208	3.20011997788415E-07	-1712947564205.85	-1.16603561947196	0
-47.6	-0.000000000677812	-0.0000002	-6.09395	-3.70975462	-3.84767312	-0.1379185	3.19950695519455E-07	-1716553769604.18	-1.1633630654796	0
-47.7	-0.000000000777793	-0.0000002	-6.09163	-3.70743196	-3.84545825	-0.13802629	3.19700833804922E-07	-1720159975002.51	-1.16001753920509	0
-47.8	-0.000000000713193	-0.0000002	-6.08929	-3.70507117	-3.84308031	-0.13800914	3.19740562110597E-07	-1723766180400.83	-1.1577345747487	0
-47.9	-0.000000000728965	-0.0000002	-6.08574	-3.70263639	-3.84072884	-0.13809245	3.19547665350277E-07	-1727372385799.16	-1.15462059906556	0
-48	-0.000000000758398	-0.0000002	-6.08341	-3.70064073	-3.83865366	-0.13801293	3.19731781652632E-07	-1730978591197.49	-1.15287902038209	0
-48.1	-0.000000000769114	-0.0000002	-6.08006	-3.69872228	-3.83676237	-0.13804009	3.19668873006385E-07	-1734584796595.82	-1.15025582002937	0
-48.2	-0.000000000709522	-0.0000002	-6.07934	-3.69701653	-3.83533182	-0.13831529	3.19032841560756E-07	-1738191001994.15	-1.14558553066023	0
-48.3	-0.000000000691164	-0.0000002	-6.07509	-3.69445375	-3.83296771	-0.13851396	3.18575254075474E-07	-1741797207392.47	-1.14157401125946	0
-48.4	-0.000000000870776	-0.0000002	-6.07122	-3.69178491	-3.830279	-0.13849409	3.18620960648934E-07	-1745403412790.8	-1.13937883258122	0
-48.5	-0.000000000674081	-0.0000002	-6.06857	-3.68879871	-3.82667432	-0.13787561	3.20050224981779E-07	-1749009618189.13	-1.14213006535924	0
-48.6	-0.000000000847745	-0.0000002	-6.06427	-3.68625022	-3.82395441	-0.13770419	3.20448637038568E-07	-1752615823587.46	-1.14119884985245	0
-48.7	-0.00000000069865	-0.0000002	-6.06315	-3.68354216	-3.82124331	-0.13770115	3.20455711517297E-07	-1756222028985.79	-1.13888066800493	0
-48.8	-0.000000000822687	-0.0000002	-6.06041	-3.68120718	-3.81862485	-0.13741767	3.21116782143082E-07	-1759828234384.11	-1.13889148773949	0
-48.9	-0.000000000831187	-0.0000002	-6.05664	-3.67887681	-3.81639128	-0.13751447	3.20890739716337E-07	-1763434439782.44	-1.13576241051087	0
-49	-0.00000000079689	-0.0000002	-6.05326	-3.67673076	-3.81418928	-0.13745852	3.21021352477824E-07	-1767040645180.77	-1.13390587609906	0
-49.1	-0.000000000770891	-0.0000002	-6.05002	-3.6738256	-3.81118771	-0.13736211	3.21246666930203E-07	-1770646850579.1	-1.13239072629321	0
-49.2	-0.000000000738609	-0.0000002	-6.04815	-3.67094165	-3.8087611	-0.13781945	3.20180642137231E-07	-1774253055977.43	-1.12633903190865	0
-49.3	-0.00000000083034	-0.0000002	-6.04569	-3.66869699	-3.80619727	-0.13750028	3.20923855573239E-07	-1777859261375.75	-1.12666355911966	0
-49.4	-0.000000000838912	-0.0000002	-6.0425	-3.66593487	-3.80346554	-0.13753067	3.20852941383911E-07	-1781465466774.08	-1.12413441001838	0
-49.5	-0.000000000846314	-0.0000002	-6.04021	-3.66359044	-3.80117117	-0.13758073	3.20736196122815E-07	-1785071672172.41	-1.12145523119865	0
-49.6	-0.000000000871766	-0.0000002	-6.03682	-3.66094178	-3.79829916	-0.13735738	3.21257729289828E-07	-1788677877570.74	-1.1210140987936	0
-49.7	-0.000000000837553	-0.0000002	-6.03243	-3.6583115	-3.79557922	-0.13726772	3.21467567174569E-07	-1792284082969.07	-1.11948928361365	0
-49.8	-0.000000000728047	-0.0000002	-6.02998	-3.65561771	-3.79287902	-0.13726131	3.21482579468315E-07	-1795890288367.4	-1.11729348749414	0
-49.9	-0.000000000772834	-0.0000002	-6.0283	-3.65280798	-3.79009648	-0.1372885	3.21418909814005E-07	-1799496493765.72	-1.11483358575846	0
-50	-0.00000000085392	-0.0000002	-6.02555	-3.65065886	-3.78811138	-0.13745252	3.21035365521127E-07	-1803102699164.05	-1.11127626526544	0
