0 3.81744e-10 0 0 -0.14826037 -0.18997665 0.041716278 0 0 0 0
-0.1 3.3685e-10 0 0 -0.27304024 -0.13898376 -0.13405648 0 -3.6062054e+09 0 0
-0.2 3.11971e-10 0 0 -0.0041157759 -0.46087721 0.45676143 0 -7.2124108e+09 0 0
-0.3 2.79701e-10 0 0 -0.34834482 -0.1709798 -0.17736502 0 -1.0818616e+10 0 0
-0.4 2.88701e-10 0 0 -0.56345965 0.0026257136 -0.56608537 0 -1.4424822e+10 0 0
-0.5 2.49732e-10 0 0 -0.68283749 0.079392278 -0.76222977 0 -1.8031027e+10 0 0
-0.6 2.80142e-10 0 0 -0.75936928 0.14424554 -0.90361481 0 -2.1637232e+10 0 0
-0.7 3.08561e-10 0 0 -0.37870999 -0.25687716 -0.12183283 0 -2.5243438e+10 0 0
-0.8 2.14934e-10 0 0 -0.42080929 -0.23984395 -0.18096535 0 -2.8849643e+10 0 0
-0.9 2.75528e-10 0 0 -0.5349009 -0.18975764 -0.34514326 0 -3.2455849e+10 0 0
-1 3.14713e-10 0 0 -0.67965745 -0.089700582 -0.58995687 0 -3.6062054e+10 0 0
-1.1 2.10059e-10 0 0 -0.40930688 -0.40580485 -0.003502038 0 -3.9668259e+10 0 0
-1.2 2.40946e-10 0 0 -0.73288468 -0.078671464 -0.65421321 0 -4.3274465e+10 0 0
-1.3 2.18785e-10 0 0 -0.87015133 0.095343024 -0.96549436 0 -4.688067e+10 0 0
-1.4 2.25711e-10 0 0 -0.034346789 -0.7233933 0.68904651 0 -5.0486876e+10 0 0
-1.5 2.56836e-10 0 0 -0.005641726 -0.76996314 0.76432141 0 -5.4093081e+10 0 0
-1.6 2.01881e-10 0 0 -0.37853154 -0.38629297 0.007761428 0 -5.7699286e+10 0 0
-1.7 2.90799e-10 0 0 -0.45837373 -0.28698713 -0.1713866 0 -6.1305492e+10 0 0
-1.8 2.2732e-10 0 0 -0.65939412 -0.14352321 -0.51587091 0 -6.4911697e+10 0 0
-1.9 2.36106e-10 0 0 -0.38934196 -0.45366576 0.064323801 0 -6.8517903e+10 0 0
-2 1.76179e-10 0 0 -0.69890834 -0.12621519 -0.57269315 0 -7.2124108e+10 0 0
-2.1 1.83225e-10 0 0 -0.82434578 0.01795615 -0.84230193 0 -7.5730313e+10 0 0
-2.2 1.88935e-10 0 0 -0.41593625 -0.36660394 -0.049332308 0 -7.9336519e+10 0 0
-2.3 2.94793e-10 0 0 -0.4174707 -0.34742679 -0.070043912 0 -8.2942724e+10 0 0
-2.4 1.59645e-10 0 0 -0.47577701 -0.28312964 -0.19264737 0 -8.654893e+10 0 0
-2.5 1.42872e-10 0 0 -0.19807257 -0.56497247 0.3668999 0 -9.0155135e+10 0 0
-2.6 1.44851e-10 0 0 -0.54875798 -0.22828551 -0.32047247 0 -9.376134e+10 0 0
-2.7 2.60878e-10 0 0 -0.77906301 -0.040726445 -0.73833657 0 -9.7367546e+10 0 0
-2.8 2.76518e-10 0 0 -0.5156627 -0.32808414 -0.18757856 0 -1.0097375e+11 0 0
-2.9 -1.14441e-12 0 0 -0.78959626 -0.10739835 -0.68219792 0 -1.0457996e+11 0 0
-3 2.23756e-10 0 0 -0.53383385 -0.3616231 -0.17221075 0 -1.0818616e+11 0 0
-3.1 2.39122e-10 0 0 -0.55448061 -0.34893081 -0.2055498 0 -1.1179237e+11 0 0
-3.2 2.36702e-10 0 0 -0.30563549 -0.60291473 0.29727924 0 -1.1539857e+11 0 0
-3.3 -1.0221e-10 0 0 -0.6034515 -0.35752555 -0.24592595 0 -1.1900478e+11 0 0
-3.4 2.94876e-10 0 0 -0.59292008 -0.41462338 -0.1782967 0 -1.2261098e+11 0 0
-3.5 -1.70136e-10 0 0 -0.71212299 -0.30936132 -0.40276166 0 -1.2621719e+11 0 0
-3.6 3.1749e-10 0 0 -0.66638754 -0.36956088 -0.29682666 0 -1.2982339e+11 0 0
-3.7 -2.63023e-10 0 0 -0.7433743 -0.30914425 -0.43423006 0 -1.334296e+11 0 0
-3.8 2.74408e-10 0 0 -0.88937672 -0.16357282 -0.72580391 0 -1.3703581e+11 0 0
-3.9 3.74055e-10 0 0 -0.52252126 -0.49824629 -0.024274976 0 -1.4064201e+11 0 0
-4 -5.40519e-10 0 0 -0.71311811 -0.31631814 -0.39679997 0 -1.4424822e+11 0 0
-4.1 3.50785e-10 0 0 -0.88249368 -0.18393067 -0.69856301 0 -1.4785442e+11 0 0
-4.2 4.13048e-10 0 0 -0.90573817 -0.17312512 -0.73261306 0 -1.5146063e+11 0 0
-4.3 4.23098e-10 0 0 -0.94160559 -0.2112354 -0.73037018 0 -1.5506683e+11 0 0
-4.4 3.43192e-10 0 0 -0.98386786 -0.243965 -0.73990286 0 -1.5867304e+11 0 0
-4.5 3.67701e-10 0 0 -0.76355867 -0.48231901 -0.28123966 0 -1.6227924e+11 0 0
-4.6 5.7205e-10 0 0 -0.52899246 -0.76098185 0.23198939 0 -1.6588545e+11 0 0
-4.7 -1.04657e-09 0 0 -0.70965998 -0.6323054 -0.077354585 0 -1.6949165e+11 0 0
-4.8 5.85926e-10 0 0 -0.90537493 -0.47326695 -0.43210798 0 -1.7309786e+11 0 0
-4.9 5.7435e-10 0 0 -0.93223934 -0.51951288 -0.41272646 0 -1.7670406e+11 0 0
-5 6.44314e-10 0 0 -1.1878767 -0.3429443 -0.84493242 0 -1.8031027e+11 0 0
-5.1 5.02038e-10 0 0 -1.0571172 -0.61860482 -0.43851236 0 -1.8391648e+11 0 0
-5.2 7.52246e-10 0 0 -0.91504587 -0.9542123 0.039166424 0 -1.8752268e+11 0 0
-5.3 1.0078e-09 0 0 -0.90411721 -1.1775479 0.27343067 0 -1.9112889e+11 0 0
-5.4 5.30732e-10 0 0 -0.95637599 -1.3499018 0.39352582 0 -1.9473509e+11 0 0
-5.5 6.29878e-10 0 0 -1.0702291 -1.4688527 0.39862361 0 -1.983413e+11 0 0
-5.6 -9.99379e-10 0 0 -1.2421253 -1.5667523 0.324627 0 -2.019475e+11 0 0
-5.7 -1.10373e-09 0 0 -1.4744343 -1.572496 0.09806172 0 -2.0555371e+11 0 0
-5.8 -1.16885e-09 0 0 -2.0940944 -1.2144849 -0.87960953 0 -2.0915991e+11 0 0
-5.9 5.5728e-10 0 0 -2.1360421 -1.4554679 -0.68057418 0 -2.1276612e+11 0 0
-6 2.29418e-10 0 0 -2.136589 -1.7383749 -0.39821407 0 -2.1637232e+11 0 0
-6.1 1.35767e-10 0 0 -2.1385301 -1.9977409 -0.1407892 0 -2.1997853e+11 0 0
-6.2 7.02143e-11 0 0 -2.1884416 -2.2355953 0.04715367 0 -2.2358473e+11 0 0
-6.3 1.12844e-10 0 0 -2.3140882 -2.4218971 0.10780893 0 -2.2719094e+11 0 0
-6.4 1.83761e-10 0 0 -2.4074079 -2.5514924 0.14408446 0 -2.3079715e+11 0 0
-6.5 2.3818e-11 0 0 -2.5197121 -2.6817165 0.16200439 0 -2.3440335e+11 0 0
-6.6 2.77758e-11 0 0 -2.6647683 -2.8293299 0.1645616 0 -2.3800956e+11 0 0
-6.7 9.21845e-11 0 0 -2.8069789 -2.9628377 0.15585887 0 -2.4161576e+11 0 0
-6.8 -8.82149e-13 0 0 -2.9466237 -3.086504 0.13988038 0 -2.4522197e+11 0 0
-6.9 1.67787e-10 0 0 -3.099758 -3.2207214 0.12096343 0 -2.4882817e+11 0 0
-7 9.24826e-11 0 0 -3.2430018 -3.3451255 0.10212362 0 -2.5243438e+11 0 0
-7.1 1.1853e-10 0 0 -3.3684324 -3.4543868 0.0859544 0 -2.5604058e+11 0 0
-7.2 1.28031e-11 0 0 -3.4708699 -3.5436014 0.0727315 0 -2.5964679e+11 0 0
-7.3 8.38041e-11 0 0 -3.5563697 -3.617962 0.06159237 0 -2.6325299e+11 0 0
-7.4 1.35159e-10 0 0 -3.6344375 -3.6859439 0.05150645 0 -2.668592e+11 0 0
-7.5 4.00662e-11 0 0 -3.708091 -3.7503759 0.04228493 0 -2.704654e+11 0 0
-7.6 8.18491e-11 0 0 -3.77886 -3.813212 0.034352 0 -2.7407161e+11 0 0
-7.7 1.47188e-10 0 0 -3.848012 -3.87556 0.02754798 0 -2.7767782e+11 0 0
-7.8 1.05286e-10 0 0 -3.9166229 -3.9382256 0.02160268 0 -2.8128402e+11 0 0
-7.9 1.60265e-10 0 0 -3.9858771 -4.0013507 0.01547361 0 -2.8489023e+11 0 0
-8 1.64175e-10 0 0 -4.0554759 -4.0658461 0.01037021 0 -2.8849643e+11 0 0
-8.1 6.16074e-11 0 0 -4.1258285 -4.1313994 0.00557094 0 -2.9210264e+11 0 0
-8.2 1.52528e-10 0 0 -4.1965371 -4.1980339 0.00149679 0 -2.9570884e+11 0 0
-8.3 1.78254e-10 0 0 -4.2677512 -4.2652602 -0.00249103 0 -2.9931505e+11 0 0
-8.4 7.92503e-11 0 0 -4.3389701 -4.3333984 -0.00557172 0 -3.0292125e+11 0 0
-8.5 1.39642e-10 0 0 -4.4107979 -4.4016126 -0.00918531 0 -3.0652746e+11 0 0
-8.6 1.67036e-10 0 0 -4.4825325 -4.470416 -0.01211651 0 -3.1013366e+11 0 0
-8.7 3.95298e-11 0 0 -4.5547441 -4.5390702 -0.01567387 0 -3.1373987e+11 0 0
-8.8 1.60611e-10 0 0 -4.6273635 -4.6074274 -0.0199361 0 -3.1734608e+11 0 0
-8.9 8.21471e-11 0 0 -4.6994716 -4.6762373 -0.02323432 0 -3.2095228e+11 0 0
-9 1.10769e-10 0 0 -4.7713215 -4.7450836 -0.02623795 0 -3.2455849e+11 0 0
-9.1 1.77431e-10 0 0 -4.8430536 -4.8135432 -0.02951038 0 -3.2816469e+11 0 0
-9.2 1.0339e-10 0 0 -4.9143141 -4.8821241 -0.03218992 0 -3.317709e+11 0 0
-9.3 1.48845e-10 0 0 -4.9852304 -4.950403 -0.03482738 0 -3.353771e+11 0 0
-9.4 1.4956e-10 0 0 -5.0556908 -5.0185202 -0.03717066 0 -3.3898331e+11 0 0
-9.5 1.17564e-10 0 0 -5.1258929 -5.0859855 -0.03990744 0 -3.4258951e+11 0 0
-9.6 1.23441e-10 0 0 -5.1955562 -5.1529922 -0.04256396 0 -3.4619572e+11 0 0
-9.7 4.28438e-11 0 0 -5.2646709 -5.2196288 -0.04504211 0 -3.4980192e+11 0 0
-9.8 1.28102e-10 0 0 -5.3332411 -5.2862521 -0.04698904 0 -3.5340813e+11 0 0
-9.9 6.13928e-11 0 0 -5.401938 -5.3521411 -0.04979685 0 -3.5701433e+11 0 0
-10 1.05548e-10 0 0 -5.4698328 -5.4185569 -0.0512759 0 -3.6062054e+11 0 0
-10.1 9.62257e-11 0 0 -5.5384039 -5.4841615 -0.05424241 0 -3.6422675e+11 0 0
-10.2 8.42333e-11 0 0 -5.6068405 -5.5500506 -0.05678988 0 -3.6783295e+11 0 0
-10.3 1.61767e-10 0 0 -5.6751676 -5.6159356 -0.05923196 0 -3.7143916e+11 0 0
-10.4 9.38296e-11 0 0 -5.7425835 -5.6819362 -0.06064733 0 -3.7504536e+11 0 0
-10.5 1.3324e-10 0 0 -5.8090509 -5.7478923 -0.06115861 0 -3.7865157e+11 0 0
-10.6 -9.98974e-12 0 0 -5.8760861 -5.8124306 -0.06365548 0 -3.8225777e+11 0 0
-10.7 6.37412e-11 0 0 -5.9430663 -5.8762325 -0.0668338 0 -3.8586398e+11 0 0
-10.8 1.78397e-10 0 0 -6.0089815 -5.939836 -0.0691455 0 -3.8947018e+11 0 0
-10.9 4.90189e-11 0 0 -6.0744133 -6.0024285 -0.0719848 0 -3.9307639e+11 0 0
-11 6.41584e-11 0 0 -6.1387265 -6.0649257 -0.07380074 0 -3.9668259e+11 0 0
-11.1 2.36869e-11 0 0 -6.2029105 -6.1264731 -0.07643744 0 -4.002888e+11 0 0
-11.2 1.1251e-10 0 0 -6.2661522 -6.188139 -0.07801322 0 -4.03895e+11 0 0
-11.3 -1.06335e-11 0 0 -6.3275925 -6.2500177 -0.07757481 0 -4.0750121e+11 0 0
-11.4 6.94156e-11 0 0 -6.388778 -6.3108646 -0.07791338 0 -4.1110742e+11 0 0
-11.5 1.53744e-10 0 0 -6.4501816 -6.3698966 -0.08028502 0 -4.1471362e+11 0 0
-11.6 2.99096e-11 0 0 -6.5107483 -6.4288276 -0.08192068 0 -4.1831983e+11 0 0
-11.7 6.29783e-11 0 0 -6.5713707 -6.4875858 -0.0837849 0 -4.2192603e+11 0 0
-11.8 1.7941e-10 0 0 -6.6311677 -6.5466549 -0.08451285 0 -4.2553224e+11 0 0
-11.9 1.70743e-10 0 0 -6.6913676 -6.6048716 -0.086496 0 -4.2913844e+11 0 0
-12 5.7745e-11 0 0 -6.7515442 -6.6624004 -0.08914372 0 -4.3274465e+11 0 0
-12.1 9.28879e-11 0 0 -6.8113862 -6.7195697 -0.09181655 0 -4.3635085e+11 0 0
-12.2 8.64744e-11 0 0 -6.8700814 -6.7769543 -0.09312709 0 -4.3995706e+11 0 0
-12.3 -8.30293e-11 0 0 -6.9276634 -6.8333638 -0.09429957 0 -4.4356326e+11 0 0
-12.4 -6.13093e-11 0 0 -6.9843527 -6.8876913 -0.09666136 0 -4.4716947e+11 0 0
-12.5 -1.53065e-11 0 0 -7.0391604 -6.9412356 -0.09792485 0 -4.5077567e+11 0 0
-12.6 3.20196e-11 0 0 -7.0942656 -6.991456 -0.10280966 0 -4.5438188e+11 0 0
-12.7 2.17199e-11 0 0 -7.1464241 -7.0414576 -0.10496648 0 -4.5798809e+11 0 0
-12.8 -4.10318e-11 0 0 -7.1956505 -7.0910848 -0.10456567 0 -4.6159429e+11 0 0
-12.9 -5.55634e-11 0 0 -7.244857 -7.1378613 -0.10699574 0 -4.652005e+11 0 0
-13 -3.75152e-11 0 0 -7.2924509 -7.1843762 -0.10807469 0 -4.688067e+11 0 0
-13.1 2.48075e-11 0 0 -7.3406985 -7.2287617 -0.11193681 0 -4.7241291e+11 0 0
-13.2 -5.54323e-12 0 0 -7.3862794 -7.2749893 -0.11129013 0 -4.7601911e+11 0 0
-13.3 -7.46489e-11 0 0 -7.4308122 -7.3215532 -0.10925899 0 -4.7962532e+11 0 0
-13.4 -6.39796e-11 0 0 -7.4752556 -7.3681255 -0.1071301 0 -4.8323152e+11 0 0
-13.5 -1.94669e-11 0 0 -7.521823 -7.4116754 -0.11014762 0 -4.8683773e+11 0 0
-13.6 1.46627e-12 0 0 -7.5671349 -7.456199 -0.11093593 0 -4.9044393e+11 0 0
-13.7 1.13392e-10 0 0 -7.6127227 -7.4992138 -0.11350889 0 -4.9405014e+11 0 0
-13.8 4.92454e-11 0 0 -7.6558028 -7.5426493 -0.11315349 0 -4.9765634e+11 0 0
-13.9 1.58906e-11 0 0 -7.6998982 -7.5832681 -0.11663011 0 -5.0126255e+11 0 0
-14 1.24729e-10 0 0 -7.7436155 -7.622351 -0.12126451 0 -5.0486876e+11 0 0
-14.1 5.88298e-11 0 0 -7.7864748 -7.6606806 -0.12579418 0 -5.0847496e+11 0 0
-14.2 5.90205e-11 0 0 -7.8267043 -7.6990518 -0.1276525 0 -5.1208117e+11 0 0
-14.3 2.00987e-11 0 0 -7.8658425 -7.7351276 -0.13071489 0 -5.1568737e+11 0 0
-14.4 1.07956e-10 0 0 -7.9019517 -7.7706369 -0.13131481 0 -5.1929358e+11 0 0
-14.5 1.82521e-10 0 0 -7.9370242 -7.8055696 -0.13145465 0 -5.2289978e+11 0 0
-14.6 2.00272e-11 0 0 -7.9724798 -7.838953 -0.13352675 0 -5.2650599e+11 0 0
-14.7 -3.01123e-10 0 0 -8.0045115 -7.8766421 -0.12786943 0 -5.3011219e+11 0 0
-14.8 -9.89199e-11 0 0 -8.0405241 -7.9108745 -0.12964967 0 -5.337184e+11 0 0
-14.9 1.54972e-11 0 0 -8.0769338 -7.9446051 -0.13232869 0 -5.373246e+11 0 0
-15 7.09891e-11 0 0 -8.1129473 -7.9786721 -0.13427527 0 -5.4093081e+11 0 0
-15.1 3.46899e-12 0 0 -8.1483241 -8.0129605 -0.13536357 0 -5.4453702e+11 0 0
-15.2 -2.17915e-11 0 0 -8.1829117 -8.0473885 -0.1355232 0 -5.4814322e+11 0 0
-15.3 7.66516e-11 0 0 -8.215483 -8.0824196 -0.13306335 0 -5.5174943e+11 0 0
-15.4 1.03521e-10 0 0 -8.2493113 -8.1149586 -0.1343527 0 -5.5535563e+11 0 0
-15.5 -8.62479e-11 0 0 -8.2859108 -8.1442581 -0.14165271 0 -5.5896184e+11 0 0
-15.6 4.02808e-11 0 0 -8.3205845 -8.1752167 -0.14536775 0 -5.6256804e+11 0 0
-15.7 9.63926e-11 0 0 -8.3564496 -8.2047068 -0.15174271 0 -5.6617425e+11 0 0
-15.8 -1.66476e-10 0 0 -8.3881249 -8.238463 -0.14966187 0 -5.6978045e+11 0 0
-15.9 -6.97494e-11 0 0 -8.4207839 -8.2702883 -0.15049563 0 -5.7338666e+11 0 0
-16 2.77758e-11 0 0 -8.4527757 -8.3023356 -0.15044017 0 -5.7699286e+11 0 0
-16.1 1.266e-11 0 0 -8.4854883 -8.3311854 -0.1543029 0 -5.8059907e+11 0 0
-16.2 -2.90632e-11 0 0 -8.5163843 -8.3600297 -0.15635456 0 -5.8420527e+11 0 0
-16.3 1.99676e-11 0 0 -8.5460676 -8.3884876 -0.15757999 0 -5.8781148e+11 0 0
-16.4 9.41038e-11 0 0 -8.5761477 -8.4157145 -0.16043321 0 -5.9141769e+11 0 0
-16.5 -9.66787e-11 0 0 -8.6044073 -8.4442747 -0.16013266 0 -5.9502389e+11 0 0
-16.6 -1.63412e-10 0 0 -8.6325311 -8.4719808 -0.16055031 0 -5.986301e+11 0 0
-16.7 1.47545e-10 0 0 -8.664111 -8.4953457 -0.16876526 2.4293684e-09 -6.022363e+11 0 0
-16.8 -1.45841e-10 0 0 -8.6883459 -8.5236129 -0.16473305 4.7910092e-09 -6.0584251e+11 0 0
-16.9 2.22552e-10 0 0 -8.7142674 -8.5497078 -0.16455963 4.7910092e-09 -6.0944871e+11 0 0
-17 -3.91126e-11 0 0 -8.7392825 -8.575665 -0.16361746 7.1275431e-09 -6.1305492e+11 0 0
-17.1 -4.81248e-11 0 0 -8.7642602 -8.5975343 -0.16672591 9.585512e-09 -6.1666112e+11 0 0
-17.2 -2.34485e-11 0 0 -8.7829911 -8.614475 -0.16851609 1.268769e-08 -6.2026733e+11 0 0
-17.3 -1.0252e-10 0 0 -8.7832794 -8.6156946 -0.16758482 5.9356143e-08 -6.2387353e+11 0 0
-17.4 -4.41194e-11 0 0 -8.7363064 -8.5652342 -0.17107225 5.7780777e-08 -6.2747974e+11 0 0
-17.5 -1.65272e-10 0 0 -8.5991615 -8.4317306 -0.16743095 5.6821799e-08 -6.3108594e+11 0 0
-17.6 -3.95775e-11 0 0 -8.3768628 -8.2034673 -0.17339558 5.578334e-08 -6.3469215e+11 0 0
-17.7 7.02381e-11 -4e-08 -50.2245 -8.0863185 -7.9133277 -0.17299076 5.359275e-08 -6.3829836e+11 -0.49885987 0
-17.8 -2.90751e-11 -4e-08 -49.9491 -7.7762639 -7.5983121 -0.17795182 6.3183733e-08 -6.4190456e+11 -0.48222787 0
-17.9 -3.16846e-10 0 0 -7.461006 -7.2803554 -0.1806506 7.2296198e-08 -6.4551077e+11 0 0
-18 -2.76268e-10 -4e-08 -48.8225 -7.1405829 -6.9607189 -0.17986398 8.094763e-08 -6.4911697e+11 -0.47180011 0
-18.1 -8.52346e-10 -4e-08 -40.2596 -6.8128572 -6.6418793 -0.17097787 8.9703354e-08 -6.5272318e+11 -0.49357854 0
-18.2 -1.00806e-09 -4e-08 -28.7287 -6.4698845 -6.3344125 -0.135472 9.7906523e-08 -6.5632938e+11 -0.61951784 0
-18.3 -1.91556e-09 -4e-08 -16.4351 -6.0795834 -6.0705782 -0.00900519 1.0613583e-07 -6.5993559e+11 -9.268955 0
-18.4 -3.39857e-09 -4e-08 -10.1211 -5.6129724 -5.879741 0.26676867 1.1438061e-07 -6.6354179e+11 0.31118747 0
-18.5 -3.01902e-09 -4e-08 -6.27592 -5.1968745 -5.6351099 0.43823542 1.2297475e-07 -6.67148e+11 0.18840635 0
-18.6 -5.29277e-10 -4e-08 -6.04195 -4.8819952 -5.2866895 0.40469425 1.313942e-07 -6.707542e+11 0.20292463 0
-18.7 -5.85532e-10 -4e-08 -5.97369 -4.655373 -4.8472201 0.19184706 1.396829e-07 -6.7436041e+11 0.42577288 0
-18.8 -4.20904e-10 -4e-08 -5.89945 -4.4385938 -4.3947757 -0.04381806 1.4604856e-07 -6.7796661e+11 -1.8542306 0
-18.9 -7.08032e-10 -4e-08 -5.81447 -4.1034417 -4.0573226 -0.04611906 1.522907e-07 -6.8157282e+11 -1.752397 0
-19 -2.98893e-10 -4e-08 -5.76258 -3.7657973 -3.7172206 -0.04857673 1.6161443e-07 -6.8517903e+11 -1.6549804 0
-19.1 -5.42045e-10 -4e-08 -5.69951 -3.4246418 -3.3766436 -0.04799812 1.6848928e-07 -6.8878523e+11 -1.6661617 0
-19.2 -4.4415e-10 -4e-08 -5.68487 -3.0852815 -3.0340503 -0.05123121 1.7529776e-07 -6.9239144e+11 -1.5528836 0
-19.3 -3.81076e-10 -4e-08 -5.62967 -2.7476319 -2.6965634 -0.05106852 1.8123569e-07 -6.9599764e+11 -1.549759 0
-19.4 -4.39549e-10 -4e-08 -5.58787 -2.4250812 -2.3741086 -0.0509726 1.4346713e-07 -6.9960385e+11 -1.5446718 0
-19.5 -4.14491e-10 -4e-08 -5.56504 -2.1489423 -2.1000417 -0.04890058 1.5413439e-07 -7.0321005e+11 -1.6018658 0
-19.6 -4.40991e-10 -4e-08 -5.50261 -1.9586638 -1.9087486 -0.04991518 1.6453138e-07 -7.0681626e+11 -1.5612988 0
-19.7 -4.74918e-10 -4e-08 -5.45952 -1.855304 -1.8046014 -0.05070253 1.7523468e-07 -7.1042246e+11 -1.5292514 0
-19.8 -4.7158e-10 -4e-08 -5.40821 -1.8126581 -1.7648744 -0.04778365 1.8714318e-07 -7.1402867e+11 -1.6144709 0
-19.9 -4.52662e-10 -4e-08 -5.35703 -1.7915143 -1.7426685 -0.04884578 1.8747375e-07 -7.1763487e+11 -1.5714285 0
-20 -4.99952e-10 -4e-08 -5.30796 -1.769554 -1.7244799 -0.04507404 1.8807026e-07 -7.2124108e+11 -1.6944091 0
-20.1 -4.89306e-10 -4e-08 -5.24645 -1.7512614 -1.7056376 -0.0456238 1.8953061e-07 -7.2484729e+11 -1.6656634 0
-20.2 -3.77226e-10 -4e-08 -5.22763 -1.7335455 -1.6881928 -0.04535265 1.906003e-07 -7.2845349e+11 -1.6673267 0
-20.3 -4.23396e-10 -4e-08 -5.19641 -1.7173283 -1.6708401 -0.04648822 1.9221732e-07 -7.320597e+11 -1.618586 0
-20.4 -5.63061e-10 -4e-08 -5.17551 -1.7015073 -1.6542867 -0.04722058 1.9404185e-07 -7.356659e+11 -1.5856716 0
-20.5 -3.07965e-10 -4e-08 -5.13225 -1.685581 -1.6393575 -0.04622343 1.95793e-07 -7.3927211e+11 -1.6119765 0
-20.6 -4.31752e-10 -4e-08 -5.10847 -1.6700104 -1.6254821 -0.04452824 1.9777825e-07 -7.4287831e+11 -1.6652214 0
-20.7 -4.71354e-10 -4e-08 -5.0727 -1.6552174 -1.6117342 -0.04348319 1.9994626e-07 -7.4648452e+11 -1.6970045 0
-20.8 -3.72648e-10 -4e-08 -5.0536 -1.6413165 -1.5980708 -0.04324575 2.0251082e-07 -7.5009072e+11 -1.6981184 0
-20.9 -4.58014e-10 -4e-08 -5.01271 -1.6275299 -1.5851718 -0.04235812 2.0430635e-07 -7.5369693e+11 -1.7254079 0
-21 -3.50571e-10 -4e-08 -4.98926 -1.6153961 -1.5721105 -0.04328557 2.0632274e-07 -7.5730313e+11 -1.6803986 0
-21.1 -5.28121e-10 -4e-08 -4.94874 -1.6027273 -1.561166 -0.04156126 2.0822196e-07 -7.6090934e+11 -1.7418212 0
-21.2 -4.31728e-10 -4e-08 -4.917 -1.5922644 -1.5494918 -0.04277258 2.1002206e-07 -7.6451554e+11 -1.6845094 0
-21.3 -3.86596e-10 -4e-08 -4.89656 -1.5815958 -1.5388005 -0.04279531 2.1214136e-07 -7.6812175e+11 -1.6757104 0
-21.4 -4.73344e-10 -4e-08 -4.87458 -1.5705148 -1.528714 -0.04180081 2.142882e-07 -7.7172796e+11 -1.7075612 0
-21.5 -5.02741e-10 -4e-08 -4.86456 -1.5601976 -1.5181547 -0.0420429 2.1624399e-07 -7.7533416e+11 -1.6898324 0
-21.6 -4.5346e-10 -4e-08 -4.83737 -1.5488721 -1.5091478 -0.03972425 2.1812231e-07 -7.7894037e+11 -1.7801856 0
-21.7 -3.39615e-10 -4e-08 -4.80558 -1.5389667 -1.4992727 -0.03969397 2.1949521e-07 -7.8254657e+11 -1.7733337 0
-21.8 -4.10485e-10 -4e-08 -4.77704 -1.5289304 -1.4902086 -0.03872183 2.2109916e-07 -7.8615278e+11 -1.8095158 0
-21.9 -4.64642e-10 -4e-08 -4.7596 -1.5198472 -1.4801649 -0.03968238 2.2295091e-07 -7.8975898e+11 -1.7576521 0
-22 -4.09651e-10 -4e-08 -4.72743 -1.5103189 -1.4707472 -0.03957171 2.2477992e-07 -7.9336519e+11 -1.7545561 0
-22.1 -4.63033e-10 -4e-08 -4.69423 -1.4998195 -1.4623732 -0.03744633 2.2705029e-07 -7.9697139e+11 -1.8457514 0
-22.2 -4.90809e-10 -4e-08 -4.66153 -1.4909467 -1.4527812 -0.03816545 2.2887416e-07 -8.005776e+11 -1.8028159 0
-22.3 -4.79114e-10 -4e-08 -4.63737 -1.4814404 -1.4445295 -0.03691089 2.3118783e-07 -8.041838e+11 -1.8557325 0
-22.4 -5.13375e-10 -4e-08 -4.60099 -1.4731201 -1.4355532 -0.03756688 2.335972e-07 -8.0779001e+11 -1.8151879 0
-22.5 -2.94781e-10 -4e-08 -4.58642 -1.4649038 -1.4261907 -0.03871318 2.3576801e-07 -8.1139621e+11 -1.7536115 0
-22.6 -3.21519e-10 -4e-08 -4.572 -1.4557686 -1.4174596 -0.03830903 2.3772896e-07 -8.1500242e+11 -1.7642704 0
-22.7 -4.27055e-10 -4e-08 -4.54629 -1.4469711 -1.4080976 -0.03887351 2.3920428e-07 -8.1860863e+11 -1.7309923 0
-22.8 -4.61984e-10 -4e-08 -4.52899 -1.4372674 -1.3999734 -0.03729401 2.4112213e-07 -8.2221483e+11 -1.7963908 0
-22.9 -3.88062e-10 -4e-08 -4.49157 -1.4278702 -1.3915461 -0.03632416 2.4282897e-07 -8.2582104e+11 -1.8363002 0
-23 -2.79748e-10 -4e-08 -4.47402 -1.4189345 -1.3831695 -0.03576497 2.4478741e-07 -8.2942724e+11 -1.8569023 0
-23.1 -2.70677e-10 -4e-08 -4.45191 -1.4100802 -1.3749983 -0.03508191 2.4641061e-07 -8.3303345e+11 -1.8848619 0
-23.2 -3.57032e-10 -4e-08 -4.43326 -1.4019408 -1.3667305 -0.03521034 2.4768285e-07 -8.3663965e+11 -1.8698921 0
-23.3 -3.89695e-10 -4e-08 -4.3979 -1.3937488 -1.3591285 -0.03462027 2.4972133e-07 -8.4024586e+11 -1.8936006 0
-23.4 -2.67231e-10 -4e-08 -4.37824 -1.3860159 -1.3516518 -0.03436413 2.5164615e-07 -8.4385206e+11 -1.8995623 0
-23.5 -2.74873e-10 -4e-08 -4.36132 -1.3788045 -1.3444265 -0.03437795 2.5365226e-07 -8.4745827e+11 -1.8907186 0
-23.6 -3.68655e-10 -4e-08 -4.34995 -1.3719985 -1.3368507 -0.03514781 2.5617097e-07 -8.5106447e+11 -1.8414693 0
-23.7 -5.08654e-10 -4e-08 -4.32055 -1.3645966 -1.329734 -0.03486257 2.5876344e-07 -8.5467068e+11 -1.8487024 0
-23.8 -4.62639e-10 -4e-08 -4.3057 -1.3565928 -1.3229864 -0.0336064 2.6175564e-07 -8.5827688e+11 -1.9097468 0
-23.9 -3.03102e-10 -4e-08 -4.28079 -1.3491717 -1.315712 -0.03345976 2.6386044e-07 -8.6188309e+11 -1.9100908 0
-24 -4.31967e-10 -4e-08 -4.27662 -1.3421764 -1.308687 -0.03348941 2.6544333e-07 -8.654893e+11 -1.9004481 0
-24.1 -5.81718e-10 -4e-08 -4.25466 -1.335921 -1.3015956 -0.03432538 2.6633932e-07 -8.690955e+11 -1.8464704 0
-24.2 -3.0427e-10 -4e-08 -4.22467 -1.3291996 -1.295566 -0.0336336 2.6776989e-07 -8.7270171e+11 -1.8766618 0
-24.3 -4.05657e-10 -4e-08 -4.21066 -1.3222108 -1.290007 -0.03220379 2.6892568e-07 -8.7630791e+11 -1.9519176 0
-24.4 -3.33619e-10 -4e-08 -4.18578 -1.3158267 -1.2842534 -0.03157326 2.7044765e-07 -8.7991412e+11 -1.9827387 0
-24.5 -3.842e-10 -4e-08 -4.17648 -1.309917 -1.2780625 -0.03185455 2.7192948e-07 -8.8352032e+11 -1.9572089 0
-24.6 -3.29769e-10 -4e-08 -4.15716 -1.3037913 -1.2723687 -0.03142259 2.7368505e-07 -8.8712653e+11 -1.9760488 0
-24.7 -4.58634e-10 -4e-08 -4.13622 -1.2975472 -1.2665608 -0.03098636 2.7566756e-07 -8.9073273e+11 -1.995755 0
-24.8 -4.34077e-10 -4e-08 -4.11546 -1.291276 -1.2608294 -0.03044661 2.7742915e-07 -8.9433894e+11 -2.0229452 0
-24.9 -4.71389e-10 -4e-08 -4.11107 -1.2858739 -1.2544494 -0.03142451 2.7903581e-07 -8.9794514e+11 -1.9521217 0
-25 -5.75745e-10 -4e-08 -4.08698 -1.2804607 -1.2485081 -0.03195259 2.805992e-07 -9.0155135e+11 -1.9121796 0
-25.1 -3.02279e-10 -4e-08 -4.08988 -1.27551 -1.2422789 -0.03323107 2.8236533e-07 -9.0515755e+11 -1.8312882 0
-25.2 -4.63712e-10 -4e-08 -4.05935 -1.2690079 -1.2376685 -0.03133939 2.8451008e-07 -9.0876376e+11 -1.9341211 0
-25.3 -4.1635e-10 -4e-08 -4.05176 -1.2638338 -1.2317321 -0.03210174 2.8645741e-07 -9.1236997e+11 -1.8807265 0
-25.4 -3.42369e-10 -4e-08 -4.04401 -1.2577664 -1.2270031 -0.03076325 2.8807666e-07 -9.1597617e+11 -1.9548292 0
-25.5 -4.43482e-10 -4e-08 -4.0233 -1.2525206 -1.2218703 -0.0306503 2.8950642e-07 -9.1958238e+11 -1.9543387 0
-25.6 -3.08132e-10 -4e-08 -4.0046 -1.2472588 -1.2171978 -0.03006094 2.9104238e-07 -9.2318858e+11 -1.9848707 0
-25.7 -4.19807e-10 -4e-08 -3.9934 -1.2424917 -1.2123427 -0.03014895 2.9251966e-07 -9.2679479e+11 -1.9713758 0
-25.8 -3.6478e-10 -4e-08 -3.96946 -1.237984 -1.2075665 -0.03041756 2.935083e-07 -9.3040099e+11 -1.9463936 0
-25.9 -5.52118e-10 -4e-08 -3.94943 -1.2332401 -1.2034599 -0.02978029 2.9465947e-07 -9.340072e+11 -1.9803687 0
-26 -3.30007e-10 -4e-08 -3.93356 -1.2289277 -1.1991718 -0.02975596 2.9649905e-07 -9.376134e+11 -1.9743649 0
-26.1 -5.16987e-10 -4e-08 -3.93569 -1.2245114 -1.1951537 -0.02935764 2.9869138e-07 -9.4121961e+11 -1.9934856 0
-26.2 -4.09544e-10 -4e-08 -3.91737 -1.2201649 -1.1909562 -0.0292087 3.0144422e-07 -9.4482581e+11 -1.9960032 0
-26.3 -2.60067e-10 -4e-08 -3.90948 -1.215899 -1.1868003 -0.02909868 3.029617e-07 -9.4843202e+11 -1.9959318 0
-26.4 -3.60334e-10 -4e-08 -3.89814 -1.2115231 -1.1828741 -0.028649 3.0554947e-07 -9.5203823e+11 -2.0195813 0
-26.5 -5.09572e-10 -4e-08 -3.88211 -1.2072236 -1.1787129 -0.02851077 3.0828486e-07 -9.5564443e+11 -2.021715 0
-26.6 -4.4409e-10 -4e-08 -3.86671 -1.2029861 -1.1744534 -0.02853272 3.1111325e-07 -9.5925064e+11 -2.0125651 0
-26.7 -5.75233e-10 -4e-08 -3.85347 -1.198669 -1.170372 -0.02829702 3.1358644e-07 -9.6285684e+11 -2.0217283 0
-26.8 -4.61733e-10 -4e-08 -3.84277 -1.1949258 -1.1660447 -0.02888109 3.1603272e-07 -9.6646305e+11 -1.9734511 0
-26.9 -4.42338e-10 -4e-08 -3.8322 -1.1907072 -1.1626044 -0.02810286 3.1833546e-07 -9.7006925e+11 -2.0205609 0
-27 -4.16839e-10 -4e-08 -3.81548 -1.1866485 -1.1590238 -0.02762465 3.2040167e-07 -9.7367546e+11 -2.0479257 0
-27.1 -4.32789e-10 -4e-08 -3.81265 -1.1827637 -1.1553762 -0.0273875 3.2204064e-07 -9.7728166e+11 -2.0580365 0
-27.2 -5.14948e-10 -4e-08 -3.79987 -1.1790447 -1.1517541 -0.02729059 3.2403484e-07 -9.8088787e+11 -2.0577514 0
-27.3 -4.86803e-10 -4e-08 -3.78677 -1.1759057 -1.1477522 -0.02815352 3.2588589e-07 -9.8449407e+11 -1.9873731 0
-27.4 -3.672e-10 -4e-08 -3.77516 -1.1717755 -1.144972 -0.02680352 3.2884606e-07 -9.8810028e+11 -2.0798516 0
-27.5 -4.04346e-10 -4e-08 -3.75807 -1.1676764 -1.1420453 -0.02563107 3.3142054e-07 -9.9170648e+11 -2.1670818 0
-27.6 -3.11971e-10 -4e-08 -3.74511 -1.1641163 -1.1387073 -0.02540893 3.339286e-07 -9.9531269e+11 -2.1781074 0
-27.7 -3.83282e-10 -4e-08 -3.74038 -1.1607403 -1.1351979 -0.02554233 3.3617451e-07 -9.989189e+11 -2.1589096 0
-27.8 -4.40896e-10 -4e-08 -3.72153 -1.1574147 -1.1317668 -0.02564791 3.3786953e-07 -1.0025251e+12 -2.1422886 0
-27.9 -2.82574e-10 -4e-08 -3.71258 -1.1542996 -1.1282274 -0.02607216 3.4114952e-07 -1.0061313e+12 -2.0998754 0
-28 -3.08287e-10 -4e-08 -3.70287 -1.1507493 -1.1247725 -0.02597687 3.4388966e-07 -1.0097375e+12 -2.1000512 0
-28.1 -3.58558e-10 -4e-08 -3.69776 -1.1475188 -1.1208569 -0.02666195 3.4622691e-07 -1.0133437e+12 -2.0388089 0
-28.2 -3.44515e-10 -4e-08 -3.68292 -1.1433942 -1.1176262 -0.02576798 3.4825449e-07 -1.0169499e+12 -2.1020607 0
-28.3 -3.64113e-10 -4e-08 -3.67357 -1.1397875 -1.1139082 -0.0258793 3.5018807e-07 -1.0205561e+12 -2.0856229 0
-28.4 -5.17345e-10 -4e-08 -3.66091 -1.1352008 -1.1110518 -0.02414904 3.5334921e-07 -1.0241623e+12 -2.2271862 0
-28.5 -4.1306e-10 -4e-08 -3.63692 -1.131567 -1.1071953 -0.0243717 3.560981e-07 -1.0277685e+12 -2.1990954 0
-28.6 -3.77607e-10 -4e-08 -3.64315 -1.1278395 -1.1034745 -0.02436508 3.5845827e-07 -1.0313747e+12 -2.1920016 0
-28.7 -5.12671e-10 -4e-08 -3.63845 -1.1244273 -1.0996697 -0.02475762 3.5995173e-07 -1.0349809e+12 -2.1497302 0
-28.8 -3.94559e-10 -4e-08 -3.61801 -1.1213239 -1.0959256 -0.02539831 3.611318e-07 -1.0385872e+12 -2.0882257 0
-28.9 -3.76105e-10 -4e-08 -3.60247 -1.1171178 -1.0935493 -0.02356854 3.6262292e-07 -1.0421934e+12 -2.2425608 0
-29 -3.61192e-10 -4e-08 -3.58194 -1.1139392 -1.0901883 -0.02375088 3.6424702e-07 -1.0457996e+12 -2.2176706 0
-29.1 -4.85516e-10 -4e-08 -3.57007 -1.1108387 -1.0868929 -0.02394579 3.6557108e-07 -1.0494058e+12 -2.1920608 0
-29.2 -4.56715e-10 -4e-08 -3.56701 -1.107754 -1.083563 -0.02419104 3.6860205e-07 -1.053012e+12 -2.1624066 0
-29.3 -4.62878e-10 -4e-08 -3.55532 -1.1045182 -1.0802721 -0.02424618 3.713222e-07 -1.0566182e+12 -2.1501255 0
-29.4 -5.03075e-10 -4e-08 -3.54356 -1.1006444 -1.0774109 -0.02323343 3.7483275e-07 -1.0602244e+12 -2.2362177 0
-29.5 -6.22022e-10 -4e-08 -3.53338 -1.0969349 -1.0741296 -0.02280528 3.7663842e-07 -1.0638306e+12 -2.2704781 0
-29.6 -4.37367e-10 -4e-08 -3.52527 -1.0934052 -1.0709993 -0.02240588 3.7855079e-07 -1.0674368e+12 -2.3031437 0
-29.7 -5.40936e-10 -4e-08 -3.51671 -1.090509 -1.0672044 -0.02330464 3.8065747e-07 -1.071043e+12 -2.2068657 0
-29.8 -4.2609e-10 -4e-08 -3.51494 -1.0874338 -1.0636008 -0.02383298 3.8424586e-07 -1.0746492e+12 -2.1507015 0
-29.9 -4.54962e-10 -4e-08 -3.50458 -1.0838726 -1.060364 -0.0235086 3.881675e-07 -1.0782554e+12 -2.1730854 0
-30 -4.65429e-10 -4e-08 -3.48999 -1.0805562 -1.0568705 -0.02368567 3.9021918e-07 -1.0818616e+12 -2.1496503 0
-30.1 -4.42815e-10 -4e-08 -3.49022 -1.0776097 -1.053598 -0.02401169 3.9235743e-07 -1.0854678e+12 -2.1134186 0
-30.2 -5.24747e-10 -4e-08 -3.47528 -1.0740086 -1.0516466 -0.02236197 3.9411804e-07 -1.089074e+12 -2.2618184 0
-30.3 -5.2799e-10 -4e-08 -3.45732 -1.0713505 -1.0492659 -0.0220846 3.9678621e-07 -1.0926802e+12 -2.2826671 0
-30.4 -5.71179e-10 -4e-08 -3.44998 -1.0685233 -1.0472441 -0.0212792 4.0000464e-07 -1.0962864e+12 -2.3612712 0
-30.5 -3.6999e-10 -4e-08 -3.43892 -1.066394 -1.0445151 -0.02187893 4.0243411e-07 -1.0998926e+12 -2.289016 0
-30.6 -4.46248e-10 -4e-08 -3.43932 -1.0639745 -1.0420359 -0.02193865 4.0429429e-07 -1.1034989e+12 -2.2753249 0
-30.7 -4.01723e-10 -4e-08 -3.42895 -1.0614113 -1.0396982 -0.02171309 4.064518e-07 -1.1071051e+12 -2.291473 0
-30.8 -4.90832e-10 -4e-08 -3.42054 -1.0578574 -1.0374201 -0.0204373 4.0045293e-07 -1.1107113e+12 -2.4266129 0
-30.9 -3.91388e-10 -4e-08 -3.41044 -1.0550165 -1.0344844 -0.02053211 3.9715406e-07 -1.1143175e+12 -2.4075908 0
-31 -3.7235e-10 -4e-08 -3.40025 -1.0524378 -1.0313013 -0.02113656 3.970086e-07 -1.1179237e+12 -2.3311958 0
-31.1 -3.80373e-10 -4e-08 -3.38798 -1.0495929 -1.0284027 -0.02119019 4.0104001e-07 -1.1215299e+12 -2.3178189 0
-31.2 -5.23794e-10 -4e-08 -3.39702 -1.0469339 -1.0251713 -0.02176262 4.0579898e-07 -1.1251361e+12 -2.249619 0
-31.3 -4.54235e-10 -4e-08 -3.37783 -1.0434636 -1.0224933 -0.0209703 4.1607225e-07 -1.1287423e+12 -2.3271574 0
-31.4 -6.4249e-10 -4e-08 -3.37906 -1.0399415 -1.0194924 -0.02044913 5.0598315e-07 -1.1323485e+12 -2.3788675 0
-31.5 -5.51164e-10 -4e-08 -3.36236 -1.036888 -1.0164056 -0.02048243 5.2839622e-07 -1.1359547e+12 -2.3674603 0
-31.6 -6.50108e-10 -4e-08 -3.34494 -1.0341087 -1.0133943 -0.02071433 5.3706273e-07 -1.1395609e+12 -2.3335482 0
-31.7 -4.60732e-10 -4e-08 -3.3418 -1.0309046 -1.0108102 -0.02009447 5.390292e-07 -1.1431671e+12 -2.3979434 0
-31.8 -5.41079e-10 -4e-08 -3.32646 -1.0354066 -1.0004851 -0.034921496 5.4102329e-07 -1.1467733e+12 -1.3754816 0
-31.9 -5.80239e-10 -4e-08 -3.32088 -1.0296816 -1.0003639 -0.029317739 5.4142807e-07 -1.1503795e+12 -1.6332535 0
-32 -3.04914e-10 -4e-08 -3.31198 -1.0240256 -1.0003242 -0.023701456 5.4362782e-07 -1.1539857e+12 -2.0139549 0
-32.1 -5.12218e-10 -4e-08 -3.29471 -1.0189819 -0.99968147 -0.019300429 5.460995e-07 -1.1575919e+12 -2.4654872 0
-32.2 -3.81422e-10 -4e-08 -3.28801 -1.0159049 -0.99702636 -0.018878504 5.4810075e-07 -1.1611981e+12 -2.5127617 0
-32.3 -4.71497e-10 -4e-08 -3.27914 -1.0106919 -0.99623351 -0.014458409 5.5024496e-07 -1.1648043e+12 -3.2707829 0
-32.4 -4.30787e-10 -4e-08 -3.28027 -1.0023062 -0.9984485 -0.003857691 5.518818e-07 -1.1684105e+12 -12.220875 0
-32.5 -5.9849e-10 -4e-08 -3.266 -1.0023612 -0.99239364 -0.009967515 5.5410495e-07 -1.1720168e+12 -4.7152474 0
-32.6 -7.06661e-10 -4e-08 -3.25801 -1.0020195 -0.98694291 -0.015076604 5.5663088e-07 -1.175623e+12 -3.107804 0
-32.7 -4.49622e-10 -4e-08 -3.24851 -1.0016966 -0.98180037 -0.019896196 5.5933189e-07 -1.1792292e+12 -2.3477775 0
-32.8 -5.23961e-10 -4e-08 -3.23907 -0.99890228 -0.97921727 -0.019685009 5.6211431e-07 -1.1828354e+12 -2.3657306 0
-32.9 -5.56946e-10 -4e-08 -3.2329 -0.99680043 -0.97675767 -0.020042764 5.7286338e-07 -1.1864416e+12 -2.316441 0
-33 -5.09632e-10 -4e-08 -3.22606 -0.99360376 -0.97506412 -0.01853964 5.8159512e-07 -1.1900478e+12 -2.4966606 0
-33.1 -5.87332e-10 -4e-08 -3.21675 -0.99119176 -0.97239219 -0.018799566 5.8698125e-07 -1.193654e+12 -2.4547029 0
-33.2 -5.49102e-10 -4e-08 -3.20648 -0.98886482 -0.96961687 -0.019247948 5.8820852e-07 -1.1972602e+12 -2.390299 0
-33.3 -5.26869e-10 -4e-08 -3.20911 -0.98657497 -0.96698729 -0.019587681 5.900963e-07 -1.2008664e+12 -2.3417875 0
-33.4 -5.43296e-10 -4e-08 -3.19214 -0.98411615 -0.96472929 -0.019386866 5.8495183e-07 -1.2044726e+12 -2.3589605 0
-33.5 -4.27103e-10 -4e-08 -3.18601 -0.981556 -0.96310303 -0.018452972 5.0072803e-07 -1.2080788e+12 -2.4709481 0
-33.6 -5.49436e-10 -4e-08 -3.17595 -0.97934571 -0.96110843 -0.018237275 4.827787e-07 -1.211685e+12 -2.4927316 0
-33.7 -4.78244e-10 -4e-08 -3.16742 -0.97739293 -0.95911233 -0.018280605 4.7865402e-07 -1.2152912e+12 -2.4794439 0
-33.8 -3.78978e-10 -4e-08 -3.16187 -0.97523417 -0.95749917 -0.017735005 4.831028e-07 -1.2188974e+12 -2.5481602 0
-33.9 -5.12958e-10 -4e-08 -3.1623 -0.97368992 -0.95524414 -0.018445778 4.8921633e-07 -1.2225036e+12 -2.4427446 0
-34 -4.17089e-10 -4e-08 -3.14939 -0.97148079 -0.95326125 -0.018219538 4.9417216e-07 -1.2261098e+12 -2.4658035 0
-34.1 -5.68688e-10 -4e-08 -3.13845 -0.96912159 -0.95094233 -0.018179259 4.9726381e-07 -1.229716e+12 -2.4640198 0
-34.2 -5.66459e-10 -4e-08 -3.13593 -0.96675035 -0.9484797 -0.018270654 5.0041447e-07 -1.2333222e+12 -2.4445254 0
-34.3 -4.31752e-10 -4e-08 -3.14193 -0.96394821 -0.94654549 -0.017402723 5.0337816e-07 -1.2369285e+12 -2.5589595 0
-34.4 -4.39513e-10 -4e-08 -3.12943 -0.96173653 -0.94416885 -0.017567686 5.0806671e-07 -1.2405347e+12 -2.5275616 0
-34.5 -3.80337e-10 -4e-08 -3.12256 -0.95912545 -0.94212235 -0.017003102 5.1290469e-07 -1.2441409e+12 -2.6039191 0
-34.6 -4.47214e-10 -4e-08 -3.12807 -0.95679541 -0.93943902 -0.01735639 5.1569635e-07 -1.2477471e+12 -2.5435439 0
-34.7 -5.55193e-10 -4e-08 -3.11213 -0.95446432 -0.93676937 -0.01769495 5.1732023e-07 -1.2513533e+12 -2.4876881 0
-34.8 -4.94981e-10 -4e-08 -3.10125 -0.95144561 -0.93501086 -0.016434744 5.1745662e-07 -1.2549595e+12 -2.6707458 0
-34.9 -5.60236e-10 -4e-08 -3.08357 -0.94877658 -0.93347369 -0.015302884 5.1546789e-07 -1.2585657e+12 -2.8600658 0
-35 -4.94242e-10 -4e-08 -3.07142 -0.94752304 -0.93131181 -0.016211228 5.1750622e-07 -1.2621719e+12 -2.6920975 0
-35.1 -4.45783e-10 -4e-08 -3.07057 -0.9462112 -0.92989667 -0.016314536 5.2015453e-07 -1.2657781e+12 -2.6674292 0
-35.2 -5.01096e-10 -4e-08 -3.06602 -0.94516266 -0.9286854 -0.016477264 5.2332417e-07 -1.2693843e+12 -2.6335828 0
-35.3 -5.53775e-10 -4e-08 -3.06093 -0.94436425 -0.92741672 -0.01694753 5.2682902e-07 -1.2729905e+12 -2.5532517 0
-35.4 -7.0709e-10 -4e-08 -3.05426 -0.94286775 -0.92679287 -0.01607488 5.3170271e-07 -1.2765967e+12 -2.6842548 0
-35.5 -4.10032e-10 -4e-08 -3.05024 -0.9416759 -0.92582634 -0.015849559 5.3716533e-07 -1.2802029e+12 -2.714746 0
-35.6 -4.63057e-10 -4e-08 -3.04044 -0.94074674 -0.92430871 -0.016438031 5.4165724e-07 -1.2838091e+12 -2.610207 0
-35.7 -5.70023e-10 -4e-08 -3.0424 -0.93969229 -0.92265557 -0.017036718 5.458597e-07 -1.2874153e+12 -2.5114272 0
-35.8 -6.18148e-10 -4e-08 -3.03703 -0.9386202 -0.92044741 -0.018172795 5.4992548e-07 -1.2910215e+12 -2.3478481 0
-35.9 -6.24526e-10 -4e-08 -3.03644 -0.93740462 -0.91804486 -0.019359764 5.5299446e-07 -1.2946277e+12 -2.1977599 0
-36 -4.01735e-10 -4e-08 -3.03598 -0.93431419 -0.91738316 -0.016931036 5.540992e-07 -1.2982339e+12 -2.5060441 0
-36.1 -5.17797e-10 -4e-08 -3.03741 -0.93234339 -0.91600025 -0.016343141 5.5584712e-07 -1.3018401e+12 -2.5889998 0
-36.2 -5.3606e-10 -4e-08 -3.02547 -0.93069138 -0.91470414 -0.015987243 5.5854199e-07 -1.3054464e+12 -2.6393233 0
-36.3 -4.76742e-10 -4e-08 -3.02859 -0.92928928 -0.91343446 -0.015854816 5.6006982e-07 -1.3090526e+12 -2.6540366 0
-36.4 -4.98557e-10 -4e-08 -3.01272 -0.92722485 -0.91274452 -0.014480337 5.6275243e-07 -1.3126588e+12 -2.8979754 0
-36.5 -5.8049e-10 -4e-08 -3.00271 -0.92570197 -0.9114001 -0.014301869 5.6362363e-07 -1.316265e+12 -2.9260995 0
-36.6 -5.5753e-10 -4e-08 -2.99986 -0.92438135 -0.90999312 -0.014388229 5.6528299e-07 -1.3198712e+12 -2.9005898 0
-36.7 -5.2315e-10 -4e-08 -3.00606 -0.92326126 -0.90847173 -0.014789533 5.6906465e-07 -1.3234774e+12 -2.8141952 0
-36.8 -4.45402e-10 -4e-08 -2.98607 -0.92204473 -0.90693619 -0.015108531 5.7322541e-07 -1.3270836e+12 -2.7472911 0
-36.9 -4.3695e-10 -4e-08 -2.97907 -0.92028902 -0.90561536 -0.014673666 5.7914084e-07 -1.3306898e+12 -2.8210433 0
-37 -4.45974e-10 -4e-08 -2.97147 -0.91856354 -0.90385244 -0.014711097 5.8740932e-07 -1.334296e+12 -2.8062604 0
-37.1 -6.83093e-10 -4e-08 -2.96429 -0.91674227 -0.90155504 -0.015187233 5.9247446e-07 -1.3379022e+12 -2.7109542 0
-37.2 -6.58131e-10 -4e-08 -2.96202 -0.91419473 -0.89942531 -0.014769422 5.9566276e-07 -1.3415084e+12 -2.7801505 0
-37.3 -5.04875e-10 -4e-08 -2.95015 -0.91200105 -0.89645504 -0.015546019 5.9811381e-07 -1.3451146e+12 -2.6341877 0
-37.4 -3.87335e-10 -4e-08 -2.94575 -0.90919937 -0.89390625 -0.01529312 5.9869332e-07 -1.3487208e+12 -2.6705889 0
-37.5 -6.09577e-10 -4e-08 -2.93879 -0.90670777 -0.89115129 -0.015556486 5.9788061e-07 -1.352327e+12 -2.6183758 0
-37.6 -4.67205e-10 -4e-08 -2.92938 -0.90402769 -0.8891116 -0.014916094 5.9468077e-07 -1.3559332e+12 -2.7235276 0
-37.7 -5.13685e-10 -4e-08 -2.9212 -0.9017915 -0.88747161 -0.014319888 5.9078312e-07 -1.3595394e+12 -2.8293963 0
-37.8 -4.59075e-10 -4e-08 -2.92148 -0.9002983 -0.88572045 -0.014577847 5.9010547e-07 -1.3631456e+12 -2.7719766 0
-37.9 -6.04284e-10 -4e-08 -2.91542 -0.89882585 -0.8843547 -0.014471148 5.9227633e-07 -1.3667518e+12 -2.7850471 0
-38 -5.06258e-10 -4e-08 -2.91188 -0.89715038 -0.88313069 -0.014019685 5.9618051e-07 -1.3703581e+12 -2.8671664 0
-38.1 -5.51593e-10 -4e-08 -2.8958 -0.89572592 -0.8816643 -0.014061617 5.9713019e-07 -1.3739643e+12 -2.8511135 0
-38.2 -5.75912e-10 -4e-08 -2.89543 -0.89453137 -0.87999105 -0.014540321 6.0017186e-07 -1.3775705e+12 -2.7500297 0
-38.3 -4.74727e-10 -4e-08 -2.8909 -0.89324629 -0.87862258 -0.014623707 6.0028106e-07 -1.3811767e+12 -2.7272095 0
-38.4 -6.02603e-10 -4e-08 -2.88378 -0.89242533 -0.87690973 -0.015515601 6.0334358e-07 -1.3847829e+12 -2.5637455 0
-38.5 -4.26781e-10 -4e-08 -2.87879 -0.89087714 -0.87597964 -0.014897507 6.0621882e-07 -1.3883891e+12 -2.6631794 0
-38.6 -4.93932e-10 -4e-08 -2.88263 -0.89022089 -0.87417131 -0.016049577 6.1175165e-07 -1.3919953e+12 -2.465607 0
-38.7 -6.59633e-10 -4e-08 -2.88771 -0.88918843 -0.87258454 -0.016603888 6.1612347e-07 -1.3956015e+12 -2.3771358 0
-38.8 -5.53751e-10 -4e-08 -2.87424 -0.88717267 -0.87202182 -0.015150845 6.1903725e-07 -1.3992077e+12 -2.5984009 0
-38.9 -6.40142e-10 -4e-08 -2.86985 -0.88532244 -0.87130768 -0.014014766 6.2300853e-07 -1.4028139e+12 -2.8018139 0
-39 -5.51367e-10 -4e-08 -2.86307 -0.88356506 -0.87065171 -0.012913351 6.2595461e-07 -1.4064201e+12 -3.0329914 0
-39.1 -4.68004e-10 -4e-08 -2.85939 -0.84190599 -0.82766821 -0.014237781 5.9597831e-07 -1.4100263e+12 -2.7438204 0
-39.2 -5.78642e-10 -4e-08 -2.85205 -0.79944975 -0.78576656 -0.013683186 5.660914e-07 -1.4136325e+12 -2.8477473 0
-39.3 -5.21088e-10 -4e-08 -2.85037 -0.7578971 -0.74318414 -0.01471296 5.3718845e-07 -1.4172387e+12 -2.6416918 0
-39.4 -5.92244e-10 -4e-08 -2.84571 -0.71562161 -0.70165755 -0.013964065 5.084503e-07 -1.4208449e+12 -2.7763017 0
-39.5 -5.56386e-10 -4e-08 -2.84452 -0.67375995 -0.65991539 -0.013844567 4.8136412e-07 -1.4244511e+12 -2.7931758 0
-39.6 -5.27596e-10 -4e-08 -2.83263 -0.63155571 -0.61864369 -0.012912027 4.5315415e-07 -1.4280573e+12 -2.9873433 0
-39.7 -6.46687e-10 -4e-08 -2.82352 -0.5897403 -0.5768278 -0.012912494 4.2696914e-07 -1.4316635e+12 -2.9797107 0
-39.8 -5.12803e-10 -4e-08 -2.82613 -0.54779306 -0.53476651 -0.013026556 4.016583e-07 -1.4352697e+12 -2.9461989 0
-39.9 -5.89407e-10 -4e-08 -2.81658 -0.50555996 -0.49274714 -0.012812819 3.7392003e-07 -1.438876e+12 -2.9878388 0
-40 -5.52404e-10 -4e-08 -2.8199 -0.46360723 -0.4504689 -0.013138325 3.4393321e-07 -1.4424822e+12 -2.9065296 0
