0 2.9521e-09 -1e-08 -48.6793 -0.18793663 -0.10711519 -0.080821448 1.299959e-09 0 0 0
-0.1 4.32622e-10 0 0 -0.29460576 -0.015781672 -0.27882409 1.299959e-09 -3.6062054e+09 0 0
-0.2 3.2866e-10 0 0 -0.38749413 0.047052255 -0.43454638 1.299959e-09 -7.2124108e+09 0 0
-0.3 2.84565e-10 0 0 -0.60436857 0.2299557 -0.83432428 1.299959e-09 -1.0818616e+10 0 0
-0.4 3.29232e-10 0 0 -0.19339172 -0.22393752 0.030545798 1.299959e-09 -1.4424822e+10 0 0
-0.5 3.78835e-10 0 0 -0.30302846 -0.11642461 -0.18660385 1.299959e-09 -1.8031027e+10 0 0
-0.6 3.3896e-10 0 0 -0.36591422 -0.057495231 -0.30841898 1.299959e-09 -2.1637232e+10 0 0
-0.7 2.22361e-10 0 0 -0.53980683 0.10149729 -0.64130413 1.299959e-09 -2.5243438e+10 0 0
-0.8 3.58105e-10 0 0 -0.64674008 0.18520288 -0.83194297 1.299959e-09 -2.8849643e+10 0 0
-0.9 2.91502e-10 0 0 -0.73670135 0.24161292 -0.97831427 1.299959e-09 -3.2455849e+10 0 0
-1 3.17657e-10 0 0 -0.34302709 -0.19810669 -0.1449204 1.299959e-09 -3.6062054e+10 0 0
-1.1 2.99954e-10 0 0 -0.43418451 -0.14517733 -0.28900719 0 -3.9668259e+10 0 0
-1.2 2.74849e-10 0 0 -0.46598137 -0.10628492 -0.35969645 0 -4.3274465e+10 0 0
-1.3 2.2676e-10 0 0 -0.62630329 0.069285581 -0.69558887 0 -4.688067e+10 0 0
-1.4 1.97899e-10 0 0 -0.70892625 0.16499782 -0.87392407 0 -5.0486876e+10 0 0
-1.5 4.73309e-10 0 0 -0.2678211 -0.30726179 0.03944069 0 -5.4093081e+10 0 0
-1.6 2.2006e-10 0 0 -0.34101084 -0.27054206 -0.070468784 0 -5.7699286e+10 0 0
-1.7 3.34382e-10 0 0 -0.35778153 -0.27976303 -0.078018498 0 -6.1305492e+10 0 0
-1.8 3.36337e-10 0 0 -0.49861498 -0.1427272 -0.35588778 0 -6.4911697e+10 0 0
-1.9 3.11625e-10 0 0 -0.60778868 -0.032678204 -0.57511048 0 -6.8517903e+10 0 0
-2 3.28159e-10 0 0 -0.65079011 0.053873489 -0.70466359 0 -7.2124108e+10 0 0
-2.1 2.53093e-10 0 0 -0.74579154 0.13921051 -0.88500205 0 -7.5730313e+10 0 0
-2.2 2.43318e-10 0 0 -0.40980488 -0.21034881 -0.19945607 0 -7.9336519e+10 0 0
-2.3 1.90079e-10 0 0 -0.39329654 -0.23038745 -0.16290909 0 -8.2942724e+10 0 0
-2.4 2.37584e-10 0 0 -0.50355341 -0.1540942 -0.34945921 0 -8.654893e+10 0 0
-2.5 1.86384e-10 0 0 -0.6130763 -0.051443345 -0.56163295 0 -9.0155135e+10 0 0
-2.6 2.11692e-10 0 0 -0.72602193 0.019680817 -0.74570274 0 -9.376134e+10 0 0
-2.7 2.32589e-10 0 0 -0.90406096 0.12364186 -1.0277028 0 -9.7367546e+10 0 0
-2.8 2.06375e-10 0 0 -0.10535861 -0.72271537 0.61735676 0 -1.0097375e+11 0 0
-2.9 2.0324e-10 0 0 0.016145176 -0.87033118 0.88647636 0 -1.0457996e+11 0 0
-3 2.63083e-10 0 0 -0.41417834 -0.45715391 0.042975573 0 -1.0818616e+11 0 0
-3.1 2.51496e-10 0 0 -0.37967071 -0.49882448 0.11915378 0 -1.1179237e+11 0 0
-3.2 -6.35624e-11 0 0 -0.49007798 -0.38629965 -0.10377833 0 -1.1539857e+11 0 0
-3.3 3.19052e-10 0 0 -0.68911412 -0.23206828 -0.45704584 0 -1.1900478e+11 0 0
-3.4 2.91812e-10 0 0 -0.44988118 -0.51166616 0.061784988 0 -1.2261098e+11 0 0
-3.5 -9.74536e-11 0 0 -0.72346957 -0.24124342 -0.48222615 0 -1.2621719e+11 0 0
-3.6 2.09069e-10 0 0 -0.88328796 -0.092663684 -0.79062428 0 -1.2982339e+11 0 0
-3.7 2.59507e-10 0 0 -0.55563895 -0.43195357 -0.12368538 0 -1.334296e+11 0 0
-3.8 -3.70657e-10 0 0 -0.72742944 -0.24196611 -0.48546333 0 -1.3703581e+11 0 0
-3.9 3.38817e-10 0 0 -0.88891748 -0.085457342 -0.80346014 0 -1.4064201e+11 0 0
-4 4.06003e-10 0 0 -0.88523989 -0.11452594 -0.77071394 0 -1.4424822e+11 0 0
-4.1 4.4874e-10 0 0 -0.88084603 -0.16792208 -0.71292395 0 -1.4785442e+11 0 0
-4.2 3.74079e-10 0 0 -0.93105613 -0.15126006 -0.77979607 0 -1.5146063e+11 0 0
-4.3 3.90947e-10 0 0 -0.97103261 -0.17715313 -0.79387948 0 -1.5506683e+11 0 0
-4.4 4.41813e-10 0 0 -1.0038542 -0.22361503 -0.78023914 0 -1.5867304e+11 0 0
-4.5 4.62973e-10 0 0 -0.78655411 -0.48938645 -0.29716766 0 -1.6227924e+11 0 0
-4.6 7.23553e-10 0 0 -0.89738534 -0.45030805 -0.44707728 0 -1.6588545e+11 0 0
-4.7 4.75478e-10 0 0 -1.0676288 -0.32736166 -0.74026715 0 -1.6949165e+11 0 0
-4.8 4.28152e-10 0 0 -0.70767601 -0.72694136 0.019265341 0 -1.7309786e+11 0 0
-4.9 5.92363e-10 0 0 -0.98027407 -0.55119213 -0.42908194 0 -1.7670406e+11 0 0
-5 5.89931e-10 0 0 -1.2959386 -0.39923697 -0.89670167 0 -1.8031027e+11 0 0
-5.1 -7.68447e-10 0 0 -0.74532773 -1.1575366 0.41220891 0 -1.8391648e+11 0 0
-5.2 5.26977e-10 0 0 -1.1827767 -0.95471149 -0.22806519 0 -1.8752268e+11 0 0
-5.3 -7.95269e-10 0 0 -1.2079543 -1.1908447 -0.017109583 0 -1.9112889e+11 0 0
-5.4 -1.06702e-09 0 0 -1.4635898 -1.2180684 -0.24552136 0 -1.9473509e+11 0 0
-5.5 -1.04319e-09 0 0 -1.5984081 -1.3842269 -0.21418125 0 -1.983413e+11 0 0
-5.6 -9.61554e-10 0 0 -1.7861292 -1.5466429 -0.23948634 0 -2.019475e+11 0 0
-5.7 -1.12637e-09 0 0 -2.2990802 -1.3845838 -0.91449647 0 -2.0555371e+11 0 0
-5.8 6.54197e-10 0 0 -2.3683783 -1.6730066 -0.69537173 0 -2.0915991e+11 0 0
-5.9 2.03943e-10 0 0 -2.4118409 -2.0284898 -0.38335117 0 -2.1276612e+11 0 0
-6 2.13695e-10 0 0 -2.453372 -2.3887081 -0.06466387 0 -2.1637232e+11 0 0
-6.1 2.81405e-10 0 0 -2.5066275 -2.7221578 0.21553033 0 -2.1997853e+11 0 0
-6.2 1.4019e-10 0 0 -2.6083214 -3.0268277 0.41850633 0 -2.2358473e+11 0 0
-6.3 2.04492e-10 0 0 -2.6998359 -3.3501692 0.65033332 0 -2.2719094e+11 0 0
-6.4 1.71649e-10 0 0 -2.7648188 -3.6698295 0.90501068 0 -2.3079715e+11 0 0
-6.5 1.22774e-10 0 0 -2.8227513 -3.9836295 1.1608782 0 -2.3440335e+11 0 0
-6.6 2.19309e-10 0 0 -2.8917137 -4.286561 1.3948474 0 -2.3800956e+11 0 0
-6.7 1.10066e-10 0 0 -2.9755212 -4.5718126 1.5962914 0 -2.4161576e+11 0 0
-6.8 2.04802e-10 0 0 -3.0932807 -4.8543818 1.7611011 0 -2.4522197e+11 0 0
-6.9 1.46627e-11 0 0 -3.215977 -5.1052653 1.8892883 0 -2.4882817e+11 0 0
-7 1.2629e-10 0 0 -3.3352273 -5.3164014 1.9811741 0 -2.5243438e+11 0 0
-7.1 6.73175e-11 0 0 -3.443608 -5.4824764 2.0388684 0 -2.5604058e+11 0 0
-7.2 1.20509e-10 0 0 -3.5444286 -5.6082911 2.0638624 0 -2.5964679e+11 0 0
-7.3 -1.02282e-11 0 0 -3.6449173 -5.7030577 2.0581404 0 -2.6325299e+11 0 0
-7.4 2.14493e-10 0 0 -3.7476629 -5.7691116 2.0214487 0 -2.668592e+11 0 0
-7.5 2.11751e-10 0 0 -3.8540693 -5.808481 1.9544117 0 -2.704654e+11 0 0
-7.6 1.67847e-11 0 0 -3.9657132 -5.8229814 1.8572682 0 -2.7407161e+11 0 0
-7.7 1.30928e-10 0 0 -4.0839261 -5.8147024 1.7307763 0 -2.7767782e+11 0 0
-7.8 -6.87838e-12 0 0 -4.2093191 -5.786006 1.5766869 0 -2.8128402e+11 0 0
-7.9 7.9298e-11 0 0 -4.3429817 -5.7383425 1.3953608 0 -2.8489023e+11 0 0
-8 2.38419e-14 0 0 -4.4845686 -5.6741515 1.1895828 0 -2.8849643e+11 0 0
-8.1 1.43731e-10 0 0 -4.6314752 -5.5979302 0.96645499 0 -2.9210264e+11 0 0
-8.2 -4.57168e-11 0 0 -4.7759733 -5.5191644 0.74319102 0 -2.9570884e+11 0 0
-8.3 6.04749e-11 0 0 -4.9072648 -5.4502869 0.54302204 0 -2.9931505e+11 0 0
-8.4 7.64966e-11 0 0 -5.0156757 -5.4025085 0.38683279 0 -3.0292125e+11 0 0
-8.5 4.39525e-11 0 0 -5.0994923 -5.378888 0.27939566 0 -3.0652746e+11 0 0
-8.6 -1.77264e-11 0 0 -5.1638816 -5.3762553 0.21237369 0 -3.1013366e+11 0 0
-8.7 5.52058e-11 0 0 -5.2166518 -5.3880252 0.1713734 0 -3.1373987e+11 0 0
-8.8 -2.72751e-11 0 0 -5.2645965 -5.4088642 0.14426772 0 -3.1734608e+11 0 0
-8.9 7.05004e-11 0 0 -5.3112255 -5.435876 0.12465052 0 -3.2095228e+11 0 0
-9 4.37021e-11 0 0 -5.3592249 -5.4680863 0.10886141 0 -3.2455849e+11 0 0
-9.1 1.78838e-10 0 0 -5.4097028 -5.5049822 0.09527934 0 -3.2816469e+11 0 0
-9.2 1.75798e-10 0 0 -5.4636285 -5.5466619 0.0830334 0 -3.317709e+11 0 0
-9.3 4.02927e-11 0 0 -5.5208805 -5.5932927 0.07241221 0 -3.353771e+11 0 0
-9.4 -3.68118e-11 0 0 -5.5814719 -5.6436545 0.06218269 0 -3.3898331e+11 0 0
-9.5 2.83003e-11 0 0 -5.6437629 -5.6975644 0.0538015 0 -3.4258951e+11 0 0
-9.6 1.85788e-10 0 0 -5.7088439 -5.7520914 0.04324748 0 -3.4619572e+11 0 0
-9.7 2.33269e-10 0 0 -5.7766 -5.8059848 0.02938478 0 -3.4980192e+11 0 0
-9.8 -7.83324e-11 0 0 -5.8391714 -5.8661848 0.02701346 0 -3.5340813e+11 0 0
-9.9 -1.47462e-11 0 0 -5.9019225 -5.9262057 0.02428323 0 -3.5701433e+11 0 0
-10 6.1512e-11 0 0 -5.9661418 -5.9837348 0.01759298 0 -3.6062054e+11 0 0
-10.1 1.08409e-10 0 0 -6.0297266 -6.0405927 0.01086613 0 -3.6422675e+11 0 0
-10.2 1.06585e-10 0 0 -6.0922076 -6.0975092 0.00530151 0 -3.6783295e+11 0 0
-10.3 -2.6691e-11 0 0 -6.1536149 -6.1545994 0.00098453 0 -3.7143916e+11 0 0
-10.4 2.32697e-11 0 0 -6.2151291 -6.2100284 -0.0051007 0 -3.7504536e+11 0 0
-10.5 1.78945e-10 0 0 -6.2753432 -6.2646335 -0.01070972 0 -3.7865157e+11 0 0
-10.6 -1.62125e-11 0 0 -6.3349236 -6.3174778 -0.01744578 0 -3.8225777e+11 0 0
-10.7 1.65558e-10 0 0 -6.3934387 -6.3685732 -0.02486548 0 -3.8586398e+11 0 0
-10.8 -3.829e-11 0 0 -6.4490566 -6.419 -0.03005657 0 -3.8947018e+11 0 0
-10.9 -2.92778e-11 0 0 -6.50182 -6.4692875 -0.03253253 1.5670088e-09 -3.9307639e+11 0 0
-11 1.30272e-10 0 0 -6.553832 -6.5176426 -0.03618942 1.5670088e-09 -3.9668259e+11 0 0
-11.1 2.72512e-11 0 0 -6.6056786 -6.5639522 -0.04172641 1.5670088e-09 -4.002888e+11 0 0
-11.2 9.0003e-12 0 0 -6.6565875 -6.6092166 -0.04737089 1.5670088e-09 -4.03895e+11 0 0
-11.3 1.62005e-10 0 0 -6.7046683 -6.6554682 -0.04920009 1.5670088e-09 -4.0750121e+11 0 0
-11.4 -2.43664e-11 0 0 -6.7521709 -6.7010071 -0.05116381 1.5670088e-09 -4.1110742e+11 0 0
-11.5 8.95262e-11 0 0 -6.7990763 -6.7467048 -0.05237152 1.5670088e-09 -4.1471362e+11 0 0
-11.6 1.17826e-10 0 0 -6.8477966 -6.7902692 -0.05752742 2.7616427e-09 -4.1831983e+11 0 0
-11.7 3.67045e-11 0 0 -6.894722 -6.8348693 -0.05985266 3.9544564e-09 -4.2192603e+11 0 0
-11.8 -6.89745e-11 0 0 -6.9416884 -6.8778172 -0.06387121 5.087392e-09 -4.2553224e+11 0 0
-11.9 4.60863e-11 -1e-08 -50.006 -6.9873471 -6.9202993 -0.06704785 5.087392e-09 -4.2913844e+11 -0.47861129 0
-12 -6.97374e-12 0 0 -7.0330598 -6.9613556 -0.07170418 5.087392e-09 -4.3274465e+11 0 0
-12.1 2.7287e-11 0 0 -7.0785363 -7.0021951 -0.07634116 5.087392e-09 -4.3635085e+11 0 0
-12.2 1.52624e-10 0 0 -7.122506 -7.0442866 -0.07821941 5.087392e-09 -4.3995706e+11 0 0
-12.3 1.00374e-11 0 0 -7.1671358 -7.0850213 -0.08211452 6.1150256e-09 -4.4356326e+11 0 0
-12.4 1.91331e-10 0 0 -7.2113242 -7.1244633 -0.08686091 7.1397881e-09 -4.4716947e+11 0 0
-12.5 -6.64592e-11 0 0 -7.2524965 -7.1650365 -0.08746001 8.1861962e-09 -4.5077567e+11 0 0
-12.6 -8.55923e-12 -1e-08 -49.9901 -7.2923499 -7.2044028 -0.08794709 9.2260942e-09 -4.5438188e+11 -0.34460592 0
-12.7 2.43545e-11 -1e-08 -49.9868 -7.3308032 -7.2427219 -0.08808129 1.0246753e-08 -4.5798809e+11 -0.34137158 0
-12.8 1.56164e-12 -1e-08 -49.9835 -7.3702467 -7.2775101 -0.09273658 1.122712e-08 -4.6159429e+11 -0.32170196 0
-12.9 -5.19276e-11 0 0 -7.4078982 -7.3131078 -0.09479041 1.2162036e-08 -4.652005e+11 0 0
-13 4.64797e-11 0 0 -7.4457271 -7.3465214 -0.09920566 1.1536387e-08 -4.688067e+11 0 0
-13.1 1.67274e-10 0 0 -7.4801842 -7.3797838 -0.10040043 1.2493375e-08 -4.7241291e+11 0 0
-13.2 7.73668e-12 0 0 -7.5116475 -7.4090731 -0.10257438 1.3531942e-08 -4.7601911e+11 0 0
-13.3 -4.06981e-11 -1e-08 -49.9648 -7.5348575 -7.4326181 -0.10223933 1.5358969e-08 -4.7962532e+11 -0.28083105 0
-13.4 2.48075e-11 -1e-08 -49.959 -7.5373274 -7.4348016 -0.10252577 1.3905134e-08 -4.8323152e+11 -0.27795655 0
-13.5 -1.51396e-11 -1e-08 -49.9502 -7.4954351 -7.3950301 -0.10040497 1.3462312e-08 -4.8683773e+11 -0.28172525 0
-13.6 -5.79e-11 -1e-08 -49.9351 -7.3865062 -7.2854727 -0.10103354 1.3204389e-08 -4.9044393e+11 -0.2779139 0
-13.7 -1.01209e-11 -1e-08 -49.9247 -7.1968769 -7.0939389 -0.10293801 1.1743289e-08 -4.9405014e+11 -0.27078114 0
-13.8 -2.00462e-10 -1e-08 -49.2738 -6.9451502 -6.8379816 -0.10716859 1.0158619e-08 -4.9765634e+11 -0.25820708 0
-13.9 -1.95432e-10 -1e-08 -46.8077 -6.6480551 -6.5356765 -0.11237863 1.0261085e-08 -5.0126255e+11 -0.24446474 0
-14 -2.42996e-10 -1e-08 -42.2888 -6.3449872 -6.2333779 -0.11160936 1.3078625e-08 -5.0486876e+11 -0.2443915 0
-14.1 -6.17611e-10 -1e-08 -34.867 -6.0377536 -5.9279669 -0.10978677 9.2667976e-09 -5.0847496e+11 -0.24668664 0
-14.2 -7.34854e-10 -1e-08 -24.4468 -5.724643 -5.62348 -0.10116298 -1.8969367e-09 -5.1208117e+11 -0.26583049 0
-14.3 -8.80623e-10 -1e-08 -14.1344 -5.3913202 -5.3338144 -0.05750577 1.7794678e-08 -5.1568737e+11 -0.46437336 0
-14.4 -1.70704e-09 -1e-08 -9.2192 -5.0121389 -5.0844061 0.07226719 2.29126e-08 -5.1929358e+11 0.36695355 0
-14.5 -1.97215e-09 -1e-08 -6.85332 -4.6129036 -4.8501654 0.23726172 2.7855803e-08 -5.2289978e+11 0.110999 0
-14.6 -1.88665e-09 -1e-08 -4.50938 -4.2090367 -4.6163855 0.40734883 3.2876288e-08 -5.2650599e+11 0.064208929 0
-14.7 -1.16583e-09 -1e-08 -2.8043 -3.8953948 -4.2896835 0.3942887 3.7891363e-08 -5.3011219e+11 0.065884475 0
-14.8 -4.43244e-10 -1e-08 -2.74171 -3.6370385 -3.9051585 0.26811999 4.3406196e-08 -5.337184e+11 0.09623296 0
-14.9 -3.56483e-10 -1e-08 -2.69995 -3.4910181 -3.4059732 -0.085044904 4.8410841e-08 -5.373246e+11 -0.30135624 0
-15 -3.75175e-10 -1e-08 -2.67092 -3.1432805 -3.105991 -0.037289464 5.3309207e-08 -5.4093081e+11 -0.68271171 0
-15.1 -3.46589e-10 -1e-08 -2.65035 -2.785994 -2.8135568 0.027562783 5.8111768e-08 -5.4453702e+11 0.91751831 0
-15.2 -3.69954e-10 -1e-08 -2.60839 -2.470123 -2.4795342 0.009411239 6.3172361e-08 -5.4814322e+11 2.6694658 0
-15.3 -4.47679e-10 -1e-08 -2.58057 -2.1536522 -2.1483167 -0.005335498 6.8354334e-08 -5.5174943e+11 -4.6778723 0
-15.4 -5.04577e-10 -1e-08 -2.55619 -1.8402982 -1.8232022 -0.017096026 7.2886176e-08 -5.5535563e+11 -1.450437 0
-15.5 -3.3766e-10 -1e-08 -2.53639 -1.5398672 -1.5222625 -0.017604754 8.0867524e-08 -5.5896184e+11 -1.3994362 0
-15.6 -3.6484e-10 -1e-08 -2.51509 -1.2794815 -1.2621638 -0.017317689 8.8127248e-08 -5.6256804e+11 -1.4135143 0
-15.7 -5.35488e-10 -1e-08 -2.49894 -1.0849378 -1.067586 -0.017351784 9.5246354e-08 -5.6617425e+11 -1.4017513 0
-15.8 -3.41129e-10 -1e-08 -2.47132 -0.96854713 -0.95247113 -0.016076 1.0224844e-07 -5.6978045e+11 -1.5034177 0
-15.9 -3.78013e-10 -1e-08 -2.46405 -0.91458966 -0.89703504 -0.017554614 1.0898787e-07 -5.7338666e+11 -1.3681268 0
-16 -5.43332e-10 -1e-08 -2.45207 -0.90397349 -0.88596227 -0.018011227 1.1411883e-07 -5.7699286e+11 -1.3251086 0
-16.1 -3.6875e-10 -1e-08 -2.43803 -0.89400603 -0.87571459 -0.018291437 1.178892e-07 -5.8059907e+11 -1.2967046 0
-16.2 -2.87259e-10 -1e-08 -2.40382 -0.88478673 -0.86732713 -0.017459605 1.2856853e-07 -5.8420527e+11 -1.3500981 0
-16.3 -5.10907e-10 -1e-08 -2.3992 -0.87564123 -0.85875129 -0.016889942 1.4668111e-07 -5.8781148e+11 -1.387072 0
-16.4 -3.45147e-10 -1e-08 -2.38068 -0.86667113 -0.8501486 -0.016522527 1.3398779e-07 -5.9141769e+11 -1.4092707 0
-16.5 -3.24738e-10 -1e-08 -2.36046 -0.85795164 -0.84185599 -0.01609565 1.3479794e-07 -5.9502389e+11 -1.4378788 0
-16.6 -4.88126e-10 -1e-08 -2.34272 -0.84945216 -0.83403979 -0.015412362 1.3637262e-07 -5.986301e+11 -1.4925795 0
-16.7 -3.72255e-10 -1e-08 -2.32931 -0.84158793 -0.82627503 -0.015312894 1.3781485e-07 -6.022363e+11 -1.4932792 0
-16.8 -4.96566e-10 -1e-08 -2.31561 -0.83421522 -0.81861686 -0.015598354 1.3940971e-07 -6.0584251e+11 -1.4572253 0
-16.9 -3.72064e-10 -1e-08 -2.305 -0.82751641 -0.81096448 -0.01655193 1.4057303e-07 -6.0944871e+11 -1.365147 0
-17 -3.55852e-10 -1e-08 -2.28286 -0.82063125 -0.80412818 -0.016503068 1.4245363e-07 -6.1305492e+11 -1.3611348 0
-17.1 -4.79543e-10 -1e-08 -2.26579 -0.81353639 -0.79758829 -0.015948101 1.4540684e-07 -6.1666112e+11 -1.4002632 0
-17.2 -5.11146e-10 -1e-08 -2.24974 -0.80633329 -0.79103449 -0.015298796 1.4810933e-07 -6.2026733e+11 -1.451206 0
-17.3 -3.02136e-10 -1e-08 -2.23997 -0.79928904 -0.78416933 -0.015119712 1.5068095e-07 -6.2387353e+11 -1.4599068 0
-17.4 -3.19171e-10 -1e-08 -2.21364 -0.79234299 -0.7773301 -0.015012894 1.5236674e-07 -6.2747974e+11 -1.4618442 0
-17.5 -3.90303e-10 -1e-08 -2.20761 -0.78588053 -0.77077573 -0.015104793 1.5413701e-07 -6.3108594e+11 -1.4446476 0
-17.6 -3.16656e-10 -1e-08 -2.19172 -0.77907641 -0.76514701 -0.013929403 1.5535377e-07 -6.3469215e+11 -1.5576489 0
-17.7 -3.31497e-10 -1e-08 -2.17953 -0.77326114 -0.75926954 -0.013991597 1.5591551e-07 -6.3829836e+11 -1.5419639 0
-17.8 -5.36859e-10 -1e-08 -2.16393 -0.7675934 -0.75385917 -0.013734232 1.5687712e-07 -6.4190456e+11 -1.5620336 0
-17.9 -2.67053e-10 -1e-08 -2.15162 -0.76229933 -0.74865249 -0.013646847 1.5769893e-07 -6.4551077e+11 -1.5632535 0
-18 -5.36442e-10 -1e-08 -2.14543 -0.75711123 -0.74375376 -0.01335747 1.5953688e-07 -6.4911697e+11 -1.588247 0
-18.1 -3.79992e-10 -1e-08 -2.12249 -0.75148022 -0.73952272 -0.011957499 1.6124603e-07 -6.5272318e+11 -1.764395 0
-18.2 -4.62234e-10 -1e-08 -2.11536 -0.7469542 -0.73451523 -0.012438965 1.6336211e-07 -6.5632938e+11 -1.6867826 0
-18.3 -5.26297e-10 -1e-08 -2.10495 -0.7423119 -0.73007973 -0.012232168 1.6489886e-07 -6.5993559e+11 -1.7059262 0
-18.4 -2.3638e-10 -1e-08 -2.09445 -0.73858178 -0.72529312 -0.013288664 1.6568041e-07 -6.6354179e+11 -1.5617647 0
-18.5 -3.20017e-10 -1e-08 -2.08802 -0.73458915 -0.7216647 -0.01292445 1.6637526e-07 -6.67148e+11 -1.5970958 0
-18.6 -2.75588e-10 -1e-08 -2.06906 -0.73143029 -0.71786355 -0.013566748 1.6691909e-07 -6.707542e+11 -1.5133036 0
-18.7 -2.63607e-10 -1e-08 -2.06719 -0.72854765 -0.71430865 -0.014238994 1.6720235e-07 -6.7436041e+11 -1.4341476 0
-18.8 -4.12977e-10 -1e-08 -2.0507 -0.72500125 -0.71157067 -0.013430578 1.6885011e-07 -6.7796661e+11 -1.5123844 0
-18.9 -2.84314e-10 -1e-08 -2.05831 -0.72201516 -0.708113 -0.013902158 1.7058775e-07 -6.8157282e+11 -1.4533517 0
-19 -4.47047e-10 -1e-08 -2.04364 -0.71819466 -0.70535925 -0.012835409 1.7250099e-07 -6.8517903e+11 -1.5658546 0
-19.1 -5.08881e-10 -1e-08 -2.02733 -0.71494754 -0.70193728 -0.013010266 1.7356788e-07 -6.8878523e+11 -1.5367217 0
-19.2 -3.05533e-10 -1e-08 -2.02445 -0.71125841 -0.69918755 -0.012070861 1.7409412e-07 -6.9239144e+11 -1.6476891 0
-19.3 -4.21393e-10 -1e-08 -2.01589 -0.70837762 -0.69587627 -0.01250135 1.7558674e-07 -6.9599764e+11 -1.582707 0
-19.4 -4.21226e-10 -1e-08 -2.01164 -0.70596078 -0.69236968 -0.013591093 1.7715701e-07 -6.9960385e+11 -1.4483004 0
-19.5 -3.46673e-10 -1e-08 -2.01082 -0.70313306 -0.68947614 -0.013656916 1.7919726e-07 -7.0321005e+11 -1.4339285 0
-19.6 -4.66204e-10 -1e-08 -1.99846 -0.70041773 -0.68640826 -0.014009471 1.7994392e-07 -7.0681626e+11 -1.3907112 0
-19.7 -3.94237e-10 -1e-08 -1.99474 -0.69732003 -0.6838948 -0.013425226 1.8111464e-07 -7.1042246e+11 -1.4438661 0
-19.8 -3.40307e-10 -1e-08 -1.97907 -0.69359174 -0.6821179 -0.011473838 1.8290404e-07 -7.1402867e+11 -1.680896 0
-19.9 -3.89481e-10 -1e-08 -1.96913 -0.69068152 -0.67948951 -0.011192008 1.8407455e-07 -7.1763487e+11 -1.7145639 0
-20 -3.05533e-10 -1e-08 -1.95277 -0.68781725 -0.67688677 -0.010930488 1.8572362e-07 -7.2124108e+11 -1.7468081 0
-20.1 -5.27489e-10 -1e-08 -1.94962 -0.68552241 -0.67376034 -0.011762065 1.865773e-07 -7.2484729e+11 -1.6152328 0
-20.2 -3.42786e-10 -1e-08 -1.94187 -0.68281652 -0.67153471 -0.011281818 1.870791e-07 -7.2845349e+11 -1.6756538 0
-20.3 -5.37133e-10 -1e-08 -1.92623 -0.6802126 -0.6696417 -0.010570904 1.8733796e-07 -7.320597e+11 -1.7795352 0
-20.4 -4.07684e-10 -1e-08 -1.92189 -0.67800296 -0.66766142 -0.010341542 1.8737384e-07 -7.356659e+11 -1.8100863 0
-20.5 -5.13792e-10 -1e-08 -1.91215 -0.67616323 -0.66560035 -0.010562879 1.8869559e-07 -7.3927211e+11 -1.7635127 0
-20.6 -5.20527e-10 -1e-08 -1.89978 -0.67483907 -0.66300187 -0.011837209 1.9069452e-07 -7.4287831e+11 -1.5660233 0
-20.7 -4.05622e-10 -1e-08 -1.89708 -0.67278103 -0.66099587 -0.011785155 1.9311348e-07 -7.4648452e+11 -1.5653415 0
-20.8 -4.33457e-10 -1e-08 -1.89748 -0.67043011 -0.65897025 -0.011459862 1.970313e-07 -7.5009072e+11 -1.6020351 0
-20.9 -3.41725e-10 -1e-08 -1.88214 -0.668389 -0.65670647 -0.011682536 1.9973875e-07 -7.5369693e+11 -1.5639805 0
-21 -2.97141e-10 -1e-08 -1.88618 -0.66611653 -0.65470453 -0.011412 2.0148981e-07 -7.5730313e+11 -1.5934326 0
-21.1 -3.31533e-10 -1e-08 -1.87507 -0.66415501 -0.6525318 -0.011623212 2.031037e-07 -7.6090934e+11 -1.5570628 0
-21.2 -4.29845e-10 -1e-08 -1.87721 -0.6623712 -0.65012209 -0.012249119 2.0561596e-07 -7.6451554e+11 -1.4705305 0
-21.3 -4.47237e-10 -1e-08 -1.87776 -0.65992406 -0.64820181 -0.011722247 2.0613396e-07 -7.6812175e+11 -1.5294113 0
-21.4 -3.98469e-10 -1e-08 -1.86722 -0.65818678 -0.64573858 -0.012448197 2.0666446e-07 -7.7172796e+11 -1.4334895 0
-21.5 -3.71993e-10 -1e-08 -1.87292 -0.65575866 -0.64415207 -0.011606589 2.0657268e-07 -7.7533416e+11 -1.5302828 0
-21.6 -3.93164e-10 -1e-08 -1.86497 -0.65352246 -0.64268219 -0.010840266 2.0720441e-07 -7.7894037e+11 -1.6308765 0
-21.7 -4.92513e-10 -1e-08 -1.84672 -0.65163348 -0.64104069 -0.010592789 2.0849292e-07 -7.8254657e+11 -1.6612871 0
-21.8 -4.14968e-10 -1e-08 -1.8454 -0.64905025 -0.64010381 -0.00894644 2.100564e-07 -7.8615278e+11 -1.9579789 0
-21.9 -3.01969e-10 -1e-08 -1.83898 -0.64715808 -0.63830258 -0.008855498 2.1057104e-07 -7.8975898e+11 -1.9690541 0
-22 -5.21719e-10 -1e-08 -1.815 -0.64557309 -0.63614055 -0.009432539 2.1239243e-07 -7.9336519e+11 -1.8401934 0
-22.1 -4.91703e-10 -1e-08 -1.81579 -0.64356695 -0.63420788 -0.009359075 2.1316327e-07 -7.9697139e+11 -1.8462459 0
-22.2 -5.20909e-10 -1e-08 -1.80461 -0.64156654 -0.63238639 -0.009180151 2.146401e-07 -8.005776e+11 -1.8737513 0
-22.3 -4.67169e-10 -1e-08 -1.80386 -0.64036402 -0.62967666 -0.010687359 2.1655316e-07 -8.041838e+11 -1.602284 0
-22.4 -4.26412e-10 -1e-08 -1.80094 -0.63806247 -0.62802719 -0.010035273 2.1836421e-07 -8.0779001e+11 -1.6987816 0
-22.5 -4.91047e-10 -1e-08 -1.79564 -0.63621769 -0.62578188 -0.010435811 2.2191714e-07 -8.1139621e+11 -1.6263201 0
-22.6 -5.3587e-10 -1e-08 -1.78389 -0.6337388 -0.62380672 -0.009932071 2.273629e-07 -8.1500242e+11 -1.7012436 0
-22.7 -4.19188e-10 -1e-08 -1.78629 -0.63154768 -0.62121105 -0.010336626 2.3317441e-07 -8.1860863e+11 -1.6274591 0
-22.8 -3.15404e-10 -1e-08 -1.7732 -0.62894211 -0.6189154 -0.010026709 2.3688003e-07 -8.2221483e+11 -1.6704039 0
-22.9 -4.15838e-10 -1e-08 -1.76657 -0.62707989 -0.61622912 -0.01085077 2.3756095e-07 -8.2582104e+11 -1.5368048 0
-23 -5.12373e-10 -1e-08 -1.76288 -0.62447221 -0.61475723 -0.00971498 2.3737824e-07 -8.2942724e+11 -1.7090116 0
-23.1 -4.72617e-10 -1e-08 -1.76028 -0.62308851 -0.61255819 -0.01053032 2.3711868e-07 -8.3303345e+11 -1.569861 0
-23.2 -3.46351e-10 -1e-08 -1.76202 -0.62118398 -0.61119309 -0.009990897 2.3805999e-07 -8.3663965e+11 -1.6474881 0
-23.3 -4.66549e-10 -1e-08 -1.75243 -0.61967982 -0.60966449 -0.010015331 2.3808151e-07 -8.4024586e+11 -1.6364153 0
-23.4 -3.23415e-10 -1e-08 -1.74819 -0.61815315 -0.60840137 -0.00975178 2.4091081e-07 -8.4385206e+11 -1.6734587 0
-23.5 -5.40042e-10 -1e-08 -1.74799 -0.61622603 -0.60746559 -0.008760436 2.4273448e-07 -8.4745827e+11 -1.8549029 0
-23.6 -5.12111e-10 -1e-08 -1.73677 -0.61400735 -0.60676048 -0.007246878 2.4524269e-07 -8.5106447e+11 -2.2328102 0
-23.7 -5.85103e-10 -1e-08 -1.72984 -0.61224663 -0.60546984 -0.006776794 2.4671493e-07 -8.5467068e+11 -2.3776182 0
-23.8 -4.72057e-10 -1e-08 -1.73245 -0.61118406 -0.6034724 -0.007711663 2.4983202e-07 -8.5827688e+11 -2.0806056 0
-23.9 -3.7663e-10 -1e-08 -1.73374 -0.61001316 -0.60155702 -0.008456138 2.5221156e-07 -8.6188309e+11 -1.8894908 0
-24 -5.005e-10 -1e-08 -1.72903 -0.60878285 -0.59978885 -0.008994005 2.5605174e-07 -8.654893e+11 -1.7690919 0
-24.1 -5.21755e-10 -1e-08 -1.7182 -0.60760857 -0.59795097 -0.009657594 2.5880583e-07 -8.690955e+11 -1.6406984 0
-24.2 -3.74174e-10 -1e-08 -1.71607 -0.60552033 -0.59688532 -0.008635015 2.6410228e-07 -8.7270171e+11 -1.8274112 0
-24.3 -5.3004e-10 -1e-08 -1.70973 -0.60407687 -0.59491395 -0.00916292 2.6730512e-07 -8.7630791e+11 -1.7150413 0
-24.4 -4.02665e-10 -1e-08 -1.7067 -0.60183374 -0.59353482 -0.008298922 2.7001613e-07 -8.7991412e+11 -1.8858331 0
-24.5 -4.18246e-10 -1e-08 -1.7015 -0.60016049 -0.59161393 -0.008546556 2.7187984e-07 -8.8352032e+11 -1.8237173 0
-24.6 -4.97496e-10 -1e-08 -1.69208 -0.59833295 -0.58997852 -0.008354433 2.7379372e-07 -8.8712653e+11 -1.8580725 0
-24.7 -4.82321e-10 -1e-08 -1.6939 -0.59684799 -0.58812934 -0.008718652 2.7280606e-07 -8.9073273e+11 -1.7732438 0
-24.8 -3.49224e-10 -1e-08 -1.68301 -0.59481935 -0.58690869 -0.007910662 2.7101993e-07 -8.9433894e+11 -1.9464813 0
-24.9 -4.48525e-10 -1e-08 -1.67973 -0.59335891 -0.58518777 -0.008171139 2.7062855e-07 -8.9794514e+11 -1.876864 0
-25 -3.80182e-10 -1e-08 -1.67609 -0.59152557 -0.58375617 -0.007769402 2.7054203e-07 -9.0155135e+11 -1.9660165 0
-25.1 -4.50754e-10 -1e-08 -1.67286 -0.58977965 -0.58203654 -0.007743107 2.7119056e-07 -9.0515755e+11 -1.9648336 0
-25.2 -4.08661e-10 -1e-08 -1.65966 -0.58762639 -0.58074764 -0.006878747 2.7198205e-07 -9.0876376e+11 -2.2029512 0
-25.3 -3.29888e-10 -1e-08 -1.66312 -0.5864038 -0.5787454 -0.007658399 2.735178e-07 -9.1236997e+11 -1.9708621 0
-25.4 -4.26316e-10 -1e-08 -1.65793 -0.58502523 -0.57706662 -0.007958604 2.7605742e-07 -9.1597617e+11 -1.889053 0
-25.5 -5.60176e-10 -1e-08 -1.65253 -0.58367643 -0.57536277 -0.008313655 2.7821697e-07 -9.1958238e+11 -1.8012856 0
-25.6 -3.53229e-10 -1e-08 -1.64914 -0.58174201 -0.57418719 -0.00755482 2.8068462e-07 -9.2318858e+11 -1.9744706 0
-25.7 -4.93467e-10 -1e-08 -1.64372 -0.5804193 -0.57264264 -0.007776654 2.8185917e-07 -9.2679479e+11 -1.9106839 0
-25.8 -5.54395e-10 -1e-08 -1.63921 -0.5789807 -0.57132151 -0.007659191 2.8343523e-07 -9.3040099e+11 -1.9324673 0
-25.9 -4.82345e-10 -1e-08 -1.63841 -0.57786044 -0.56992069 -0.00793975 2.8348593e-07 -9.340072e+11 -1.856984 0
-26 -4.45914e-10 -1e-08 -1.63866 -0.57696404 -0.5684486 -0.008515437 2.8737725e-07 -9.376134e+11 -1.724783 0
-26.1 -4.36068e-10 -1e-08 -1.63191 -0.57580756 -0.56728662 -0.008520945 2.9190044e-07 -9.4121961e+11 -1.717064 0
-26.2 -5.11384e-10 -1e-08 -1.63341 -0.57491725 -0.56591463 -0.009002618 2.9622902e-07 -9.4482581e+11 -1.6189918 0
-26.3 -5.26512e-10 -1e-08 -1.63013 -0.57309678 -0.56542952 -0.007667258 2.9691611e-07 -9.4843202e+11 -1.8937338 0
-26.4 -4.06981e-10 -1e-08 -1.62221 -0.57186069 -0.56435924 -0.007501449 3.01285e-07 -9.5203823e+11 -1.9282603 0
-26.5 -5.71764e-10 -1e-08 -1.61787 -0.57044421 -0.56335463 -0.007089579 3.0681338e-07 -9.5564443e+11 -2.0325837 0
-26.6 -4.43208e-10 -1e-08 -1.60964 -0.56908389 -0.56196611 -0.007117783 3.1200576e-07 -9.5925064e+11 -2.0169186 0
-26.7 -4.80688e-10 -1e-08 -1.61614 -0.56785707 -0.56021627 -0.007640806 3.1288557e-07 -9.6285684e+11 -1.871821 0
-26.8 -4.81236e-10 -1e-08 -1.61028 -0.56637626 -0.55866601 -0.007710253 3.1420101e-07 -9.6646305e+11 -1.8480398 0
-26.9 -4.79937e-10 -1e-08 -1.60883 -0.56492961 -0.55704903 -0.007880576 3.1617223e-07 -9.7006925e+11 -1.8013766 0
-27 -6.21474e-10 -1e-08 -1.59793 -0.56252167 -0.55624891 -0.006272763 3.2124671e-07 -9.7367546e+11 -2.2547174 0
-27.1 -4.14419e-10 -1e-08 -1.5977 -0.56056884 -0.55474682 -0.005822025 3.2714197e-07 -9.7728166e+11 -2.4203122 0
-27.2 -5.04422e-10 -1e-08 -1.59395 -0.55873643 -0.55286603 -0.005870393 3.3088542e-07 -9.8088787e+11 -2.3915456 0
-27.3 -5.43332e-10 -1e-08 -1.58887 -0.5571538 -0.55057117 -0.006582628 3.3382001e-07 -9.8449407e+11 -2.12497 0
-27.4 -4.80032e-10 -1e-08 -1.58085 -0.55476775 -0.54895915 -0.0058086 3.3560502e-07 -9.8810028e+11 -2.3993451 0
-27.5 -3.85642e-10 -1e-08 -1.58023 -0.5527158 -0.5471063 -0.005609498 3.368208e-07 -9.9170648e+11 -2.4754723 0
-27.6 -5.25761e-10 -1e-08 -1.57532 -0.55105678 -0.5451642 -0.005892585 3.3777939e-07 -9.9531269e+11 -2.3480093 0
-27.7 -4.82821e-10 -1e-08 -1.57007 -0.55002883 -0.54292352 -0.007105308 3.390074e-07 -9.989189e+11 -1.9402249 0
-27.8 -4.90868e-10 -1e-08 -1.56626 -0.54848362 -0.54139696 -0.007086654 3.3962829e-07 -1.0025251e+12 -1.9383345 0
-27.9 -4.33898e-10 -1e-08 -1.55906 -0.5468251 -0.54012825 -0.006696846 3.4544092e-07 -1.0061313e+12 -2.0438087 0
-28 -4.89819e-10 -1e-08 -1.55512 -0.54484245 -0.53910348 -0.005738971 3.5153984e-07 -1.0097375e+12 -2.3764172 0
-28.1 -5.48899e-10 -1e-08 -1.55066 -0.54331163 -0.53754943 -0.005762207 3.5783722e-07 -1.0133437e+12 -2.3584115 0
-28.2 -4.89414e-10 -1e-08 -1.54553 -0.54208388 -0.53554741 -0.006536464 3.6164766e-07 -1.0169499e+12 -2.0716805 0
-28.3 -4.03154e-10 -1e-08 -1.54481 -0.54077165 -0.53357792 -0.007193725 3.6688246e-07 -1.0205561e+12 -1.875748 0
-28.4 -4.64356e-10 -1e-08 -1.54069 -0.53890901 -0.53212541 -0.006783599 3.7129486e-07 -1.0241623e+12 -1.9821488 0
-28.5 -5.36263e-10 -1e-08 -1.53946 -0.53728328 -0.53038099 -0.006902294 3.7521704e-07 -1.0277685e+12 -1.9412275 0
-28.6 -4.77982e-10 -1e-08 -1.54194 -0.53549463 -0.52883577 -0.006658857 3.7690855e-07 -1.0313747e+12 -2.00516 0
-28.7 -3.89218e-10 -1e-08 -1.53832 -0.53390717 -0.52733606 -0.00657111 3.7866598e-07 -1.0349809e+12 -2.0248559 0
-28.8 -5.28979e-10 -1e-08 -1.53653 -0.53291777 -0.52560708 -0.007310696 3.8689753e-07 -1.0385872e+12 -1.813692 0
-28.9 -4.96602e-10 -1e-08 -1.5289 -0.53067548 -0.52527071 -0.005404769 3.9495678e-07 -1.0421934e+12 -2.4447799 0
-29 -4.62973e-10 -1e-08 -1.52958 -0.5294898 -0.52408274 -0.005407058 4.0293392e-07 -1.0457996e+12 -2.4353183 0
-29.1 -6.00028e-10 -1e-08 -1.52322 -0.52795729 -0.52339852 -0.004558766 4.0725517e-07 -1.0494058e+12 -2.8785546 0
-29.2 -4.17447e-10 -1e-08 -1.51997 -0.52705603 -0.52224901 -0.004807018 4.1001666e-07 -1.053012e+12 -2.7205465 0
-29.3 -5.02944e-10 -1e-08 -1.51437 -0.52603187 -0.52148995 -0.004541925 4.1565725e-07 -1.0566182e+12 -2.8695062 0
-29.4 -4.4868e-10 -1e-08 -1.50525 -0.52550699 -0.52035001 -0.005156979 4.230466e-07 -1.0602244e+12 -2.5186746 0
-29.5 -4.96137e-10 -1e-08 -1.50482 -0.52454067 -0.51976717 -0.004773505 4.2497851e-07 -1.0638306e+12 -2.7117856 0
-29.6 -4.24421e-10 -1e-08 -1.50091 -0.52394661 -0.51880175 -0.005144859 4.2798986e-07 -1.0674368e+12 -2.5075498 0
-29.7 -5.81253e-10 -1e-08 -1.50449 -0.52318216 -0.51781828 -0.005363888 4.318548e-07 -1.071043e+12 -2.3970583 0
-29.8 -4.40168e-10 -1e-08 -1.49654 -0.52185069 -0.51728631 -0.004564389 4.3517669e-07 -1.0746492e+12 -2.8074746 0
-29.9 -4.97925e-10 -1e-08 -1.50204 -0.52078026 -0.51618927 -0.004590991 4.4203737e-07 -1.0782554e+12 -2.7818719 0
-30 -4.93419e-10 -1e-08 -1.50133 -0.51956787 -0.51512837 -0.004439508 4.447224e-07 -1.0818616e+12 -2.8672044 0
-30.1 -3.33536e-10 -1e-08 -1.49688 -0.51851017 -0.51386714 -0.004643027 4.4701023e-07 -1.0854678e+12 -2.7324174 0
-30.2 -5.7466e-10 -1e-08 -1.49039 -0.51759171 -0.51258741 -0.005004295 4.4620113e-07 -1.089074e+12 -2.5267653 0
-30.3 -4.0971e-10 -1e-08 -1.49076 -0.51655202 -0.5117135 -0.004838521 4.4795554e-07 -1.0926802e+12 -2.6047107 0
-30.4 -5.40972e-10 -1e-08 -1.48968 -0.51561803 -0.51084115 -0.004776881 4.4932798e-07 -1.0962864e+12 -2.6296427 0
-30.5 -4.58503e-10 -1e-08 -1.48225 -0.51552585 -0.50949457 -0.006031284 4.5141629e-07 -1.0998926e+12 -2.0758938 0
-30.6 -5.00524e-10 -1e-08 -1.48426 -0.51480603 -0.50904371 -0.005762319 4.5096495e-07 -1.1034989e+12 -2.1656887 0
-30.7 -4.90797e-10 -1e-08 -1.48366 -0.51414664 -0.50879797 -0.005348673 4.5069453e-07 -1.1071051e+12 -2.3255749 0
-30.8 -4.65095e-10 -1e-08 -1.47895 -0.51379944 -0.50835871 -0.005440727 4.5122442e-07 -1.1107113e+12 -2.2788047 0
-30.9 -5.45204e-10 -1e-08 -1.47551 -0.5130679 -0.5081195 -0.004948402 4.5075099e-07 -1.1143175e+12 -2.4974184 0
-31 -4.86326e-10 -1e-08 -1.46983 -0.51251945 -0.50777062 -0.004748838 4.4567874e-07 -1.1179237e+12 -2.5939745 0
-31.1 -5.56779e-10 -1e-08 -1.46964 -0.51209164 -0.50725415 -0.004837486 4.4453871e-07 -1.1215299e+12 -2.5382515 0
-31.2 -4.10223e-10 -1e-08 -1.46996 -0.51166616 -0.50694152 -0.004724634 4.4277414e-07 -1.1251361e+12 -2.5905501 0
-31.3 -5.09846e-10 -1e-08 -1.46482 -0.51115573 -0.5067059 -0.004449833 4.4611209e-07 -1.1287423e+12 -2.7417428 0
-31.4 -5.69665e-10 -1e-08 -1.45862 -0.51064098 -0.50635344 -0.004287543 4.5014946e-07 -1.1323485e+12 -2.8364597 0
-31.5 -3.98576e-10 -1e-08 -1.45918 -0.51033153 -0.505654 -0.004677522 4.576146e-07 -1.1359547e+12 -2.5917217 0
-31.6 -5.82373e-10 -1e-08 -1.46278 -0.5097974 -0.50492396 -0.004873441 4.6735077e-07 -1.1395609e+12 -2.479659 0
-31.7 -5.23388e-10 -1e-08 -1.4566 -0.50928275 -0.50406885 -0.005213901 4.7240322e-07 -1.1431671e+12 -2.3104294 0
-31.8 -5.46277e-10 -1e-08 -1.45463 -0.50870288 -0.50348028 -0.005222602 4.7467632e-07 -1.1467733e+12 -2.2993268 0
-31.9 -4.77898e-10 -1e-08 -1.45413 -0.50794941 -0.50328918 -0.004660239 4.7684272e-07 -1.1503795e+12 -2.5687148 0
-32 -4.17328e-10 -1e-08 -1.45301 -0.50823869 -0.50234039 -0.005898299 4.8250601e-07 -1.1539857e+12 -2.0231962 0
-32.1 -4.31681e-10 -1e-08 -1.44835 -0.50723503 -0.50257084 -0.00466419 4.8902829e-07 -1.1575919e+12 -2.5505479 0
-32.2 -2.80619e-10 -1e-08 -1.45531 -0.50701048 -0.50197477 -0.005035713 4.9770888e-07 -1.1611981e+12 -2.355038 0
-32.3 -4.74811e-10 -1e-08 -1.44548 -0.50615101 -0.5018332 -0.004317811 5.0201326e-07 -1.1648043e+12 -2.7380956 0
-32.4 -5.61166e-10 -1e-08 -1.43584 -0.50555929 -0.50147936 -0.004079931 4.9699662e-07 -1.1684105e+12 -2.8887963 0
-32.5 -5.73015e-10 -1e-08 -1.43281 -0.50494609 -0.50137969 -0.003566404 4.9298665e-07 -1.1720168e+12 -3.294586 0
-32.6 -6.356e-10 -1e-08 -1.42921 -0.50476802 -0.50089911 -0.003868912 4.8940368e-07 -1.175623e+12 -3.0276684 0
-32.7 -5.31638e-10 -1e-08 -1.44147 -0.50476467 -0.50025265 -0.004512019 4.9029628e-07 -1.1792292e+12 -2.5881896 0
-32.8 -4.96519e-10 -1e-08 -1.43252 -0.50448817 -0.49969425 -0.00479392 4.9365805e-07 -1.1828354e+12 -2.4285672 0
-32.9 -5.62847e-10 -1e-08 -1.43626 -0.50405411 -0.49916219 -0.004891922 4.9549446e-07 -1.1864416e+12 -2.3726809 0
-33 -4.76301e-10 -1e-08 -1.42796 -0.50303433 -0.4991279 -0.003906427 5.0120575e-07 -1.1900478e+12 -2.9622459 0
-33.1 -5.29635e-10 -1e-08 -1.42368 -0.50226494 -0.49859732 -0.003667617 5.068954e-07 -1.193654e+12 -3.1455948 0
-33.2 -5.16677e-10 -1e-08 -1.42472 -0.50151257 -0.49805644 -0.003456136 5.053999e-07 -1.1972602e+12 -3.3280194 0
-33.3 -5.8012e-10 -1e-08 -1.41727 -0.50106032 -0.49710189 -0.003958429 5.0549644e-07 -1.2008664e+12 -2.8969944 0
-33.4 -4.91333e-10 -1e-08 -1.42641 -0.50127392 -0.49562354 -0.005650376 5.0655439e-07 -1.2044726e+12 -2.0234428 0
-33.5 -5.43511e-10 -1e-08 -1.42201 -0.50044321 -0.49531677 -0.005126442 5.1192378e-07 -1.2080788e+12 -2.2235858 0
-33.6 -5.33843e-10 -1e-08 -1.42054 -0.50006407 -0.49449881 -0.005565269 5.1920722e-07 -1.211685e+12 -2.0421579 0
-33.7 -6.42979e-10 -1e-08 -1.42292 -0.49904267 -0.49436298 -0.004679686 5.2053083e-07 -1.2152912e+12 -2.4214089 0
-33.8 -5.10764e-10 -1e-08 -1.41823 -0.49837178 -0.49390335 -0.004468431 5.330458e-07 -1.2188974e+12 -2.5283838 0
-33.9 -4.87614e-10 -1e-08 -1.41039 -0.49788743 -0.4931017 -0.004785736 5.3871798e-07 -1.2225036e+12 -2.3537824 0
-34 -5.87392e-10 -1e-08 -1.40609 -0.49671292 -0.49299463 -0.003718286 5.4240793e-07 -1.2261098e+12 -3.0205988 0
-34.1 -5.88834e-10 -1e-08 -1.40508 -0.49643769 -0.4919673 -0.004470387 5.4121221e-07 -1.229716e+12 -2.5050434 0
-34.2 -4.30536e-10 -1e-08 -1.40594 -0.49623401 -0.49123814 -0.004995869 5.3717504e-07 -1.2333222e+12 -2.2350004 0
-34.3 -4.37534e-10 -1e-08 -1.40624 -0.49580618 -0.49079367 -0.005012519 5.2972975e-07 -1.2369285e+12 -2.221082 0
-34.4 -5.92458e-10 -1e-08 -1.39894 -0.49490459 -0.49076669 -0.004137902 5.2385232e-07 -1.2405347e+12 -2.6827247 0
-34.5 -5.24759e-10 -1e-08 -1.39998 -0.49398932 -0.49061331 -0.003376009 5.2985021e-07 -1.2441409e+12 -3.2786274 0
-34.6 -5.36835e-10 -1e-08 -1.39278 -0.49320253 -0.49034308 -0.002859447 5.3115632e-07 -1.2477471e+12 -3.8597271 0
-34.7 -5.58531e-10 -1e-08 -1.39111 -0.4930515 -0.4893624 -0.003689102 5.3558118e-07 -1.2513533e+12 -2.983078 0
-34.8 -6.20961e-10 -1e-08 -1.38812 -0.49209162 -0.48915689 -0.002934727 5.3566737e-07 -1.2549595e+12 -3.7391062 0
-34.9 -6.30355e-10 -1e-08 -1.38889 -0.49193702 -0.48812873 -0.003808289 5.3857576e-07 -1.2585657e+12 -2.8731575 0
-35 -5.08511e-10 -1e-08 -1.3914 -0.49158922 -0.48741454 -0.004174679 5.3984929e-07 -1.2621719e+12 -2.6135067 0
-35.1 -4.9181e-10 -1e-08 -1.38426 -0.49106605 -0.48697787 -0.00408818 5.3626516e-07 -1.2657781e+12 -2.6612007 0
-35.2 -4.60315e-10 -1e-08 -1.38986 -0.49076677 -0.48649748 -0.00426929 5.36713e-07 -1.2693843e+12 -2.5410689 0
-35.3 -6.26302e-10 -1e-08 -1.37668 -0.49053249 -0.48595534 -0.004577151 5.3949994e-07 -1.2729905e+12 -2.3634412 0
-35.4 -5.09954e-10 -1e-08 -1.37711 -0.49042237 -0.48533808 -0.005084288 5.4388993e-07 -1.2765967e+12 -2.1216872 0
-35.5 -5.59402e-10 -1e-08 -1.37515 -0.48968227 -0.48540999 -0.00427228 5.4468403e-07 -1.2802029e+12 -2.5178317 0
-35.6 -6.04796e-10 -1e-08 -1.38324 -0.48952384 -0.48470453 -0.004819312 5.4131935e-07 -1.2838091e+12 -2.2257671 0
-35.7 -5.05495e-10 -1e-08 -1.37252 -0.48902985 -0.48452131 -0.004508536 5.3366633e-07 -1.2874153e+12 -2.3725261 0
-35.8 -6.09434e-10 -1e-08 -1.37592 -0.48878684 -0.48412505 -0.004661789 5.3913894e-07 -1.2910215e+12 -2.2881217 0
-35.9 -6.00004e-10 -1e-08 -1.36915 -0.4881262 -0.48414965 -0.003976553 5.3232678e-07 -1.2946277e+12 -2.6749368 0
-36 -6.11496e-10 -1e-08 -1.37016 -0.48802673 -0.48350339 -0.004523338 5.4621084e-07 -1.2982339e+12 -2.345056 0
-36.1 -6.74844e-10 -1e-08 -1.36742 -0.48730661 -0.48304817 -0.004258444 5.6879411e-07 -1.3018401e+12 -2.4840287 0
-36.2 -3.8048e-10 -1e-08 -1.36891 -0.48665004 -0.48226324 -0.004386796 5.7681484e-07 -1.3054464e+12 -2.404688 0
-36.3 -7.01535e-10 -1e-08 -1.36501 -0.4857583 -0.48134702 -0.004411285 5.9226294e-07 -1.3090526e+12 -2.3847508 0
-36.4 -6.49762e-10 -1e-08 -1.36664 -0.48467706 -0.48053257 -0.00414449 5.9682986e-07 -1.3126588e+12 -2.5312922 0
-36.5 -6.46186e-10 -1e-08 -1.36373 -0.48373475 -0.47972234 -0.004012413 6.0087814e-07 -1.316265e+12 -2.6074516 0
-36.6 -5.7267e-10 -1e-08 -1.35229 -0.4827336 -0.47894835 -0.003785257 6.0443436e-07 -1.3198712e+12 -2.756375 0
-36.7 -5.74803e-10 -1e-08 -1.36058 -0.48168688 -0.47807517 -0.003611713 6.1984018e-07 -1.3234774e+12 -2.8809483 0
-36.8 -5.32365e-10 -1e-08 -1.35488 -0.48046427 -0.4773698 -0.003094474 6.4101084e-07 -1.3270836e+12 -3.3533594 0
-36.9 -5.54717e-10 -1e-08 -1.35233 -0.47977238 -0.476148 -0.003624379 6.5725097e-07 -1.3306898e+12 -2.85532 0
-37 -6.2753e-10 -1e-08 -1.35115 -0.47841558 -0.47588223 -0.002533358 6.5658994e-07 -1.334296e+12 -4.0739572 0
-37.1 -5.69713e-10 -1e-08 -1.34427 -0.47742718 -0.47522689 -0.002200288 6.6223727e-07 -1.3379022e+12 -4.6780118 0
-37.2 -5.32818e-10 -1e-08 -1.34177 -0.47709916 -0.4739834 -0.003115764 6.6486954e-07 -1.3415084e+12 -3.2946346 0
-37.3 -6.81353e-10 -1e-08 -1.33873 -0.47604526 -0.47342242 -0.002622845 6.7328513e-07 -1.3451146e+12 -3.9033123 0
-37.4 -4.92299e-10 -1e-08 -1.33762 -0.47580331 -0.4719857 -0.003817607 6.8848631e-07 -1.3487208e+12 -2.6745575 0
-37.5 -6.33633e-10 -1e-08 -1.338 -0.47514647 -0.47089506 -0.004251416 7.0211062e-07 -1.352327e+12 -2.3952447 0
-37.6 -4.40264e-10 -1e-08 -1.33266 -0.47396169 -0.47022916 -0.003732527 7.1184149e-07 -1.3559332e+12 -2.7209712 0
-37.7 -6.18553e-10 -1e-08 -1.33358 -0.47270899 -0.46988517 -0.002823818 7.2628347e-07 -1.3595394e+12 -3.587044 0
-37.8 -6.82771e-10 -1e-08 -1.3328 -0.4716329 -0.46927053 -0.002362375 7.3553915e-07 -1.3631456e+12 -4.2763586 0
-37.9 -6.3597e-10 -1e-08 -1.33088 -0.47100111 -0.46829169 -0.002709419 7.2948502e-07 -1.3667518e+12 -3.7187705 0
-38 -5.68831e-10 -1e-08 -1.33018 -0.47091418 -0.46683558 -0.004078596 7.3037601e-07 -1.3703581e+12 -2.4638852 0
-38.1 -5.28514e-10 -1e-08 -1.33165 -0.47003171 -0.46639305 -0.003638656 7.1574612e-07 -1.3739643e+12 -2.7545381 0
-38.2 -6.65104e-10 -1e-08 -1.32764 -0.46970565 -0.46585774 -0.00384791 6.928397e-07 -1.3775705e+12 -2.5979243 0
-38.3 -5.20623e-10 -1e-08 -1.32525 -0.46905787 -0.4658117 -0.003246163 6.9307228e-07 -1.3811767e+12 -3.0714656 0
-38.4 -6.60682e-10 -1e-08 -1.32774 -0.46843613 -0.46574344 -0.002692692 6.8227849e-07 -1.3847829e+12 -3.6931492 0
-38.5 -5.07748e-10 -1e-08 -1.32362 -0.4680965 -0.46540079 -0.00269571 7.005329e-07 -1.3883891e+12 -3.6794326 0
-38.6 -6.3504e-10 -1e-08 -1.31338 -0.46777692 -0.46485162 -0.002925306 7.0496124e-07 -1.3919953e+12 -3.3818641 0
-38.7 -5.62823e-10 -1e-08 -1.32136 -0.46721889 -0.46472911 -0.002489786 7.0424311e-07 -1.3956015e+12 -3.9631615 0
-38.8 -6.7451e-10 -1e-08 -1.3153 -0.46696565 -0.46422572 -0.002739935 7.0291635e-07 -1.3992077e+12 -3.5920533 0
-38.9 -5.87475e-10 -1e-08 -1.31346 -0.4672648 -0.4634988 -0.003766 6.9778409e-07 -1.4028139e+12 -2.6066627 0
-39 -5.51534e-10 -1e-08 -1.31741 -0.46687937 -0.46336307 -0.003516302 7.0383505e-07 -1.4064201e+12 -2.7846074 0
-39.1 -6.69968e-10 -1e-08 -1.31539 -0.44477612 -0.44086201 -0.003914103 6.7807506e-07 -1.4100263e+12 -2.4952022 0
-39.2 -5.37789e-10 -1e-08 -1.31681 -0.42261062 -0.41838164 -0.004228979 6.4920051e-07 -1.4136325e+12 -2.3035262 0
-39.3 -7.80904e-10 -1e-08 -1.30947 -0.39969068 -0.39659625 -0.003094421 6.2189619e-07 -1.4172387e+12 -3.1400951 0
-39.4 -6.2958e-10 -1e-08 -1.30487 -0.37761094 -0.37402067 -0.00359027 5.8953041e-07 -1.4208449e+12 -2.6995503 0
-39.5 -5.40519e-10 -1e-08 -1.30399 -0.35467814 -0.35238293 -0.002295216 5.50512e-07 -1.4244511e+12 -4.2120556 0
-39.6 -6.3858e-10 -1e-08 -1.30537 -0.33308983 -0.32948447 -0.003605364 5.1153727e-07 -1.4280573e+12 -2.6746715 0
-39.7 -5.94056e-10 -1e-08 -1.30833 -0.31100118 -0.30717093 -0.003830245 4.7562151e-07 -1.4316635e+12 -2.5112948 0
-39.8 -6.70922e-10 -1e-08 -1.29779 -0.28836868 -0.28544044 -0.002928237 4.3342328e-07 -1.4352697e+12 -3.2766153 0
-39.9 -5.2247e-10 -1e-08 -1.30447 -0.26613092 -0.26346036 -0.002670554 3.9507764e-07 -1.438876e+12 -3.583773 0
-40 -6.4429e-10 -1e-08 -1.29858 -0.24388723 -0.24154353 -0.002343701 3.6717945e-07 -1.4424822e+12 -4.0733578 0
