0 5.265e-10 0 0 -0.1473502 -0.11188494 -0.035465262 0 0 0 0
-0.1 3.48473e-10 0 0 -0.16304968 -0.15613889 -0.0069107954 0 -3.6062054e+09 0 0
-0.2 3.37565e-10 0 0 -0.27643603 -0.084930643 -0.19150539 0 -7.2124108e+09 0 0
-0.3 3.13544e-10 0 0 -0.41893641 0.013708474 -0.43264488 0 -1.0818616e+10 0 0
-0.4 3.11863e-10 0 0 -0.57283551 0.085202937 -0.65803845 0 -1.4424822e+10 0 0
-0.5 2.97213e-10 0 0 -0.27865706 -0.22601755 -0.052639514 0 -1.8031027e+10 0 0
-0.6 2.17605e-10 0 0 -0.58131763 0.063753458 -0.64507108 0 -2.1637232e+10 0 0
-0.7 3.68822e-10 0 0 -0.30162701 -0.23087013 -0.070756878 0 -2.5243438e+10 0 0
-0.8 2.42221e-10 0 0 -0.30683283 -0.27970712 -0.027125705 0 -2.8849643e+10 0 0
-0.9 2.79188e-10 0 0 -0.36238633 -0.25764735 -0.10473898 0 -3.2455849e+10 0 0
-1 2.04945e-10 0 0 -0.53747327 -0.12204048 -0.4154328 0 -3.6062054e+10 0 0
-1.1 2.707e-10 0 0 -0.2667974 -0.43310937 0.16631197 0 -3.9668259e+10 0 0
-1.2 1.5415e-10 0 0 -0.61498316 -0.16062859 -0.45435457 0 -4.3274465e+10 0 0
-1.3 2.20823e-10 0 0 -0.79373437 0.015164979 -0.80889935 0 -4.688067e+10 0 0
-1.4 1.85573e-10 0 0 -0.48642794 -0.27286383 -0.21356411 0 -5.0486876e+10 0 0
-1.5 1.36173e-10 0 0 -0.2315344 -0.5098565 0.2783221 0 -5.4093081e+10 0 0
-1.6 2.93148e-10 0 0 -0.34756913 -0.34025666 -0.007312472 0 -5.7699286e+10 0 0
-1.7 2.43747e-10 0 0 -0.42145541 -0.23598744 -0.18546797 0 -6.1305492e+10 0 0
-1.8 3.1091e-10 0 0 -0.16480298 -0.55219166 0.38738868 0 -6.4911697e+10 0 0
-1.9 2.70689e-10 0 0 -0.53119168 -0.21402552 -0.31716616 0 -6.8517903e+10 0 0
-2 1.85585e-10 0 0 -0.69332814 -0.077350642 -0.6159775 0 -7.2124108e+10 0 0
-2.1 2.1832e-10 0 0 -0.86364243 0.034924036 -0.89856646 0 -7.5730313e+10 0 0
-2.2 2.04492e-10 0 0 -0.5656311 -0.2661312 -0.29949991 0 -7.9336519e+10 0 0
-2.3 1.5012e-10 0 0 -0.28058929 -0.53612058 0.25553129 0 -8.2942724e+10 0 0
-2.4 1.9871e-10 0 0 -0.41806855 -0.37723729 -0.040831261 0 -8.654893e+10 0 0
-2.5 2.65968e-10 0 0 -0.32088213 -0.42733677 0.10645464 0 -9.0155135e+10 0 0
-2.6 1.55187e-10 0 0 -0.37406401 -0.39517447 0.021110457 0 -9.376134e+10 0 0
-2.7 1.83654e-10 0 0 -0.55940897 -0.24975743 -0.30965153 0 -9.7367546e+10 0 0
-2.8 1.53315e-10 0 0 -0.31260541 -0.53239401 0.2197886 0 -1.0097375e+11 0 0
-2.9 2.49386e-11 0 0 -0.66778182 -0.1849001 -0.48288172 0 -1.0457996e+11 0 0
-3 2.00331e-10 0 0 -0.86493639 -0.015630854 -0.84930554 0 -1.0818616e+11 0 0
-3.1 1.4503e-10 0 0 -0.60405863 -0.28928859 -0.31477004 0 -1.1179237e+11 0 0
-3.2 -4.5979e-11 0 0 -0.86131955 -0.043073825 -0.81824572 0 -1.1539857e+11 0 0
-3.3 2.09475e-10 0 0 -0.29918799 -0.58034219 0.2811542 0 -1.1900478e+11 0 0
-3.4 1.84619e-10 0 0 -0.42114869 -0.50470264 0.083553949 0 -1.2261098e+11 0 0
-3.5 2.53665e-10 0 0 -0.42893494 -0.55521288 0.12627794 0 -1.2621719e+11 0 0
-3.6 -1.53387e-10 0 0 -0.55375997 -0.44452282 -0.10923715 0 -1.2982339e+11 0 0
-3.7 3.32499e-10 0 0 -0.57567439 -0.47285118 -0.10282322 0 -1.334296e+11 0 0
-3.8 -3.89743e-10 0 0 -0.70818383 -0.36562246 -0.34256137 0 -1.3703581e+11 0 0
-3.9 2.42412e-10 0 0 -0.6462329 -0.39935064 -0.24688225 0 -1.4064201e+11 0 0
-4 -4.758e-10 0 0 -0.70263047 -0.3402148 -0.36241566 0 -1.4424822e+11 0 0
-4.1 2.8547e-10 0 0 -0.8762419 -0.19212495 -0.68411695 0 -1.4785442e+11 0 0
-4.2 2.98131e-10 0 0 -0.86775684 -0.1692481 -0.69850874 0 -1.5146063e+11 0 0
-4.3 3.5423e-10 0 0 -0.856291 -0.14781245 -0.70847855 0 -1.5506683e+11 0 0
-4.4 3.5516e-10 0 0 -0.88959647 -0.15314827 -0.7364482 0 -1.5867304e+11 0 0
-4.5 4.49407e-10 0 0 -0.94980955 -0.17113862 -0.77867092 0 -1.6227924e+11 0 0
-4.6 4.31228e-10 0 0 -0.77500485 -0.44545573 -0.32954912 0 -1.6588545e+11 0 0
-4.7 5.99873e-10 0 0 -0.56691185 -0.79304408 0.22613224 0 -1.6949165e+11 0 0
-4.8 -1.03853e-09 0 0 -0.81501316 -0.70669064 -0.10832252 0 -1.7309786e+11 0 0
-4.9 6.2499e-10 0 0 -1.071792 -0.6353805 -0.43641153 0 -1.7670406e+11 0 0
-5 6.92332e-10 0 0 -1.1765037 -0.72103138 -0.45547227 0 -1.8031027e+11 0 0
-5.1 7.10142e-10 0 0 -1.4889848 -0.61133765 -0.87764718 0 -1.8391648e+11 0 0
-5.2 4.12822e-10 0 0 -1.4069684 -0.91447196 -0.49249639 0 -1.8752268e+11 0 0
-5.3 7.50244e-10 0 0 -1.2761509 -1.2712596 -0.004891356 0 -1.9112889e+11 0 0
-5.4 5.97429e-10 0 0 -1.6346581 -1.1421218 -0.49253629 0 -1.9473509e+11 0 0
-5.5 6.1537e-10 0 0 -1.8067005 -1.2013376 -0.6053629 0 -1.983413e+11 0 0
-5.6 2.24018e-10 0 0 -1.799953 -1.4412501 -0.35870296 0 -2.019475e+11 0 0
-5.7 1.30057e-10 0 0 -1.8021354 -1.7076845 -0.09445086 0 -2.0555371e+11 0 0
-5.8 1.47796e-10 0 0 -1.8307193 -1.910659 0.07993971 0 -2.0915991e+11 0 0
-5.9 1.26994e-10 0 0 -1.9201839 -2.0759393 0.1557554 0 -2.1276612e+11 0 0
-6 6.41346e-11 0 0 -2.0315105 -2.2400153 0.20850478 0 -2.1637232e+11 0 0
-6.1 9.96709e-11 0 0 -2.1549132 -2.3938992 0.23898595 0 -2.1997853e+11 0 0
-6.2 1.04487e-10 0 0 -2.2781644 -2.5246381 0.24647367 0 -2.2358473e+11 0 0
-6.3 1.07288e-10 0 0 -2.4247342 -2.6595696 0.23483532 0 -2.2719094e+11 0 0
-6.4 1.1586e-10 0 0 -2.5888872 -2.7996222 0.21073493 0 -2.3079715e+11 0 0
-6.5 4.50015e-11 0 0 -2.7412376 -2.9219571 0.18071947 0 -2.3440335e+11 0 0
-6.6 1.05739e-10 0 0 -2.8794145 -3.0297573 0.15034281 0 -2.3800956e+11 0 0
-6.7 7.65204e-11 0 0 -3.0024198 -3.124877 0.12245722 0 -2.4161576e+11 0 0
-6.8 2.09212e-11 0 0 -3.105016 -3.2043066 0.09929062 0 -2.4522197e+11 0 0
-6.9 1.14644e-10 0 0 -3.1901034 -3.2710146 0.08091119 0 -2.4882817e+11 0 0
-7 9.74774e-11 0 0 -3.2659429 -3.3320193 0.06607645 0 -2.5243438e+11 0 0
-7.1 1.58322e-10 0 0 -3.3358998 -3.3897498 0.05384997 0 -2.5604058e+11 0 0
-7.2 1.03331e-10 0 0 -3.4024606 -3.4455288 0.04306821 0 -2.5964679e+11 0 0
-7.3 9.18627e-11 0 0 -3.4667611 -3.5014546 0.03469357 0 -2.6325299e+11 0 0
-7.4 4.02331e-11 0 0 -3.5307824 -3.5577496 0.02696726 0 -2.668592e+11 0 0
-7.5 4.27604e-11 0 0 -3.595163 -3.6153052 0.02014226 0 -2.704654e+11 0 0
-7.6 1.03867e-10 0 0 -3.660437 -3.6744609 0.01402391 0 -2.7407161e+11 0 0
-7.7 4.58241e-11 0 0 -3.7273742 -3.7350093 0.00763512 0 -2.7767782e+11 0 0
-7.8 3.03864e-11 0 0 -3.7954691 -3.797537 0.00206795 0 -2.8128402e+11 0 0
-7.9 2.72989e-11 0 0 -3.864194 -3.8623587 -0.00183531 0 -2.8489023e+11 0 0
-8 1.09053e-10 0 0 -3.9342662 -3.9282442 -0.00602208 0 -2.8849643e+11 0 0
-8.1 1.54757e-10 0 0 -4.0051395 -3.995297 -0.00984248 0 -2.9210264e+11 0 0
-8.2 4.17233e-11 0 0 -4.0771025 -4.0627977 -0.01430477 0 -2.9570884e+11 0 0
-8.3 5.36442e-11 0 0 -4.1491379 -4.1313568 -0.01778111 0 -2.9931505e+11 0 0
-8.4 6.34313e-11 0 0 -4.221313 -4.200597 -0.02071597 0 -3.0292125e+11 0 0
-8.5 7.02858e-11 0 0 -4.2935489 -4.2704413 -0.02310752 0 -3.0652746e+11 0 0
-8.6 5.93781e-11 0 0 -4.3663205 -4.3405015 -0.02581898 0 -3.1013366e+11 0 0
-8.7 1.57309e-10 0 0 -4.439353 -4.4105144 -0.02883862 0 -3.1373987e+11 0 0
-8.8 1.00696e-10 0 0 -4.512539 -4.4805393 -0.03199966 0 -3.1734608e+11 0 0
-8.9 1.15716e-10 0 0 -4.5852773 -4.5510468 -0.03423052 0 -3.2095228e+11 0 0
-9 9.79781e-11 0 0 -4.6581359 -4.6216989 -0.03643704 0 -3.2455849e+11 0 0
-9.1 1.06776e-10 0 0 -4.731315 -4.6925773 -0.03873775 0 -3.2816469e+11 0 0
-9.2 1.07706e-10 0 0 -4.8044 -4.763595 -0.040805 0 -3.317709e+11 0 0
-9.3 1.17898e-10 0 0 -4.8777693 -4.8340802 -0.04368903 0 -3.353771e+11 0 0
-9.4 1.63126e-10 0 0 -4.950243 -4.9046793 -0.0455637 0 -3.3898331e+11 0 0
-9.5 1.36411e-10 0 0 -5.0226335 -4.9747264 -0.04790714 0 -3.4258951e+11 0 0
-9.6 9.1815e-11 0 0 -5.0942258 -5.0447145 -0.04951127 0 -3.4619572e+11 0 0
-9.7 9.31025e-11 0 0 -5.1650606 -5.1141206 -0.05093998 0 -3.4980192e+11 0 0
-9.8 1.79088e-10 0 0 -5.2359466 -5.1813949 -0.05455171 0 -3.5340813e+11 0 0
-9.9 1.791e-10 0 0 -5.3046164 -5.248209 -0.05640739 0 -3.5701433e+11 0 0
-10 1.09446e-10 0 0 -5.3732582 -5.3127834 -0.06047474 0 -3.6062054e+11 0 0
-10.1 8.22544e-11 0 0 -5.439144 -5.3783029 -0.06084107 0 -3.6422675e+11 0 0
-10.2 1.10984e-10 0 0 -5.5044505 -5.4428479 -0.06160262 0 -3.6783295e+11 0 0
-10.3 9.87411e-11 0 0 -5.5692806 -5.5065399 -0.06274066 0 -3.7143916e+11 0 0
-10.4 6.64949e-11 0 0 -5.6340376 -5.5692678 -0.06476984 0 -3.7504536e+11 0 0
-10.5 1.39987e-10 0 0 -5.6985615 -5.6310579 -0.06750359 0 -3.7865157e+11 0 0
-10.6 9.00745e-11 0 0 -5.7610876 -5.6935923 -0.06749527 0 -3.8225777e+11 0 0
-10.7 6.41942e-11 0 0 -5.8234279 -5.754805 -0.06862289 0 -3.8586398e+11 0 0
-10.8 4.21762e-11 0 0 -5.884648 -5.8162963 -0.06835172 0 -3.8947018e+11 0 0
-10.9 7.77721e-11 0 0 -5.9476212 -5.8754929 -0.07212829 0 -3.9307639e+11 0 0
-11 1.20139e-10 0 0 -6.0103257 -5.93422 -0.07610571 0 -3.9668259e+11 0 0
-11.1 8.19921e-11 0 0 -6.072605 -5.9919929 -0.08061207 0 -4.002888e+11 0 0
-11.2 1.19865e-10 0 0 -6.132447 -6.0507279 -0.08171914 0 -4.03895e+11 0 0
-11.3 1.35815e-10 0 0 -6.1930543 -6.1075001 -0.08555425 0 -4.0750121e+11 0 0
-11.4 9.08971e-11 0 0 -6.2521298 -6.1646576 -0.08747225 0 -4.1110742e+11 0 0
-11.5 1.54746e-10 0 0 -6.3105281 -6.2208983 -0.08962983 0 -4.1471362e+11 0 0
-11.6 2.82049e-11 0 0 -6.366885 -6.2777615 -0.08912355 0 -4.1831983e+11 0 0
-11.7 1.90258e-11 0 0 -6.4244312 -6.3327366 -0.09169458 0 -4.2192603e+11 0 0
-11.8 -3.26633e-11 0 0 -6.4822359 -6.3883857 -0.09385022 0 -4.2553224e+11 0 0
-11.9 1.51134e-10 0 0 -6.5416174 -6.4442046 -0.09741285 0 -4.2913844e+11 0 0
-12 1.56581e-10 0 0 -6.5998553 -6.5030387 -0.09681664 0 -4.3274465e+11 0 0
-12.1 1.19996e-10 0 0 -6.6596718 -6.560611 -0.09906077 0 -4.3635085e+11 0 0
-12.2 6.41346e-11 0 0 -6.717991 -6.6186398 -0.09935117 0 -4.3995706e+11 0 0
-12.3 -3.227e-11 0 0 -6.7766993 -6.6745011 -0.10219824 0 -4.4356326e+11 0 0
-12.4 -6.90222e-12 0 0 -6.8321087 -6.7319573 -0.10015137 0 -4.4716947e+11 0 0
-12.5 -6.33001e-12 0 0 -6.8883183 -6.7869259 -0.10139235 0 -4.5077567e+11 0 0
-12.6 4.38452e-11 0 0 -6.9449036 -6.8397772 -0.10512639 0 -4.5438188e+11 0 0
-12.7 -1.07086e-10 0 0 -7.0007075 -6.8915651 -0.10914241 0 -4.5798809e+11 0 0
-12.8 5.62668e-11 0 0 -7.0551437 -6.9428708 -0.11227291 0 -4.6159429e+11 0 0
-12.9 1.58918e-10 0 0 -7.1072434 -6.9948322 -0.11241119 0 -4.652005e+11 0 0
-13 2.64049e-11 0 0 -7.1582238 -7.0461937 -0.11203012 0 -4.688067e+11 0 0
-13.1 7.5376e-11 0 0 -7.2073803 -7.0984561 -0.1089242 0 -4.7241291e+11 0 0
-13.2 1.01256e-10 0 0 -7.2582134 -7.1480664 -0.11014704 0 -4.7601911e+11 0 0
-13.3 -1.52588e-12 0 0 -7.3085101 -7.1962997 -0.11221046 0 -4.7962532e+11 0 0
-13.4 5.35727e-11 0 0 -7.3577991 -7.2431137 -0.11468537 0 -4.8323152e+11 0 0
-13.5 1.02007e-10 0 0 -7.4055767 -7.2889581 -0.11661864 0 -4.8683773e+11 0 0
-13.6 1.37174e-10 0 0 -7.4515334 -7.3347794 -0.11675392 0 -4.9044393e+11 0 0
-13.7 4.76837e-14 0 0 -7.495962 -7.3804404 -0.1155216 0 -4.9405014e+11 0 0
-13.8 9.29713e-11 0 0 -7.5412445 -7.4227318 -0.11851271 0 -4.9765634e+11 0 0
-13.9 4.86493e-11 0 0 -7.5838329 -7.4641914 -0.11964149 0 -5.0126255e+11 0 0
-14 6.41823e-11 0 0 -7.6264178 -7.5014296 -0.12498827 0 -5.0486876e+11 0 0
-14.1 3.59416e-11 0 0 -7.6656165 -7.5385508 -0.12706576 0 -5.0847496e+11 0 0
-14.2 -4.09365e-11 0 0 -7.7036556 -7.5740937 -0.12956185 0 -5.1208117e+11 0 0
-14.3 9.60827e-12 0 0 -7.7384304 -7.6115935 -0.12683697 0 -5.1568737e+11 0 0
-14.4 -6.18935e-11 0 0 -7.7747213 -7.6463628 -0.12835846 0 -5.1929358e+11 0 0
-14.5 -1.11985e-10 0 0 -7.809819 -7.6821929 -0.12762606 0 -5.2289978e+11 0 0
-14.6 -4.05192e-11 0 0 -7.8467936 -7.7157654 -0.13102823 0 -5.2650599e+11 0 0
-14.7 -3.34382e-11 0 0 -7.8826033 -7.7503073 -0.13229598 0 -5.3011219e+11 0 0
-14.8 -6.71864e-11 0 0 -7.9182319 -7.7851983 -0.13303357 0 -5.337184e+11 0 0
-14.9 -2.25186e-11 0 0 -7.9535003 -7.8204301 -0.13307017 2.0280755e-09 -5.373246e+11 0 0
-15 7.51615e-11 0 0 -7.99094 -7.853828 -0.13711194 2.0280755e-09 -5.4093081e+11 0 0
-15.1 -1.12295e-11 0 0 -8.0260103 -7.8888877 -0.13712262 2.0280755e-09 -5.4453702e+11 0 0
-15.2 -3.42131e-11 0 0 -8.0616157 -7.9223395 -0.13927626 2.0280755e-09 -5.4814322e+11 0 0
-15.3 -7.11203e-11 0 0 -8.0969361 -7.9550396 -0.14189642 2.0280755e-09 -5.5174943e+11 0 0
-15.4 -9.72986e-11 0 0 -8.1314097 -7.9882414 -0.14316838 2.0280755e-09 -5.5535563e+11 0 0
-15.5 9.15527e-11 0 0 -8.1682202 -8.0187581 -0.14946214 3.9359231e-09 -5.5896184e+11 0 0
-15.6 -9.39846e-11 0 0 -8.2006977 -8.0528828 -0.14781487 5.8458728e-09 -5.6256804e+11 0 0
-15.7 -1.63555e-11 0 0 -8.2347365 -8.084959 -0.14977749 5.8458728e-09 -5.6617425e+11 0 0
-15.8 -7.33137e-12 0 0 -8.2681061 -8.1165408 -0.15156533 5.8458728e-09 -5.6978045e+11 0 0
-15.9 -5.43952e-11 -3e-08 -50.2694 -8.302217 -8.1468018 -0.15541518 7.7796782e-09 -5.7338666e+11 -0.46360216 0
-16 1.40584e-10 0 0 -8.3334222 -8.1773378 -0.15608435 9.7571256e-09 -5.7699286e+11 0 0
-16.1 6.28352e-11 0 0 -8.3634822 -8.2036672 -0.15981496 1.1897586e-08 -5.8059907e+11 0 0
-16.2 -9.68218e-11 0 0 -8.3831454 -8.2246952 -0.15845026 1.5077327e-08 -5.8420527e+11 0 0
-16.3 -1.53327e-10 0 0 -8.3805232 -8.2227038 -0.15781943 9.0713301e-09 -5.8781148e+11 0 0
-16.4 1.09792e-11 0 0 -8.3279988 -8.1653214 -0.16267737 7.9812152e-09 -5.9141769e+11 0 0
-16.5 -1.10018e-10 -3e-08 -49.9775 -8.1896294 -8.0244204 -0.16520906 7.2753747e-09 -5.9502389e+11 -0.42026014 0
-16.6 -1.41382e-11 -3e-08 -49.9688 -7.9655185 -7.8004912 -0.16502723 6.4234092e-09 -5.986301e+11 -0.41818872 0
-16.7 -8.70824e-11 0 0 -7.6830047 -7.5179302 -0.16507451 4.7635929e-09 -6.022363e+11 0 0
-16.8 9.31025e-12 0 0 -7.3788192 -7.2146532 -0.16416597 1.4190945e-08 -6.0584251e+11 0 0
-16.9 -1.60742e-10 -3e-08 -49.3007 -7.0707922 -6.9078007 -0.16299144 2.1680719e-08 -6.0944871e+11 -0.41589577 0
-17 -4.37701e-10 -3e-08 -43.5389 -6.7587139 -6.5993196 -0.15939423 2.7021686e-08 -6.1305492e+11 -0.42278006 0
-17.1 -8.39961e-10 -3e-08 -32.4196 -6.4391142 -6.2918591 -0.14725513 3.4792937e-08 -6.1666112e+11 -0.45495607 0
-17.2 -1.1163e-09 -3e-08 -20.5008 -6.098504 -5.9993784 -0.09912557 4.2949726e-08 -6.2026733e+11 -0.67192665 0
-17.3 -1.90581e-09 -3e-08 -12.5911 -5.702815 -5.7552948 0.05247983 5.1057769e-08 -6.2387353e+11 1.2618202 0
-17.4 -2.60835e-09 -3e-08 -8.69449 -5.26139 -5.5505281 0.28913806 5.9270745e-08 -6.2747974e+11 0.22770968 0
-17.5 -2.47893e-09 -3e-08 -5.32619 -4.8565277 -5.3030786 0.44655091 6.7469876e-08 -6.3108594e+11 0.14659764 0
-17.6 -5.76198e-10 -3e-08 -5.07379 -4.5662657 -4.9362264 0.36996066 7.3542416e-08 -6.3469215e+11 0.1759413 0
-17.7 -6.34646e-10 -3e-08 -5.00605 -4.3258471 -4.5157438 0.18989674 7.9144356e-08 -6.3829836e+11 0.34083582 0
-17.8 -4.39155e-10 -3e-08 -4.98033 -4.1051629 -4.071729 -0.03343396 8.7167895e-08 -6.4190456e+11 -1.9249887 0
-17.9 -4.52042e-10 -3e-08 -4.91165 -3.7752964 -3.7332132 -0.04208321 9.524222e-08 -6.4551077e+11 -1.5208071 0
-18 -4.95219e-10 -3e-08 -4.87688 -3.43942 -3.3966473 -0.04277268 1.0175333e-07 -6.4911697e+11 -1.4879798 0
-18.1 -4.91905e-10 -3e-08 -4.81633 -3.1010496 -3.0604907 -0.04055894 1.083682e-07 -6.5272318e+11 -1.5605254 0
-18.2 -4.73523e-10 -3e-08 -4.76166 -2.7634067 -2.7247648 -0.03864189 1.1491846e-07 -6.5632938e+11 -1.6289444 0
-18.3 -5.5182e-10 -3e-08 -4.70331 -2.4324448 -2.3935706 -0.0388742 1.2030233e-07 -6.5993559e+11 -1.6103618 0
-18.4 -4.89128e-10 -3e-08 -4.6507 -2.1217808 -2.0834032 -0.03837753 1.3470711e-07 -6.6354179e+11 -1.6223373 0
-18.5 -3.84629e-10 -3e-08 -4.63778 -1.862164 -1.8237216 -0.03844233 1.4400814e-07 -6.67148e+11 -1.6108481 0
-18.6 -3.62086e-10 -3e-08 -4.58199 -1.6862055 -1.6467094 -0.03949604 1.5299205e-07 -6.707542e+11 -1.559443 0
-18.7 -4.96232e-10 -3e-08 -4.5694 -1.5929615 -1.5510022 -0.04195931 1.6253756e-07 -6.7436041e+11 -1.4600444 0
-18.8 -5.34999e-10 -3e-08 -4.5214 -1.5532304 -1.5139468 -0.03928363 1.7292041e-07 -6.7796661e+11 -1.5511955 0
-18.9 -4.1095e-10 -3e-08 -4.48936 -1.5335125 -1.494476 -0.03903654 1.7230895e-07 -6.8157282e+11 -1.5527548 0
-19 -4.58932e-10 -3e-08 -4.44281 -1.5143187 -1.4769953 -0.03732347 1.7388539e-07 -6.8517903e+11 -1.6154756 0
-19.1 -4.7555e-10 -3e-08 -4.405 -1.4963487 -1.4596655 -0.03668323 1.7569532e-07 -6.8878523e+11 -1.6350652 0
-19.2 -4.58646e-10 -3e-08 -4.37073 -1.4791867 -1.4429188 -0.03626785 1.7724204e-07 -6.9239144e+11 -1.6451783 0
-19.3 -5.67079e-10 -3e-08 -4.32735 -1.4634084 -1.4266022 -0.03680617 1.7827338e-07 -6.9599764e+11 -1.6127167 0
-19.4 -3.77333e-10 -3e-08 -4.31656 -1.4487271 -1.4111986 -0.03752849 1.791901e-07 -6.9960385e+11 -1.5735233 0
-19.5 -3.20578e-10 -3e-08 -4.29449 -1.4351247 -1.3967375 -0.03838717 1.8032119e-07 -7.0321005e+11 -1.5304365 0
-19.6 -4.09424e-10 -3e-08 -4.26629 -1.4218169 -1.3837412 -0.03807575 1.8126217e-07 -7.0681626e+11 -1.5350816 0
-19.7 -4.03154e-10 -3e-08 -4.23089 -1.4084538 -1.3721977 -0.03625605 1.8282906e-07 -7.1042246e+11 -1.6039443 0
-19.8 -4.11654e-10 -3e-08 -4.20758 -1.3962338 -1.3601003 -0.03613348 1.8525075e-07 -7.1402867e+11 -1.601257 0
-19.9 -2.54989e-10 -3e-08 -4.18976 -1.3841069 -1.348354 -0.0357529 1.8712878e-07 -7.1763487e+11 -1.6101697 0
-20 -3.54755e-10 -3e-08 -4.15186 -1.3718653 -1.3370995 -0.03476577 1.8928711e-07 -7.2124108e+11 -1.647609 0
-20.1 -3.66831e-10 -3e-08 -4.13621 -1.3603301 -1.3259915 -0.03433866 1.9055899e-07 -7.2484729e+11 -1.6598032 0
-20.2 -3.92354e-10 -3e-08 -4.11599 -1.3494007 -1.3155743 -0.03382643 1.9173002e-07 -7.2845349e+11 -1.6765962 0
-20.3 -4.55093e-10 -3e-08 -4.07949 -1.3397401 -1.3054356 -0.03430448 1.923714e-07 -7.320597e+11 -1.645088 0
-20.4 -4.48155e-10 -3e-08 -4.06994 -1.3308776 -1.2959523 -0.03492539 1.9362274e-07 -7.356659e+11 -1.6079205 0
-20.5 -2.53999e-10 -3e-08 -4.0365 -1.3215346 -1.2878027 -0.03373197 1.9584219e-07 -7.3927211e+11 -1.6566869 0
-20.6 -4.18794e-10 -3e-08 -4.01506 -1.3131529 -1.2786682 -0.03448469 1.9897854e-07 -7.4287831e+11 -1.6126587 0
-20.7 -4.08733e-10 -3e-08 -3.99266 -1.3035197 -1.2705058 -0.03301397 2.0173524e-07 -7.4648452e+11 -1.6763624 0
-20.8 -4.0369e-10 -3e-08 -3.97358 -1.2942334 -1.2625032 -0.03173013 2.0381303e-07 -7.5009072e+11 -1.7358045 0
-20.9 -4.59909e-10 -3e-08 -3.95244 -1.2860472 -1.2542145 -0.0318327 2.0563277e-07 -7.5369693e+11 -1.721933 0
-21 -3.73507e-10 -3e-08 -3.92733 -1.2775949 -1.2467922 -0.03080275 2.0790354e-07 -7.5730313e+11 -1.7710353 0
-21.1 -4.66216e-10 -3e-08 -3.90969 -1.2706339 -1.2381959 -0.03243801 2.1005416e-07 -7.6090934e+11 -1.6737838 0
-21.2 -5.72777e-10 -3e-08 -3.90181 -1.2627971 -1.2305137 -0.03228339 2.1217167e-07 -7.6451554e+11 -1.6738673 0
-21.3 -4.69112e-10 -3e-08 -3.88926 -1.2559553 -1.2221801 -0.03377522 2.1377022e-07 -7.6812175e+11 -1.5924222 0
-21.4 -4.79794e-10 -3e-08 -3.85433 -1.2476844 -1.2155708 -0.03211361 2.1509795e-07 -7.7172796e+11 -1.6669904 0
-21.5 -3.85118e-10 -3e-08 -3.83394 -1.2391095 -1.2094253 -0.02968419 2.1719323e-07 -7.7533416e+11 -1.7950326 0
-21.6 -2.7833e-10 -3e-08 -3.81516 -1.2309309 -1.2031538 -0.02777708 2.1920035e-07 -7.7894037e+11 -1.9093945 0
-21.7 -3.78394e-10 -3e-08 -3.79229 -1.2241744 -1.1956107 -0.02856369 2.2181126e-07 -7.8254657e+11 -1.8482553 0
-21.8 -4.11057e-10 -3e-08 -3.79243 -1.2174329 -1.1881707 -0.02926226 2.2378635e-07 -7.8615278e+11 -1.7958566 0
-21.9 -4.78673e-10 -3e-08 -3.76511 -1.2109344 -1.1810377 -0.02989664 2.2590123e-07 -7.8975898e+11 -1.7497239 0
-22 -3.18015e-10 -3e-08 -3.73829 -1.2035713 -1.1751413 -0.02842999 2.2759231e-07 -7.9336519e+11 -1.8316252 0
-22.1 -3.75831e-10 -3e-08 -3.71975 -1.1970391 -1.168939 -0.02810008 2.2919919e-07 -7.9697139e+11 -1.8447443 0
-22.2 -3.69251e-10 -3e-08 -3.70806 -1.1906201 -1.1627181 -0.02790193 2.3149569e-07 -8.005776e+11 -1.8494764 0
-22.3 -5.31578e-10 -3e-08 -3.68785 -1.1848528 -1.1559798 -0.02887308 2.3352312e-07 -8.041838e+11 -1.7792543 0
-22.4 -3.09253e-10 -3e-08 -3.67957 -1.1791414 -1.1491682 -0.02997321 2.3539334e-07 -8.0779001e+11 -1.7062974 0
-22.5 -3.98457e-10 -3e-08 -3.65629 -1.1721608 -1.1438161 -0.02834463 2.3697216e-07 -8.1139621e+11 -1.7963158 0
-22.6 -4.36497e-10 -3e-08 -3.64048 -1.1659653 -1.1381978 -0.02776747 2.3772482e-07 -8.1500242e+11 -1.8255396 0
-22.7 -4.00281e-10 -3e-08 -3.61871 -1.1599016 -1.133079 -0.02682267 2.3838897e-07 -8.1860863e+11 -1.881517 0
-22.8 -3.66342e-10 -3e-08 -3.60563 -1.1546563 -1.1273013 -0.02735494 2.4003955e-07 -8.2221483e+11 -1.8368149 0
-22.9 -4.35591e-10 -3e-08 -3.58944 -1.1484777 -1.1223172 -0.02616051 2.4149198e-07 -8.2582104e+11 -1.9122925 0
-23 -4.80878e-10 -3e-08 -3.57004 -1.1432662 -1.1160772 -0.02718908 2.4348096e-07 -8.2942724e+11 -1.8319502 0
-23.1 -3.14105e-10 -3e-08 -3.55882 -1.1372867 -1.1106646 -0.02662215 2.4523339e-07 -8.3303345e+11 -1.8628629 0
-23.2 -3.93546e-10 -3e-08 -3.53739 -1.1315917 -1.1053546 -0.02623706 2.470146e-07 -8.3663965e+11 -1.8820574 0
-23.3 -2.6319e-10 -3e-08 -3.5305 -1.1265226 -1.0997904 -0.02673226 2.4883964e-07 -8.4024586e+11 -1.8392654 0
-23.4 -2.95973e-10 -3e-08 -3.51428 -1.1219904 -1.093854 -0.02813645 2.5125496e-07 -8.4385206e+11 -1.7400064 0
-23.5 -3.5305e-10 -3e-08 -3.50541 -1.1164177 -1.088754 -0.02766368 2.544803e-07 -8.4745827e+11 -1.7622122 0
-23.6 -3.6186e-10 -3e-08 -3.49289 -1.1109377 -1.0832183 -0.02771935 2.5736392e-07 -8.5106447e+11 -1.751221 0
-23.7 -4.28641e-10 -3e-08 -3.47081 -1.1045175 -1.0782763 -0.02624119 2.5975306e-07 -8.5467068e+11 -1.8420615 0
-23.8 -4.41885e-10 -3e-08 -3.45057 -1.0981806 -1.0733336 -0.02484706 2.6087651e-07 -8.5827688e+11 -1.9372427 0
-23.9 -3.61609e-10 -3e-08 -3.4391 -1.0932086 -1.0674233 -0.02578531 2.6221837e-07 -8.6188309e+11 -1.8589416 0
-24 -5.25796e-10 -3e-08 -3.4337 -1.0876096 -1.062458 -0.0251516 2.6374338e-07 -8.654893e+11 -1.897838 0
-24.1 -3.89946e-10 -3e-08 -3.41387 -1.0824676 -1.0579181 -0.02454953 2.7465117e-07 -8.690955e+11 -1.936314 0
-24.2 -4.70674e-10 -3e-08 -3.39659 -1.0775917 -1.0533424 -0.02424934 2.8339116e-07 -8.7270171e+11 -1.9521839 0
-24.3 -3.23415e-10 -3e-08 -3.39277 -1.072937 -1.0489158 -0.02402111 2.8903736e-07 -8.7630791e+11 -1.962622 0
-24.4 -3.95989e-10 -3e-08 -3.3723 -1.0681427 -1.0445005 -0.02364217 2.9161775e-07 -8.7991412e+11 -1.9859067 0
-24.5 -5.39505e-10 -3e-08 -3.34956 -1.0631983 -1.0402604 -0.02293788 2.9444435e-07 -8.8352032e+11 -2.0385278 0
-24.6 -3.72744e-10 -3e-08 -3.33521 -1.0579296 -1.0354216 -0.02250794 3.159894e-07 -8.8712653e+11 -2.0690222 0
-24.7 -2.58875e-10 -3e-08 -3.32524 -1.0530639 -1.0301245 -0.02293932 3.3404688e-07 -8.9073273e+11 -2.0218946 0
-24.8 -2.76887e-10 -3e-08 -3.30802 -1.0488123 -1.0243302 -0.02448207 3.4074269e-07 -8.9433894e+11 -1.8868449 0
-24.9 -4.15778e-10 -3e-08 -3.30715 -1.0441067 -1.0196051 -0.02450156 3.4515097e-07 -8.9794514e+11 -1.8777723 0
-25 -5.05197e-10 -3e-08 -3.29988 -1.0389398 -1.0157185 -0.02322131 3.4780471e-07 -9.0155135e+11 -1.9733735 0
-25.1 -4.93395e-10 -3e-08 -3.29006 -1.0298921 -1.0158837 -0.01400833 3.5040108e-07 -9.0515755e+11 -3.2581864 0
-25.2 -3.50881e-10 -3e-08 -3.26965 -1.0260712 -1.0107553 -0.0153159 3.5342192e-07 -9.0876376e+11 -2.9681985 0
-25.3 -4.77123e-10 -3e-08 -3.26616 -1.0228531 -1.0050047 -0.01784839 3.55349e-07 -9.1236997e+11 -2.5369765 0
-25.4 -3.73638e-10 -3e-08 -3.24707 -1.0204857 -0.99855329 -0.02193238 3.5681021e-07 -9.1597617e+11 -2.0564423 0
-25.5 -2.94828e-10 -3e-08 -3.24637 -1.0164296 -0.99396214 -0.022467423 3.5739553e-07 -9.1958238e+11 -1.9995974 0
-25.6 -4.18901e-10 -3e-08 -3.22391 -1.0059128 -0.99634374 -0.009569064 3.5782961e-07 -9.2318858e+11 -4.6765608 0
-25.7 -3.64029e-10 -3e-08 -3.22211 -1.0028147 -0.99210417 -0.010710537 3.5837749e-07 -9.2679479e+11 -4.1619 0
-25.8 -3.47996e-10 -3e-08 -3.20153 -1.0025262 -0.98567738 -0.01684878 3.5949283e-07 -9.3040099e+11 -2.6354079 0
-25.9 -3.52633e-10 -3e-08 -3.19479 -1.0001751 -0.9817359 -0.018439246 3.6177116e-07 -9.340072e+11 -2.3987947 0
-26 -5.16772e-10 -3e-08 -3.18299 -0.99840712 -0.9772212 -0.021185912 3.6416563e-07 -9.376134e+11 -2.0797709 0
-26.1 -4.58586e-10 -3e-08 -3.172 -0.99512464 -0.9742897 -0.020834948 3.6600729e-07 -9.4121961e+11 -2.1067019 0
-26.2 -4.3211e-10 -3e-08 -3.15662 -0.99126438 -0.9713908 -0.019873587 3.5999372e-07 -9.4482581e+11 -2.2001812 0
-26.3 -3.24225e-10 -3e-08 -3.14803 -0.98844516 -0.96732682 -0.021118339 3.5625168e-07 -9.4843202e+11 -2.0626261 0
-26.4 -4.57346e-10 -3e-08 -3.14279 -0.98518487 -0.96357071 -0.021614163 3.5481741e-07 -9.5203823e+11 -2.0076761 0
-26.5 -3.73852e-10 -3e-08 -3.12968 -0.98233401 -0.95968615 -0.022647851 3.5697832e-07 -9.5564443e+11 -1.9088119 0
-26.6 -5.41961e-10 -3e-08 -3.12249 -0.97883087 -0.95659541 -0.022235462 3.5932561e-07 -9.5925064e+11 -1.9369045 0
-26.7 -5.36251e-10 -3e-08 -3.11938 -0.97569798 -0.95403748 -0.021660502 3.4281244e-07 -9.6285684e+11 -1.9808712 0
-26.8 -3.63386e-10 -3e-08 -3.1044 -0.97260537 -0.9513883 -0.02121707 3.3009625e-07 -9.6646305e+11 -2.0147251 0
-26.9 -5.04792e-10 -3e-08 -3.1033 -0.96945324 -0.94865223 -0.020801015 3.28068e-07 -9.7006925e+11 -2.0473835 0
-27 -5.31912e-10 -3e-08 -3.10089 -0.96639201 -0.94573535 -0.020656658 3.2751904e-07 -9.7367546e+11 -2.0540556 0
-27.1 -4.44484e-10 -3e-08 -3.08744 -0.96335099 -0.94290396 -0.020447031 3.2890397e-07 -9.7728166e+11 -2.0674569 0
-27.2 -3.34299e-10 -3e-08 -3.07346 -0.95991627 -0.94079842 -0.019117859 3.2956612e-07 -9.8088787e+11 -2.2030677 0
-27.3 -5.23901e-10 -3e-08 -3.06589 -0.95711061 -0.93839084 -0.018719773 3.2993185e-07 -9.8449407e+11 -2.2416757 0
-27.4 -2.92981e-10 -3e-08 -3.05684 -0.95490186 -0.93547571 -0.019426146 3.3129466e-07 -9.8810028e+11 -2.1522801 0
-27.5 -4.71187e-10 -3e-08 -3.05281 -0.95206807 -0.93300247 -0.0190656 3.3429315e-07 -9.9170648e+11 -2.185007 0
-27.6 -5.48184e-10 -3e-08 -3.04385 -0.94944384 -0.9301968 -0.01924704 3.3730415e-07 -9.9531269e+11 -2.1565671 0
-27.7 -4.51779e-10 -3e-08 -3.02799 -0.94668742 -0.92749831 -0.019189111 3.3984567e-07 -9.989189e+11 -2.1552685 0
-27.8 -3.12614e-10 -3e-08 -3.02046 -0.94381591 -0.92495579 -0.01886012 3.4158277e-07 -1.0025251e+12 -2.1849765 0
-27.9 -3.81553e-10 -3e-08 -3.00942 -0.94122565 -0.92232797 -0.018897673 3.4301224e-07 -1.0061313e+12 -2.1728186 0
-28 -3.77202e-10 -3e-08 -3.00053 -0.93873909 -0.91968801 -0.019051074 3.4411321e-07 -1.0097375e+12 -2.1476253 0
-28.1 -4.4595e-10 -3e-08 -2.99 -0.93636194 -0.91698025 -0.01938169 3.4533736e-07 -1.0133437e+12 -2.1034783 0
-28.2 -4.71973e-10 -3e-08 -2.98639 -0.93412534 -0.91416408 -0.019961255 3.4721916e-07 -1.0169499e+12 -2.0351623 0
-28.3 -3.98123e-10 -3e-08 -2.9717 -0.93138687 -0.91196124 -0.019425634 3.4863486e-07 -1.0205561e+12 -2.083888 0
-28.4 -2.9285e-10 -3e-08 -2.96249 -0.92894796 -0.90959659 -0.019351367 3.4979449e-07 -1.0241623e+12 -2.0845198 0
-28.5 -5.11992e-10 -3e-08 -2.94897 -0.92589607 -0.90796822 -0.01792785 3.519029e-07 -1.0277685e+12 -2.2421411 0
-28.6 -5.14793e-10 -3e-08 -2.94379 -0.92390639 -0.90528689 -0.018619498 3.5342747e-07 -1.0313747e+12 -2.1513051 0
-28.7 -4.75335e-10 -3e-08 -2.94458 -0.92171957 -0.90286465 -0.018854919 3.5496554e-07 -1.0349809e+12 -2.1170418 0
-28.8 -4.67336e-10 -3e-08 -2.93314 -0.9197694 -0.90041887 -0.019350524 3.5619522e-07 -1.0385872e+12 -2.0556577 0
-28.9 -4.0189e-10 -3e-08 -2.93486 -0.91767963 -0.89832495 -0.019354682 3.5729765e-07 -1.0421934e+12 -2.0481046 0
-29 -4.3844e-10 -3e-08 -2.92949 -0.91570125 -0.89630922 -0.019392028 3.5832934e-07 -1.0457996e+12 -2.0371114 0
-29.1 -5.06818e-10 -3e-08 -2.92333 -0.91359687 -0.89447434 -0.019122533 3.5956075e-07 -1.0494058e+12 -2.0587215 0
-29.2 -5.39863e-10 -3e-08 -2.91279 -0.91122972 -0.89300721 -0.018222516 3.6125374e-07 -1.053012e+12 -2.1530039 0
-29.3 -5.07057e-10 -3e-08 -2.90313 -0.90903735 -0.89143129 -0.017606059 3.6388995e-07 -1.0566182e+12 -2.2207836 0
-29.4 -5.62727e-10 -3e-08 -2.89153 -0.90720092 -0.88968735 -0.017513572 3.664065e-07 -1.0602244e+12 -2.2249177 0
-29.5 -3.20053e-10 -3e-08 -2.88506 -0.90534891 -0.88815681 -0.017192103 3.6849114e-07 -1.0638306e+12 -2.2588375 0
-29.6 -6.00529e-10 -3e-08 -2.88279 -0.90392694 -0.8864711 -0.017455838 3.6876248e-07 -1.0674368e+12 -2.2171935 0
-29.7 -5.73754e-10 -3e-08 -2.87263 -0.90257274 -0.8849782 -0.017594546 3.711888e-07 -1.071043e+12 -2.1923076 0
-29.8 -3.65901e-10 -3e-08 -2.86906 -0.90122855 -0.88337595 -0.017852602 3.7406803e-07 -1.0746492e+12 -2.1533678 0
-29.9 -5.38886e-10 -3e-08 -2.86473 -0.89960508 -0.88191208 -0.017692993 3.7754665e-07 -1.0782554e+12 -2.1655266 0
-30 -5.21302e-10 -3e-08 -2.85741 -0.89798376 -0.88018693 -0.017796837 3.8099711e-07 -1.0818616e+12 -2.1457145 0
-30.1 -3.66151e-10 -3e-08 -2.84921 -0.89623713 -0.87850579 -0.017731341 3.8422242e-07 -1.0854678e+12 -2.1464854 0
-30.2 -4.28426e-10 -3e-08 -2.84642 -0.89429687 -0.87674266 -0.017554214 3.8805617e-07 -1.089074e+12 -2.1609647 0
-30.3 -5.83482e-10 -3e-08 -2.83256 -0.89210848 -0.87500301 -0.017105472 3.9182215e-07 -1.0926802e+12 -2.2103361 0
-30.4 -4.87244e-10 -3e-08 -2.83734 -0.88986153 -0.8730442 -0.016817325 3.9505867e-07 -1.0962864e+12 -2.2408124 0
-30.5 -3.47567e-10 -3e-08 -2.83091 -0.88793683 -0.87078116 -0.017155661 3.9689075e-07 -1.0998926e+12 -2.1894181 0
-30.6 -4.64463e-10 -3e-08 -2.82351 -0.8861567 -0.86850133 -0.017655373 3.9886234e-07 -1.1034989e+12 -2.1204971 0
-30.7 -5.81384e-10 -3e-08 -2.80793 -0.88356228 -0.86727696 -0.016285314 4.0089549e-07 -1.1071051e+12 -2.2914031 0
-30.8 -5.12528e-10 -3e-08 -2.80752 -0.88155984 -0.86547526 -0.016084578 4.0382782e-07 -1.1107113e+12 -2.3124674 0
-30.9 -4.06361e-10 -3e-08 -2.79984 -0.87956107 -0.86361583 -0.015945236 4.0660268e-07 -1.1143175e+12 -2.3251265 0
-31 -4.98343e-10 -3e-08 -2.79447 -0.8776422 -0.86167138 -0.015970827 4.0944449e-07 -1.1179237e+12 -2.3139124 0
-31.1 -3.11029e-10 -3e-08 -2.78296 -0.87592478 -0.85974365 -0.016181126 4.1190286e-07 -1.1215299e+12 -2.2764959 0
-31.2 -5.54359e-10 -3e-08 -2.77186 -0.87390606 -0.85839195 -0.015514103 4.1618488e-07 -1.1251361e+12 -2.3667629 0
-31.3 -5.03755e-10 -3e-08 -2.77391 -0.87193223 -0.85696783 -0.014964394 4.206919e-07 -1.1287423e+12 -2.4458653 0
-31.4 -3.00205e-10 -3e-08 -2.76154 -0.87004662 -0.85513616 -0.014910469 4.2614722e-07 -1.1323485e+12 -2.4468934 0
-31.5 -4.14085e-10 -3e-08 -2.75627 -0.86851933 -0.85262389 -0.015895438 4.3125442e-07 -1.1359547e+12 -2.2879839 0
-31.6 -5.89275e-10 -3e-08 -2.75139 -0.8662082 -0.85068541 -0.015522789 4.3695708e-07 -1.1395609e+12 -2.3354962 0
-31.7 -4.35913e-10 -3e-08 -2.75217 -0.86407878 -0.84838953 -0.01568925 4.4285822e-07 -1.1431671e+12 -2.3034276 0
-31.8 -3.40879e-10 -3e-08 -2.7406 -0.86143947 -0.84631981 -0.015119661 4.4759495e-07 -1.1467733e+12 -2.3826861 0
-31.9 -4.64487e-10 -3e-08 -2.73858 -0.85919369 -0.84376585 -0.015427836 4.5126494e-07 -1.1503795e+12 -2.3277713 0
-32 -5.38552e-10 -3e-08 -2.73279 -0.8567527 -0.84149383 -0.015258872 4.5368963e-07 -1.1539857e+12 -2.3461923 0
-32.1 -4.493e-10 -3e-08 -2.73 -0.8547223 -0.83909469 -0.01562761 4.557097e-07 -1.1575919e+12 -2.2836966 0
-32.2 -3.96168e-10 -3e-08 -2.71966 -0.85199353 -0.83770428 -0.01428925 4.5675351e-07 -1.1611981e+12 -2.4898358 0
-32.3 -5.60701e-10 -3e-08 -2.71235 -0.85003653 -0.83600451 -0.01403202 4.5889385e-07 -1.1648043e+12 -2.5276288 0
-32.4 -5.76627e-10 -3e-08 -2.70604 -0.847888 -0.83468993 -0.013198069 4.6055408e-07 -1.1684105e+12 -2.6790487 0
-32.5 -4.01878e-10 -3e-08 -2.70071 -0.84630834 -0.83309234 -0.013216001 4.617935e-07 -1.1720168e+12 -2.6671816 0
-32.6 -4.18127e-10 -3e-08 -2.69114 -0.84474754 -0.83165551 -0.01309203 4.6491238e-07 -1.175623e+12 -2.6841786 0
-32.7 -5.24926e-10 -3e-08 -2.68237 -0.84345462 -0.83018538 -0.013269242 4.6731054e-07 -1.1792292e+12 -2.6402323 0
-32.8 -5.29873e-10 -3e-08 -2.67827 -0.84193788 -0.82885453 -0.013083354 4.7109855e-07 -1.1828354e+12 -2.6695808 0
-32.9 -4.60947e-10 -3e-08 -2.67178 -0.8407185 -0.82717111 -0.013547391 4.7359205e-07 -1.1864416e+12 -2.5703037 0
-33 -3.87073e-10 -3e-08 -2.67162 -0.83953339 -0.82533033 -0.01420306 4.7700481e-07 -1.1900478e+12 -2.4442192 0
-33.1 -4.57013e-10 -3e-08 -2.66883 -0.83817254 -0.82368464 -0.014487897 4.8120592e-07 -1.193654e+12 -2.3889258 0
-33.2 -6.04785e-10 -3e-08 -2.66631 -0.83698973 -0.82163159 -0.015358142 4.8549616e-07 -1.1972602e+12 -2.2467733 0
-33.3 -6.15788e-10 -3e-08 -2.6593 -0.8345754 -0.82053993 -0.01403547 4.8830597e-07 -1.2008664e+12 -2.4511214 0
-33.4 -3.84474e-10 -3e-08 -2.64547 -0.83269945 -0.8188284 -0.013871048 4.9057328e-07 -1.2044726e+12 -2.4727503 0
-33.5 -6.17719e-10 -3e-08 -2.64148 -0.83115141 -0.81706675 -0.014084657 4.9225737e-07 -1.2080788e+12 -2.427979 0
-33.6 -5.26524e-10 -3e-08 -2.64144 -0.82943491 -0.81569982 -0.013735089 4.943471e-07 -1.211685e+12 -2.4823628 0
-33.7 -4.4843e-10 -3e-08 -2.63896 -0.82809034 -0.81420722 -0.013883116 4.9574932e-07 -1.2152912e+12 -2.4486074 0
-33.8 -4.84705e-10 -3e-08 -2.63367 -0.82645639 -0.81325611 -0.013200284 4.9809327e-07 -1.2188974e+12 -2.5676512 0
-33.9 -4.0499e-10 -3e-08 -2.62575 -0.82549415 -0.81198977 -0.013504374 4.9978258e-07 -1.2225036e+12 -2.5024295 0
-34 -5.98204e-10 -3e-08 -2.61903 -0.82428883 -0.81106925 -0.013219577 5.0324281e-07 -1.2261098e+12 -2.5488222 0
-34.1 -4.82869e-10 -3e-08 -2.6107 -0.82284253 -0.81016252 -0.012680008 5.0689241e-07 -1.229716e+12 -2.6494889 0
-34.2 -5.20957e-10 -3e-08 -2.61065 -0.82153916 -0.80865269 -0.012886472 5.1286743e-07 -1.2333222e+12 -2.5994165 0
-34.3 -4.23801e-10 -3e-08 -2.60074 -0.8197714 -0.80709668 -0.012674715 5.1793365e-07 -1.2369285e+12 -2.63514 0
-34.4 -6.34444e-10 -3e-08 -2.59729 -0.81799772 -0.8052522 -0.01274552 5.1965822e-07 -1.2405347e+12 -2.6128833 0
-34.5 -4.52662e-10 -3e-08 -2.59351 -0.81599269 -0.80366401 -0.012328679 5.2103454e-07 -1.2441409e+12 -2.693397 0
-34.6 -4.8337e-10 -3e-08 -2.58671 -0.8142022 -0.80205092 -0.012151282 5.2227922e-07 -1.2477471e+12 -2.7248199 0
-34.7 -5.37264e-10 -3e-08 -2.58165 -0.81264104 -0.80026957 -0.012371471 5.2483153e-07 -1.2513533e+12 -2.6686105 0
-34.8 -5.22375e-10 -3e-08 -2.57256 -0.81072368 -0.79864621 -0.012077473 5.2893967e-07 -1.2549595e+12 -2.7257165 0
-34.9 -6.24037e-10 -3e-08 -2.57185 -0.80891904 -0.79669299 -0.012226047 5.3300177e-07 -1.2585657e+12 -2.6848778 0
-35 -6.09386e-10 -3e-08 -2.56217 -0.80680365 -0.79501023 -0.011793416 5.3638066e-07 -1.2621719e+12 -2.7754177 0
-35.1 -4.94909e-10 -3e-08 -2.54874 -0.80519847 -0.79300131 -0.012197163 5.3808494e-07 -1.2657781e+12 -2.6759011 0
-35.2 -4.89259e-10 -3e-08 -2.54282 -0.80304988 -0.79168363 -0.01136625 5.3831499e-07 -1.2693843e+12 -2.8633612 0
-35.3 -6.10769e-10 -3e-08 -2.54015 -0.80186161 -0.78954412 -0.012317485 5.4023081e-07 -1.2729905e+12 -2.6347491 0
-35.4 -5.85878e-10 -3e-08 -2.53787 -0.80061641 -0.78758192 -0.013034491 5.4473063e-07 -1.2765967e+12 -2.4827825 0
-35.5 -4.33707e-10 -3e-08 -2.53217 -0.79902538 -0.78594651 -0.013078871 5.4838696e-07 -1.2802029e+12 -2.4673877 0
-35.6 -6.85406e-10 -3e-08 -2.53623 -0.7975169 -0.78417434 -0.013342557 5.5204778e-07 -1.2838091e+12 -2.4118314 0
-35.7 -4.33683e-10 -3e-08 -2.52762 -0.79534093 -0.78298058 -0.012360353 5.545971e-07 -1.2874153e+12 -2.5961927 0
-35.8 -5.43463e-10 -3e-08 -2.51754 -0.79336092 -0.78160501 -0.011755906 5.5828887e-07 -1.2910215e+12 -2.7220549 0
-35.9 -4.94552e-10 -3e-08 -2.5162 -0.79147712 -0.78019598 -0.011281132 5.6136628e-07 -1.2946277e+12 -2.828713 0
-36 -6.39856e-10 -3e-08 -2.50618 -0.79013629 -0.77833968 -0.01179661 5.636695e-07 -1.2982339e+12 -2.6975921 0
-36.1 -5.13625e-10 -3e-08 -2.50656 -0.78897592 -0.77663823 -0.012337688 5.6400992e-07 -1.3018401e+12 -2.5721425 0
-36.2 -6.18339e-10 -3e-08 -2.5007 -0.78784962 -0.77528589 -0.012563732 5.6612111e-07 -1.3054464e+12 -2.5188875 0
-36.3 -5.02944e-10 -3e-08 -2.49453 -0.7864944 -0.77454397 -0.011950433 5.6721919e-07 -1.3090526e+12 -2.6408622 0
-36.4 -6.26314e-10 -3e-08 -2.49311 -0.784875 -0.77414234 -0.010732652 5.7093711e-07 -1.3126588e+12 -2.9324295 0
-36.5 -4.78327e-10 -3e-08 -2.48121 -0.78403974 -0.77293593 -0.011103808 5.7611497e-07 -1.316265e+12 -2.8266446 0
-36.6 -6.0854e-10 -3e-08 -2.48215 -0.78289824 -0.7721138 -0.010784438 5.8183862e-07 -1.3198712e+12 -2.9024009 0
-36.7 -3.97921e-10 -3e-08 -2.48173 -0.78198269 -0.77091878 -0.011063912 5.8803717e-07 -1.3234774e+12 -2.8213777 0
-36.8 -5.28979e-10 -3e-08 -2.46738 -0.7807726 -0.76996691 -0.010805689 5.9321214e-07 -1.3270836e+12 -2.88095 0
-36.9 -5.29277e-10 -3e-08 -2.46619 -0.7796619 -0.76885837 -0.010803531 5.9648317e-07 -1.3306898e+12 -2.8737165 0
-37 -5.91338e-10 -3e-08 -2.46889 -0.77889761 -0.76767425 -0.011223359 5.9647497e-07 -1.334296e+12 -2.7587442 0
-37.1 -5.80859e-10 -3e-08 -2.46436 -0.77828524 -0.76664015 -0.011645089 5.9881893e-07 -1.3379022e+12 -2.6516689 0
-37.2 -5.38194e-10 -3e-08 -2.45365 -0.7772359 -0.76595996 -0.011275947 6.0469422e-07 -1.3415084e+12 -2.7311153 0
-37.3 -5.15819e-10 -3e-08 -2.45441 -0.77609138 -0.76515807 -0.010933312 6.120171e-07 -1.3451146e+12 -2.8091533 0
-37.4 -5.64063e-10 -3e-08 -2.44702 -0.77488346 -0.76412859 -0.010754876 6.1932536e-07 -1.3487208e+12 -2.8481247 0
-37.5 -6.66904e-10 -3e-08 -2.44617 -0.77362967 -0.76289396 -0.010735708 6.2234847e-07 -1.352327e+12 -2.8456013 0
-37.6 -5.22625e-10 -3e-08 -2.44056 -0.77233101 -0.76176223 -0.010568775 6.2637282e-07 -1.3559332e+12 -2.8828597 0
-37.7 -4.88329e-10 -3e-08 -2.43322 -0.77111496 -0.7605457 -0.010569262 6.2941779e-07 -1.3595394e+12 -2.8750804 0
-37.8 -5.00226e-10 -3e-08 -2.43285 -0.76980414 -0.75952899 -0.010275147 6.2988572e-07 -1.3631456e+12 -2.9495527 0
-37.9 -6.30355e-10 -3e-08 -2.43307 -0.76876609 -0.75828846 -0.010477624 6.3034223e-07 -1.3667518e+12 -2.8849214 0
-38 -5.84471e-10 -3e-08 -2.42654 -0.76799773 -0.75671329 -0.011284444 6.3146401e-07 -1.3703581e+12 -2.671605 0
-38.1 -4.74739e-10 -3e-08 -2.42553 -0.76657244 -0.75572724 -0.010845203 6.3284285e-07 -1.3739643e+12 -2.7725114 0
-38.2 -6.04117e-10 -3e-08 -2.41553 -0.76492598 -0.75489516 -0.010030822 6.3778644e-07 -1.3775705e+12 -2.9897586 0
-38.3 -5.36025e-10 -3e-08 -2.40386 -0.76353998 -0.75381492 -0.009725059 6.389128e-07 -1.3811767e+12 -3.0757072 0
-38.4 -5.38027e-10 -3e-08 -2.39919 -0.76219351 -0.75283596 -0.009357553 6.3935484e-07 -1.3847829e+12 -3.1881775 0
-38.5 -4.99105e-10 -3e-08 -2.39391 -0.76130102 -0.75157007 -0.009730951 6.421301e-07 -1.3883891e+12 -3.0578769 0
-38.6 -5.85759e-10 -3e-08 -2.38683 -0.76029319 -0.75056812 -0.009725066 6.4525268e-07 -1.3919953e+12 -3.0518005 0
-38.7 -5.83589e-10 -3e-08 -2.38115 -0.75925782 -0.74949094 -0.00976688 6.494317e-07 -1.3956015e+12 -3.0308831 0
-38.8 -5.83804e-10 -3e-08 -2.38404 -0.75878266 -0.74789754 -0.010885123 6.5343349e-07 -1.3992077e+12 -2.7125075 0
-38.9 -4.11153e-10 -3e-08 -2.38482 -0.75764819 -0.74700901 -0.010639181 6.5561584e-07 -1.4028139e+12 -2.7680773 0
-39 -6.17099e-10 -3e-08 -2.37603 -0.75665405 -0.74625053 -0.010403517 6.5579839e-07 -1.4064201e+12 -2.8235223 0
-39.1 -5.77652e-10 -3e-08 -2.37067 -0.72043806 -0.70973995 -0.010698109 6.2786669e-07 -1.4100263e+12 -2.738749 0
-39.2 -5.16725e-10 -3e-08 -2.37721 -0.68362352 -0.67377687 -0.009846648 5.9880373e-07 -1.4136325e+12 -2.9679838 0
-39.3 -4.97639e-10 -3e-08 -2.36909 -0.64779373 -0.63695455 -0.01083918 5.6738121e-07 -1.4172387e+12 -2.6893482 0
-39.4 -5.88107e-10 -3e-08 -2.36533 -0.61153953 -0.60077133 -0.010768199 5.3497074e-07 -1.4208449e+12 -2.7002049 0
-39.5 -6.54233e-10 -3e-08 -2.36315 -0.57501526 -0.56519073 -0.009824532 5.0128739e-07 -1.4244511e+12 -2.9520727 0
-39.6 -5.27763e-10 -3e-08 -2.36475 -0.53906008 -0.52935642 -0.009703656 4.6889655e-07 -1.4280573e+12 -2.9812983 0
-39.7 -5.65147e-10 -3e-08 -2.35212 -0.50304035 -0.49377053 -0.009269823 4.364861e-07 -1.4316635e+12 -3.1129637 0
-39.8 -5.57387e-10 -3e-08 -2.34724 -0.46736448 -0.4580457 -0.009318773 4.0421441e-07 -1.4352697e+12 -3.0888314 0
-39.9 -5.04351e-10 -3e-08 -2.3447 -0.43186296 -0.42227027 -0.009592691 3.7525804e-07 -1.438876e+12 -2.9931099 0
-40 -6.14071e-10 -3e-08 -2.33995 -0.39665318 -0.38623876 -0.010414424 3.4563229e-07 -1.4424822e+12 -2.7500511 0
